21864.86706318349, 21864.86706318349, 16498.443634509662, 16498.443634509662, 9403.267161697584, 9403.267161697584, 9403.267161697584, 9403.267161697584, 1661.632326096521, 1661.632326096521, 1661.632326096521, 1661.632326096521, 1661.632326096521, 1661.632326096521, 1661.632326096521, 648.3914671427827, 648.3914671427827, 648.3914671427827, 648.3914671427827, 461.54807846713277, 461.54807846713277, 461.54807846713277, 377.93620583181405, 342.72599979808854, 265.1298246241212, 265.1298246241212, 265.1298246241212, 265.1298246241212, 265.1298246241212, 265.1298246241212, 228.5866453029142, 228.5866453029142, 179.37275883470306, 179.37275883470306, 179.37275883470306, 168.03479010472103, 168.03479010472103, 144.13315785954944, 144.13315785954944, 144.13315785954944, 144.13315785954944, 144.13315785954944, 144.13315785954944, 144.13315785954944, 124.72613845560751, 124.72613845560751, 122.59170102707331, 122.59170102707331, 70.38741919820143, 70.38741919820143, 70.38741919820143, 70.38741919820143, 67.9530261641004, 67.9530261641004, 58.67453210070509, 58.67453210070509, 58.67453210070509, 58.67453210070509, 58.67453210070509, 58.67453210070509, 58.67453210070509, 58.67453210070509, 58.67453210070509, 58.67453210070509, 58.67453210070509, 55.14395747349581, 55.14395747349581, 55.14395747349581, 55.14395747349581, 55.14395747349581, 47.07757146968761, 47.07757146968761, 47.07757146968761, 47.07757146968761, 47.07757146968761, 47.07757146968761, 42.98180420882052, 42.98180420882052, 39.22033512959375, 39.22033512959375, 39.22033512959375, 39.22033512959375, 37.78084581286382, 36.02041397227636, 36.02041397227636, 33.07987337569351, 33.07987337569351, 33.07987337569351, 33.07987337569351, 33.07987337569351, 33.07987337569351, 85670.04237147068, 85670.04237147068, 163084.3867138662, 163084.3867138662, 364912.2156077246, 252858.11046486397, 271926.48412345897, 271926.48412345897, 349580.3905089478, 328672.0032491998, 436838.7005254778, 436838.7005254778, 436838.7005254778, 460752.0062087301, 450459.6694801933, 484064.17485896556, 544266.0917468778, 544266.0917468778, 545197.8787876861, 545197.8787876861, 546663.4326897813, 642049.6011975475, 642049.6011975475, 642049.6011975475, 658267.0650237525, 658267.0650237525, 658267.0650237525, 658267.0650237525, 704908.3796847328, 725361.124869874, 725361.124869874, 725361.124869874, 757437.176454634, 757437.176454634, 757437.176454634, 757437.176454634, 759414.1910566777, 796594.3531075137, 796594.3531075137, 796594.3531075137, 792375.9713091059, 792375.9713091059, 792375.9713091059, 792375.9713091059, 804928.1109802502, 804928.1109802502, 804928.1109802502, 804928.1109802502, 804928.1109802502, 804928.1109802502, 804928.1109802502, 804928.1109802502, 804928.1109802502, 804928.1109802502, 804928.1109802502, 804928.1109802502, 804928.1109802502, 804928.1109802502, 804928.1109802502, 804928.1109802502, 804928.1109802502, 804928.1109802502, 804928.1109802502, 804928.1109802502, 804928.1109802502, 804928.1109802502, 804928.1109802502, 804928.1109802502, 804928.1109802502, 804928.1109802502, 804928.1109802502, 804928.1109802502, 804928.1109802502, 804928.1109802502, 804928.1109802502, 804928.1109802502, 804928.1109802502, 804928.1109802502, 804928.1109802502, 804928.1109802502, 804928.1109802502, 804928.1109802502, 804928.1109802502, 804928.1109802502, 804928.1109802502, 804928.1109802502, 805151.0938424071, 809631.8510461166, 809631.8510461166, 809631.8510461166, 809631.8510461166, 809631.8510461166, 809631.8510461166, 809631.8510461166, 809631.8510461166, 809631.8510461166, 809631.8510461166, 809631.8510461166, 809631.8510461166, 809631.8510461166, 809631.8510461166, 809631.8510461166, 809631.8510461166, 809631.8510461166, 809631.8510461166, 809631.8510461166, 809631.8510461166, 809631.8510461166, 809631.8510461166, 809631.8510461166, 809631.8510461166, 809631.8510461166, 809631.8510461166, 809631.8510461166, 809631.8510461166, 809631.8510461166, 809631.8510461166, 809631.8510461166, 809631.8510461166, 809631.8510461166, 809631.8510461166, 809631.8510461166, 809631.8510461166, 809631.8510461166, 809631.8510461166, 809631.8510461166, 809631.8510461166, 809631.8510461166, 809631.8510461166, 809631.8510461166, 809631.8510461166, 809631.8510461166, 809631.8510461166, 809631.8510461166, 809631.8510461166, 810324.0, 810324.0, 810324.0, 810324.0, 810324.0, 810324.0, 810324.0, 810324.0, 810324.0, 810324.0, 810324.0, 810324.0, 810324.0, 810324.0, 810324.0, 810324.0, 810324.0, 810324.0, 810324.0, 810324.0, 810324.0, 810324.0, 810324.0, 810324.0, 810324.0, 810324.0, 810324.0, 810324.0, 810324.0, 810324.0, 810324.0, 810324.0, 810324.0, 810324.0, 810324.0, 810324.0, 810324.0, 810324.0, 810324.0, 810324.0, 810324.0, 810324.0, 810324.0, 810324.0, 810324.0, 810324.0, 810324.0, 810324.0, 810324.0, 810324.0, 810324.0, 810324.0, 810324.0, 810324.0, 810324.0, 810324.0, 810324.0, 810324.0, 810324.0, 810324.0, 810324.0, 810324.0, 810324.0, 810324.0, 810324.0, 810324.0, 810324.0, 810324.0, 810324.0, 810324.0, 810324.0, 810324.0, 810324.0, 810324.0, 810324.0, 810324.0, 810324.0, 810324.0, 810324.0, 810324.0, 810324.0, 810324.0, 810324.0, 810324.0, 810324.0, 810324.0, 810324.0, 810324.0, 810324.0, 810324.0, 810324.0, 810324.0, 810324.0, 810324.0, 810324.0, 810324.0, 810324.0, 810324.0, 810324.0, 810324.0, 810324.0, 810324.0, 810324.0, 810324.0, 810324.0, 810324.0, 810324.0, 810324.0, 810324.0, 810324.0, 810324.0, 810324.0, 810324.0, 810324.0, 810324.0, 810324.0, 810324.0, 810324.0, 810324.0, 810324.0, 810324.0, 810324.0, 810324.0, 810324.0, 810324.0, 810324.0, 810324.0, 810324.0, 810324.0, 810324.0, 810324.0, 810324.0, 810324.0, 810324.0, 810324.0, 810324.0, 810324.0, 810324.0, 810324.0, 810324.0, 810324.0, 810324.0, 810324.0, 810324.0, 810324.0, 810324.0, 810324.0, 810324.0, 810324.0, 810324.0, 810324.0, 810324.0, 810324.0, 810324.0, 810324.0, 810324.0, 810324.0, 810324.0, 810324.0, 810324.0, 810324.0, 810324.0, 810324.0, 810324.0, 810324.0, 810324.0, 810324.0, 810324.0, 810324.0, 810324.0, 810324.0, 810324.0, 810324.0, 810324.0, 810324.0, 810324.0, 810324.0, 810324.0, 810324.0, 810324.0, 810324.0, 810324.0, 810324.0, 810324.0, 810324.0, 810324.0, 810324.0, 810324.0, 810324.0, 810324.0, 810324.0, 810324.0, 810324.0, 810324.0, 810324.0, 810324.0, 810324.0, 810324.0, 810324.0, 810324.0, 810324.0, 810324.0, 810324.0, 810324.0, 810324.0, 810324.0, 810324.0, 810324.0, 810324.0, 810324.0, 810324.0, 810324.0, 810324.0, 810324.0, 810324.0, 810324.0, 810324.0, 810324.0, 810324.0, 810324.0, 810324.0, 810324.0, 810324.0, 810324.0, 810324.0, 810324.0, 810324.0, 810324.0, 810324.0, 810324.0, 810324.0, 810324.0, 810324.0, 810324.0, 810324.0, 810324.0, 810324.0, 810324.0, 810324.0, 810324.0, 810324.0, 810324.0, 810324.0, 810324.0, 810324.0, 810324.0, 810324.0, 810324.0, 810324.0, 810324.0, 810324.0, 810324.0, 810324.0, 810324.0, 810324.0, 810324.0, 810324.0, 810324.0, 810324.0, 810324.0, 810324.0, 810324.0, 810324.0, 810324.0, 810324.0, 810324.0, 810324.0, 810324.0, 810324.0, 810324.0, 810324.0, 810324.0, 810324.0, 810324.0, 810324.0, 810324.0, 810324.0, 810324.0, 810324.0, 810324.0, 810324.0, 810324.0, 810324.0, 810324.0, 810324.0, 810324.0, 810324.0, 810324.0, 810324.0, 810324.0, 810324.0, 810324.0, 810324.0, 810324.0, 810324.0, 810324.0, 810324.0, 810324.0, 810324.0, 810324.0, 810324.0, 810324.0, 810324.0, 810324.0, 810324.0, 810324.0, 810324.0, 810324.0, 810324.0, 810324.0, 810324.0, 810324.0, 810324.0, 810324.0, 810324.0, 810324.0, 810324.0, 810324.0, 810324.0, 810324.0, 810324.0, 810324.0, 810324.0, 810324.0, 810324.0, 810324.0, 810324.0, 810324.0, 810324.0, 810324.0, 810324.0, 810324.0, 810324.0, 810324.0, 810324.0, 810324.0, 810324.0, 810324.0, 810324.0, 810324.0, 810324.0, 810324.0, 810324.0, 810324.0, 810324.0, 810324.0, 810324.0, 810324.0, 810324.0, 810324.0, 810324.0, 810324.0, 810324.0, 810324.0, 810324.0, 810324.0, 810324.0, 810324.0, 810324.0, 810324.0, 810324.0, 810324.0, 810324.0, 810324.0, 810324.0, 810324.0, 810324.0, 810324.0, 810324.0, 810324.0, 810324.0, 810324.0, 810324.0, 810324.0, 810324.0, 810324.0, 810324.0, 810324.0, 810324.0, 810324.0, 810324.0, 810324.0, 810324.0, 810324.0, 810324.0, 810324.0, 810324.0, 810324.0, 810324.0, 810324.0, 810324.0, 810324.0, 810324.0, 810324.0, 810324.0, 810324.0, 810324.0, 810324.0, 810324.0, 810324.0, 810324.0, 810324.0, 810324.0, 810324.0, 810324.0, 810324.0, 810324.0, 810324.0, 810324.0, 810324.0, 810324.0, 810324.0, 810324.0, 810324.0, 810324.0, 810324.0, 810324.0, 810324.0, 810324.0, 810324.0, 810324.0, 810324.0, 810324.0, 810324.0, 810324.0, 810324.0, 810324.0, 810324.0, 810324.0, 810324.0, 810324.0, 810324.0, 810324.0, 810324.0, 810324.0, 810324.0, 810324.0, 810324.0, 810324.0, 810324.0, 810324.0, 810324.0, 810324.0, 810324.0, 810324.0, 810324.0, 810324.0, 810324.0, 810324.0, 810324.0, 810324.0, 810324.0, 810324.0, 810324.0, 810324.0, 804891.6819281839, 804891.6819281839, 804891.6819281839, 804891.6819281839, 804891.6819281839, 804891.6819281839, 804891.6819281839, 804891.6819281839, 804891.6819281839, 804891.6819281839, 804891.6819281839, 804891.6819281839, 804891.6819281839, 804891.6819281839, 804891.6819281839, 804891.6819281839, 804891.6819281839, 804891.6819281839, 804891.6819281839, 804891.6819281839, 804891.6819281839, 804891.6819281839, 804891.6819281839, 804891.6819281839, 804891.6819281839, 804891.6819281839, 804891.6819281839, 804891.6819281839, 804891.6819281839, 804891.6819281839, 804891.6819281839, 804891.6819281839, 804891.6819281839, 804891.6819281839, 804891.6819281839, 804891.6819281839, 804891.6819281839, 804891.6819281839, 804891.6819281839, 804891.6819281839, 804891.6819281839, 804891.6819281839, 805896.9447815516, 806144.3190592421, 807001.8050529351, 807001.8050529351, 807001.8050529351, 807001.8050529351, 807001.8050529351, 807001.8050529351, 807001.8050529351, 807001.8050529351, 807001.8050529351, 807001.8050529351, 807001.8050529351, 807001.8050529351, 807001.8050529351, 807001.8050529351, 807001.8050529351, 807001.8050529351, 807001.8050529351, 807001.8050529351, 807001.8050529351, 807001.8050529351, 807001.8050529351, 807001.8050529351, 807001.8050529351, 807001.8050529351, 807001.8050529351, 807001.8050529351, 807001.8050529351, 807001.8050529351, 807001.8050529351, 807001.8050529351, 807001.8050529351, 807001.8050529351, 807001.8050529351, 807001.8050529351, 807001.8050529351, 808455.0281296244, 810324.0, 810324.0, 810324.0, 810324.0, 810324.0, 810324.0, 810324.0, 810324.0, 810324.0, 810324.0, 810324.0, 810324.0, 810324.0, 810324.0, 810324.0, 810324.0, 810324.0, 810324.0, 810324.0, 810324.0, 810324.0, 810324.0, 810324.0, 810324.0, 810324.0, 810324.0, 810324.0, 810324.0, 810324.0, 810324.0, 810324.0, 810324.0, 810324.0, 810324.0, 810324.0, 810324.0, 810324.0, 810324.0, 810324.0, 810324.0, 810324.0, 810324.0, 810324.0, 810324.0, 810324.0, 810324.0, 810324.0, 810324.0, 810324.0, 810324.0, 810324.0, 810324.0, 810324.0, 810324.0, 810324.0, 810324.0, 810324.0, 810324.0, 810324.0, 810324.0, 810324.0, 810324.0, 810324.0, 810324.0, 810324.0, 810324.0, 810324.0, 810324.0, 810324.0, 810324.0, 810324.0, 810324.0, 810324.0, 810324.0, 810324.0, 810324.0, 810324.0, 810324.0, 810324.0, 810324.0, 810324.0, 810324.0, 810324.0, 810324.0, 810324.0, 810324.0, 810324.0, 810324.0, 810324.0, 810324.0, 810324.0, 810324.0, 810324.0, 810324.0, 810324.0, 810324.0, 810324.0, 810324.0, 810324.0, 810324.0, 810324.0, 810324.0, 810324.0, 810324.0, 810324.0, 810324.0, 810324.0, 810324.0, 810324.0, 810324.0, 810324.0, 810324.0, 810324.0, 810324.0, 810324.0, 810324.0, 810324.0, 810324.0, 810324.0, 810324.0, 810324.0, 810324.0, 810324.0, 810324.0, 810324.0, 810324.0, 810324.0, 810324.0, 810324.0, 810324.0, 810324.0, 810324.0, 810324.0, 810324.0, 810324.0, 810324.0, 810324.0, 810324.0, 810324.0, 810324.0, 810324.0, 810324.0, 810324.0, 810324.0, 810324.0, 810324.0, 810324.0, 810324.0, 810324.0, 810324.0, 810324.0, 810324.0, 810324.0, 810324.0, 810324.0, 810324.0, 810324.0, 810324.0, 810324.0, 810324.0, 810324.0, 810324.0, 810324.0, 810324.0, 810324.0, 810324.0, 810324.0, 810324.0, 810324.0, 810324.0, 810324.0, 810324.0, 810324.0, 810324.0, 810324.0, 810324.0, 810324.0, 810324.0, 810324.0, 810324.0, 810324.0, 810324.0, 810324.0, 810324.0, 810324.0, 810324.0, 810324.0, 810324.0, 810324.0, 810324.0, 810324.0, 810324.0, 809839.3998705841, 809839.3998705841, 809839.3998705841, 809839.3998705841, 809839.3998705841, 809839.3998705841, 809839.3998705841, 809839.3998705841, 809839.3998705841, 809839.3998705841, 809839.3998705841, 809839.3998705841, 809839.3998705841, 809839.3998705841, 809839.3998705841, 809839.3998705841, 809839.3998705841, 809839.3998705841, 809839.3998705841, 809839.3998705841, 809839.3998705841, 809839.3998705841, 809839.3998705841, 809839.3998705841, 809839.3998705841, 809839.3998705841, 809839.3998705841, 809839.3998705841, 809839.3998705841, 809839.3998705841, 810324.0, 810324.0, 810324.0, 810324.0, 810324.0, 810324.0, 810324.0, 810324.0, 810324.0, 810324.0, 810324.0, 810324.0, 810324.0, 810324.0, 810324.0, 810324.0, 810324.0, 810324.0, 810324.0, 810324.0, 810324.0, 810324.0, 810324.0, 810324.0, 810324.0, 810324.0, 810324.0, 810324.0, 810324.0, 810324.0, 810324.0, 810324.0, 810324.0, 810324.0, 810324.0, 810324.0, 810324.0, 810324.0, 810324.0, 810324.0, 810324.0, 810324.0, 810324.0, 810324.0, 810324.0, 810324.0, 810324.0, 810324.0, 810324.0, 810324.0, 810324.0, 810324.0, 810324.0, 810324.0, 810324.0, 810324.0, 810324.0, 810324.0, 810324.0, 810324.0, 810324.0, 810324.0, 810324.0, 810324.0, 810324.0, 810324.0, 810324.0, 810324.0, 810324.0, 810324.0, 810324.0, 810324.0, 810324.0, 810324.0, 810324.0, 810324.0, 810324.0, 810324.0, 810324.0, 810324.0, 810324.0, 810324.0, 810324.0, 810324.0, 810324.0, 810324.0, 810324.0, 810324.0, 810324.0, 810324.0, 810324.0, 810324.0, 810324.0, 810324.0, 810324.0, 810324.0, 810324.0, 810324.0, 810324.0, 810324.0, 810324.0, 810324.0, 810324.0, 810324.0, 810324.0, 810324.0, 810324.0, 810324.0, 810324.0, 810324.0, 810324.0, 810324.0, 810324.0, 810324.0, 810324.0, 810324.0, 810324.0, 810324.0, 810324.0, 810324.0, 810324.0, 810324.0, 810324.0, 810324.0, 810324.0, 810324.0, 810324.0, 810324.0, 810324.0, 810324.0, 810324.0, 810324.0, 810324.0, 810324.0, 810324.0, 810324.0, 810324.0, 810324.0, 810324.0, 810324.0, 810324.0, 810324.0, 810324.0, 810324.0, 810324.0, 810324.0, 810324.0, 810324.0, 810324.0, 810324.0, 810324.0, 810324.0, 810324.0, 810324.0, 810324.0, 810324.0, 810324.0, 810324.0, 810324.0, 810324.0, 810324.0, 810324.0, 810324.0, 810324.0, 810324.0, 810324.0, 810324.0, 810324.0, 810324.0, 810324.0, 810324.0, 810324.0, 810324.0, 810324.0, 810324.0, 810324.0, 810324.0, 810324.0, 810324.0, 810324.0, 810324.0, 810324.0, 810324.0, 810324.0, 810324.0, 810324.0, 810324.0, 810324.0, 810324.0, 810324.0, 810324.0, 810324.0, 810324.0, 810324.0, 810324.0, 810324.0, 810324.0, 810324.0, 810324.0, 810324.0, 810324.0, 810324.0, 810324.0, 810324.0, 810324.0, 810324.0, 810324.0, 810324.0, 810324.0, 810324.0, 810324.0, 810324.0, 810324.0, 810324.0, 810324.0, 810324.0, 810324.0, 810324.0, 810324.0, 810324.0, 810324.0, 810324.0, 810324.0, 810324.0, 810324.0, 810324.0, 810324.0, 810324.0, 810324.0, 810324.0, 810324.0, 810324.0, 810324.0, 810324.0, 810324.0, 810324.0, 810324.0, 810324.0, 810324.0, 810324.0, 810324.0, 810324.0, 810324.0, 810324.0, 810324.0, 810324.0, 810324.0, 810324.0, 810324.0, 810324.0, 810324.0, 810324.0, 810324.0, 810324.0, 810324.0, 810324.0, 810324.0, 810324.0, 810324.0, 810324.0, 810324.0, 810324.0, 810324.0, 810324.0, 810324.0, 810324.0, 810324.0, 810324.0, 810324.0, 810324.0, 810324.0, 810324.0, 810324.0, 810324.0, 810324.0, 810324.0, 810324.0, 810324.0, 810324.0, 810324.0, 810324.0, 810324.0, 810324.0, 810324.0, 810324.0, 810324.0, 810324.0, 810324.0, 810324.0, 810324.0, 810324.0, 810324.0, 810324.0, 810324.0, 810324.0, 810324.0, 810324.0, 810324.0, 810324.0, 810324.0, 810324.0, 810324.0, 810324.0, 810324.0, 810324.0, 810324.0, 810324.0, 810324.0, 810324.0, 810324.0, 810324.0, 810324.0, 810324.0, 810324.0, 810324.0, 810324.0, 810324.0, 810324.0, 810324.0, 810324.0, 810324.0, 810324.0, 810324.0, 810324.0, 810324.0, 810324.0, 810324.0, 810324.0, 810324.0, 810324.0, 810324.0, 810324.0, 810324.0, 810324.0, 810324.0, 810324.0, 810324.0, 810324.0, 810324.0, 810324.0, 810324.0, 810324.0, 810324.0, 810324.0, 810324.0, 810324.0, 810324.0, 810324.0, 810324.0, 810324.0, 810324.0, 810324.0, 810324.0, 810324.0, 810324.0, 810324.0, 810324.0, 810324.0, 810324.0, 810324.0, 810324.0, 810324.0, 810324.0, 810324.0, 810324.0, 810324.0, 810324.0, 810324.0, 810324.0, 810324.0, 810324.0, 810324.0, 810324.0, 810324.0, 810324.0, 810324.0, 810324.0, 810324.0, 810324.0, 810324.0, 810324.0, 810324.0, 810324.0, 810324.0, 810324.0, 810324.0, 810324.0, 810324.0, 810324.0, 810324.0, 810324.0, 810324.0, 810324.0, 810324.0, 810324.0, 810324.0, 810324.0, 810324.0, 810324.0, 810324.0, 810324.0, 810324.0, 810324.0, 810324.0, 810324.0, 810324.0, 810324.0, 810324.0, 810324.0, 810324.0, 810324.0, 810324.0, 810324.0, 810324.0, 810324.0, 810324.0, 810324.0, 810324.0, 810324.0, 810324.0, 810324.0, 810324.0, 810324.0, 810324.0, 810324.0, 810324.0, 810324.0, 810324.0, 810324.0, 810324.0, 810324.0, 810324.0, 810324.0, 810324.0, 810324.0, 810324.0, 810324.0, 810324.0, 810324.0, 810324.0, 810324.0, 810324.0, 810324.0, 810324.0, 810324.0, 810324.0, 810324.0, 810324.0, 810324.0, 810324.0, 810324.0, 810324.0, 810324.0, 810324.0, 810324.0, 810324.0, 810324.0, 810324.0, 810324.0, 810324.0, 810324.0, 810324.0, 810324.0, 810324.0, 810324.0, 810324.0, 810324.0, 810324.0, 810324.0, 810324.0, 810324.0, 810324.0, 810324.0, 810324.0, 810324.0, 810324.0, 810324.0, 810324.0, 810324.0, 810324.0, 810324.0, 810324.0, 810324.0, 810324.0, 810324.0, 810324.0, 810324.0, 810324.0, 810324.0, 810324.0, 810324.0, 810324.0, 810324.0, 810324.0, 810324.0, 810324.0, 810324.0, 810324.0, 810324.0, 810324.0, 810324.0, 810324.0, 810324.0, 810324.0, 810324.0, 810324.0, 810324.0, 810324.0, 810324.0, 810324.0, 810324.0, 810324.0, 810324.0, 810324.0, 810324.0, 810324.0, 810324.0, 810324.0, 810324.0, 810324.0, 810324.0, 810324.0, 810324.0, 810324.0, 810324.0, 810324.0, 810324.0, 810324.0, 810324.0, 810324.0, 810324.0, 810324.0, 810324.0, 810324.0, 810324.0, 810324.0, 810324.0, 810324.0, 810324.0, 810324.0, 810324.0, 810324.0, 810324.0, 810324.0, 810324.0, 810324.0, 810324.0, 810324.0, 810324.0, 810324.0, 810324.0, 810324.0, 810324.0, 810324.0, 810324.0, 810324.0, 810324.0, 810324.0, 810324.0, 810324.0, 810324.0, 810324.0, 810324.0, 810324.0, 810324.0, 810324.0, 810324.0, 810324.0, 810324.0, 810324.0, 810324.0, 810324.0, 810324.0, 810324.0, 810324.0, 810324.0, 810324.0, 810324.0, 810324.0, 810324.0, 810324.0, 810324.0, 810324.0, 810324.0, 810324.0, 810324.0, 810324.0, 810324.0, 810324.0, 810324.0, 810324.0, 810324.0, 810324.0, 810324.0, 810324.0, 810324.0, 810324.0, 810324.0, 810324.0, 810324.0, 810324.0, 810324.0, 810324.0, 810324.0, 810324.0, 810324.0, 810324.0, 810324.0, 810324.0, 810324.0, 810324.0, 810324.0, 810324.0, 810324.0, 810324.0, 810324.0, 810324.0, 810324.0, 810324.0, 810324.0, 810324.0, 810324.0, 810324.0, 810324.0, 810324.0, 810324.0, 810324.0, 810324.0, 810324.0, 810324.0, 810324.0, 810324.0, 810324.0, 810324.0, 810324.0, 810324.0, 810324.0, 810324.0, 810324.0, 810324.0, 810324.0, 810324.0, 810324.0, 810324.0, 810324.0, 810324.0, 810324.0, 810324.0, 810324.0, 810324.0, 810324.0, 810324.0, 810324.0, 810324.0, 810324.0, 810324.0, 810324.0, 810324.0, 810324.0, 810324.0, 810324.0, 810324.0, 810324.0, 810324.0, 810324.0, 810324.0, 810324.0, 810324.0, 810324.0, 810324.0, 810324.0, 810324.0, 810324.0, 810324.0, 810324.0, 810324.0, 810324.0, 810324.0, 810324.0, 810324.0, 810324.0, 810324.0, 810324.0, 810324.0, 810324.0, 810324.0, 810324.0, 810324.0, 810324.0, 810324.0, 810324.0, 810324.0, 810324.0, 810324.0, 810324.0, 810324.0, 810324.0, 810324.0, 810324.0, 810324.0, 810324.0, 810324.0, 810324.0, 810324.0, 810324.0, 810324.0, 810324.0, 810324.0, 810324.0, 810324.0, 810324.0, 810324.0, 810324.0, 810324.0, 810324.0, 810324.0, 810324.0, 810324.0, 810324.0, 810324.0, 810324.0, 810324.0, 810324.0, 810324.0, 810324.0, 810324.0, 810324.0, 810324.0, 810324.0, 810324.0, 810324.0, 810324.0, 810324.0, 810324.0, 810324.0, 810324.0, 810324.0, 810324.0, 810324.0, 810324.0, 810324.0, 810324.0, 810324.0, 810324.0, 810324.0, 810324.0, 810324.0, 810324.0, 810324.0, 810324.0, 810324.0, 810324.0, 810324.0, 810324.0, 810324.0, 810324.0, 810324.0, 810324.0, 810324.0, 810324.0, 810324.0, 810324.0, 810324.0, 810324.0, 810324.0, 810324.0, 810324.0, 810324.0, 810324.0, 810324.0, 810324.0, 810324.0, 810324.0, 810324.0, 810324.0, 810324.0, 810324.0, 810324.0, 810324.0, 810324.0, 810324.0, 810324.0, 810324.0, 810324.0, 810324.0, 810324.0, 810324.0, 810324.0, 810324.0, 810324.0, 810324.0, 810324.0, 810324.0, 810324.0, 810324.0, 810324.0, 810324.0, 810324.0, 810324.0, 810324.0, 810324.0, 810324.0, 810324.0, 810324.0, 810324.0, 810324.0, 810324.0, 810324.0, 810324.0, 810324.0, 810324.0, 810324.0, 810324.0, 810324.0, 810324.0, 810324.0, 810324.0, 810324.0, 810324.0, 810324.0, 810324.0, 810324.0, 810324.0, 810324.0, 810324.0, 810324.0, 810324.0, 810324.0, 810324.0, 810324.0, 810324.0, 810324.0, 810324.0, 810324.0, 810324.0, 810324.0, 810324.0, 810324.0, 810324.0, 810324.0, 810324.0, 810324.0, 810324.0, 810324.0, 810324.0, 810324.0, 810324.0, 810324.0, 810324.0, 810324.0, 810324.0, 810324.0, 810324.0, 810324.0, 810324.0, 810324.0, 810324.0, 810324.0, 810324.0, 810324.0, 810324.0, 810324.0, 810324.0, 810324.0, 810324.0, 810324.0, 810324.0, 810324.0, 810324.0, 810324.0, 810324.0, 810324.0, 810324.0, 810324.0, 810324.0, 810324.0, 810324.0, 810324.0, 788635.7432060272, 788635.7432060272, 788635.7432060272, 788635.7432060272, 788635.7432060272, 788635.7432060272, 788635.7432060272, 788635.7432060272, 788635.7432060272, 788635.7432060272, 788635.7432060272, 788635.7432060272, 788635.7432060272, 788635.7432060272, 788635.7432060272, 788635.7432060272, 788635.7432060272, 788635.7432060272, 788635.7432060272, 788635.7432060272, 788635.7432060272, 788635.7432060272, 788635.7432060272, 788635.7432060272, 788635.7432060272, 788635.7432060272, 788635.7432060272, 788635.7432060272, 788635.7432060272, 788635.7432060272, 788635.7432060272, 788635.7432060272, 808956.637347935, 808956.637347935, 808956.637347935, 809922.3556108731, 809922.3556108731, 809922.3556108731, 809922.3556108731, 809922.3556108731, 809922.3556108731, 809922.3556108731, 809922.3556108731, 809922.3556108731, 809922.3556108731, 809922.3556108731, 809922.3556108731, 809922.3556108731, 809922.3556108731, 809922.3556108731, 809922.3556108731, 809922.3556108731, 809922.3556108731, 809922.3556108731, 809922.3556108731, 809922.3556108731, 809922.3556108731, 809922.3556108731, 809922.3556108731, 809922.3556108731, 809922.3556108731, 809922.3556108731, 809922.3556108731, 809922.3556108731, 809922.3556108731, 809922.3556108731, 809922.3556108731, 809922.3556108731, 809922.3556108731, 809922.3556108731, 809922.3556108731, 809922.3556108731, 809922.3556108731, 809922.3556108731, 809922.3556108731, 809922.3556108731, 809922.3556108731, 809922.3556108731, 809922.3556108731, 809922.3556108731, 809922.3556108731, 809922.3556108731, 810212.1367453795, 810212.1367453795, 810212.1367453795, 810212.1367453795, 810212.1367453795, 810212.1367453795, 810212.1367453795, 810212.1367453795, 810324.0, 810324.0, 810324.0, 810324.0, 810324.0, 810324.0, 810324.0, 810324.0, 810324.0, 810324.0, 810324.0, 810324.0, 810324.0, 810324.0, 810324.0, 810324.0, 810324.0, 810324.0, 810324.0, 810324.0, 810324.0, 810324.0, 810324.0, 810324.0, 810324.0, 810324.0, 810324.0, 810324.0, 810324.0, 810324.0, 810324.0, 810324.0, 810324.0, 810324.0, 810324.0, 810324.0, 810324.0, 810324.0, 810324.0, 810324.0, 810324.0, 810324.0, 810324.0, 810324.0, 810324.0, 810324.0, 810324.0, 810324.0, 810324.0, 810324.0, 810324.0, 810324.0, 810324.0, 810324.0, 810324.0, 810324.0, 810324.0, 810324.0, 810324.0, 810324.0, 810324.0, 810324.0, 810324.0, 810324.0, 810324.0, 810324.0, 810324.0, 810324.0, 810324.0, 810324.0, 810324.0, 810324.0, 810324.0, 810324.0, 810324.0, 810324.0, 810324.0, 810324.0, 810324.0, 810324.0, 810324.0, 810324.0, 810324.0, 810324.0, 810324.0, 810324.0, 810324.0, 810324.0, 810324.0, 810324.0, 810324.0, 810324.0, 810324.0, 810324.0, 810324.0, 810324.0, 810324.0, 810324.0, 810324.0, 810324.0, 810324.0, 810324.0, 810324.0, 810324.0, 810324.0, 810324.0, 810324.0, 810324.0, 810324.0, 810324.0, 810324.0, 810324.0, 810324.0, 810324.0, 810324.0, 810324.0, 810324.0, 810324.0, 810324.0, 810324.0, 810324.0, 810324.0, 810324.0, 810324.0, 810324.0, 810324.0, 810324.0, 810324.0, 810324.0, 810324.0, 810324.0, 810324.0, 810324.0, 810324.0, 810324.0, 810324.0, 810324.0, 810324.0, 810324.0, 810324.0, 810324.0, 810324.0, 810324.0, 810324.0, 810324.0, 810324.0, 810324.0, 810324.0, 810324.0, 810324.0, 810324.0, 810324.0, 810324.0, 810324.0, 810324.0, 810324.0, 810324.0, 810324.0, 810324.0, 810324.0, 810324.0, 810324.0, 810324.0, 810324.0, 810324.0, 810324.0, 810324.0, 810324.0, 810324.0, 810324.0, 810324.0, 810324.0, 810324.0, 810324.0, 810324.0, 810324.0, 810324.0, 810324.0, 810324.0, 810324.0, 810324.0, 810324.0, 810324.0, 810324.0, 810324.0, 810324.0, 810324.0, 810324.0, 810324.0, 810324.0, 810324.0, 810324.0, 810324.0, 810324.0, 810324.0, 810324.0, 810324.0, 810324.0, 810324.0, 810324.0, 810324.0, 810324.0, 810324.0, 810324.0, 810324.0, 810324.0, 810324.0, 810324.0, 810324.0, 810324.0, 810324.0, 810324.0, 810324.0, 810324.0, 810324.0, 810324.0, 810324.0, 810324.0, 810324.0, 810324.0, 810324.0, 810324.0, 810324.0, 810324.0, 810324.0, 810324.0, 810324.0, 810324.0, 810324.0, 810324.0, 810324.0, 810324.0, 810324.0, 810324.0, 810324.0, 810324.0, 810324.0, 810324.0, 810324.0, 810324.0, 810324.0, 810324.0, 810324.0, 810324.0, 810324.0, 810324.0, 810324.0, 810324.0, 810324.0, 810324.0, 810324.0, 810324.0, 810324.0, 810324.0, 810324.0, 810324.0, 810324.0, 810324.0, 810324.0, 810324.0, 810324.0, 810324.0, 810324.0, 810324.0, 810324.0, 810324.0, 810324.0, 810324.0, 810324.0, 810324.0, 810324.0, 810324.0, 810324.0, 810324.0, 810324.0, 810324.0, 810324.0, 810324.0, 810324.0, 810324.0, 810324.0, 810324.0, 810324.0, 810324.0, 810324.0, 810324.0, 810324.0, 810324.0, 810324.0, 810324.0, 810324.0, 810324.0, 810324.0, 810324.0, 810324.0, 810324.0, 810324.0, 810324.0, 810324.0, 810324.0, 810324.0, 810324.0, 810324.0, 810324.0, 810324.0, 810324.0, 810324.0, 810324.0, 810324.0, 810324.0, 810324.0, 810324.0, 810324.0, 810324.0, 810324.0, 810324.0, 810324.0, 810324.0, 810324.0, 810324.0, 810324.0, 810324.0, 810324.0, 810324.0, 810324.0, 810324.0, 810324.0, 810324.0, 810324.0, 810324.0, 810324.0, 810324.0, 810324.0, 810324.0, 810324.0, 810324.0, 810324.0, 810324.0, 810324.0, 810324.0, 810324.0, 810324.0, 810324.0, 810324.0, 810324.0, 810324.0, 810324.0, 810324.0, 810324.0, 810324.0, 810324.0, 810324.0, 810324.0, 810324.0, 810324.0, 810324.0, 810324.0, 810324.0, 810324.0, 810324.0, 810324.0, 810324.0, 810324.0, 810324.0, 810324.0, 810324.0, 810324.0, 810324.0, 810324.0, 810324.0, 810324.0, 810324.0, 810324.0, 810324.0, 810324.0, 810324.0, 810324.0, 810324.0, 810324.0, 810324.0, 810324.0, 810324.0, 810324.0, 810324.0, 810324.0, 810324.0, 810324.0, 810324.0, 810324.0, 810324.0, 810324.0, 810324.0, 810324.0, 810324.0, 810324.0, 810324.0, 810324.0, 810324.0, 810324.0, 810324.0, 810324.0, 810324.0, 810324.0, 810324.0, 810324.0, 810324.0, 810324.0, 810324.0, 810324.0, 810324.0, 810324.0, 810324.0, 810324.0, 810324.0, 810324.0, 810324.0, 810324.0, 810324.0, 810324.0, 810324.0, 810324.0, 810324.0, 810324.0, 810324.0, 810324.0, 810324.0, 810324.0, 810324.0, 810324.0, 810324.0, 810324.0, 810324.0, 810324.0, 810324.0, 810324.0, 810324.0, 810324.0, 810324.0, 810324.0, 810324.0, 810324.0, 810324.0, 810324.0, 810324.0, 810324.0, 810324.0, 810324.0, 810324.0, 810324.0, 810324.0, 810324.0, 810324.0, 810324.0, 810324.0, 810324.0, 810324.0, 810324.0, 810324.0, 810324.0, 810324.0, 810324.0, 810324.0, 810324.0, 810324.0, 810324.0, 810324.0, 810324.0, 810324.0, 810324.0, 810324.0, 810324.0, 810324.0, 810324.0, 810324.0, 810324.0, 810324.0, 810324.0, 810324.0, 810324.0, 810324.0, 810324.0, 810324.0, 810324.0, 810324.0, 810324.0, 810324.0, 810324.0, 810324.0, 810324.0, 810324.0, 810324.0, 810324.0, 810324.0, 810324.0, 810324.0, 810324.0, 810324.0, 810324.0, 810324.0, 810324.0, 810324.0, 810324.0, 810324.0, 810324.0, 810324.0, 810324.0, 810324.0, 810324.0, 810324.0, 810324.0, 810324.0, 810324.0, 810324.0, 810324.0, 810324.0, 810324.0, 810324.0, 810324.0, 810324.0, 810324.0, 810324.0, 810324.0, 810324.0, 810324.0, 810324.0, 810324.0, 810324.0, 810324.0, 810324.0, 810324.0, 810324.0, 810324.0, 810324.0, 810324.0, 810324.0, 810324.0, 810324.0, 810324.0, 810324.0, 810324.0, 810324.0, 810324.0, 810324.0, 810324.0, 810324.0, 810324.0, 810324.0, 810324.0, 810324.0, 810324.0, 810324.0, 810324.0, 810324.0, 810324.0, 810324.0, 810324.0, 810324.0, 810324.0, 810324.0, 810324.0, 810324.0, 810324.0, 810324.0, 810324.0, 810324.0, 810324.0, 810324.0, 810324.0, 810324.0, 810324.0, 810324.0, 810324.0, 810324.0, 810324.0, 810324.0, 810324.0, 810324.0, 810324.0, 810324.0, 810324.0, 810324.0, 810324.0, 810324.0, 810324.0, 810324.0, 810324.0, 810324.0, 810324.0, 810324.0, 810324.0, 810324.0, 810324.0, 810324.0, 810324.0, 810324.0, 810324.0, 810324.0, 810324.0, 810324.0, 810324.0, 810324.0, 810324.0, 810324.0, 810324.0, 810324.0, 810324.0, 810324.0, 810324.0, 810324.0, 810324.0, 810324.0, 810324.0, 810324.0, 810324.0, 810324.0, 810324.0, 810324.0, 810324.0, 810324.0, 810324.0, 810324.0, 810324.0, 810324.0, 810324.0, 810324.0, 810324.0, 810324.0, 810324.0, 810324.0, 810324.0, 810324.0, 810324.0, 810324.0, 810324.0, 810324.0, 810324.0, 810324.0, 810324.0, 810324.0, 810324.0, 810324.0, 810324.0, 810324.0, 810324.0, 810324.0, 810324.0, 810324.0, 810324.0, 810324.0, 810324.0, 810324.0, 810324.0, 810324.0, 810324.0, 810324.0, 810324.0, 810324.0, 810324.0, 810324.0, 810324.0, 810324.0, 810324.0, 810324.0, 810324.0, 810324.0, 810324.0, 810324.0, 810324.0, 810324.0, 810324.0, 810324.0, 810324.0, 810324.0, 810324.0, 810324.0, 810324.0, 810324.0, 810324.0, 810324.0, 810324.0, 810324.0, 810324.0, 810324.0, 810324.0, 810324.0, 810324.0, 810324.0, 810324.0, 810324.0, 810324.0, 810324.0, 810324.0, 810324.0, 810324.0, 810324.0, 810324.0, 810324.0, 810324.0, 810324.0, 810324.0, 810324.0, 810324.0, 810324.0, 810324.0, 810324.0, 810324.0, 810324.0, 810324.0, 810324.0, 810324.0, 810324.0, 810324.0, 810324.0, 810324.0, 810324.0, 810324.0, 810324.0, 810324.0, 810324.0, 810324.0, 810324.0, 810324.0, 810324.0, 810324.0, 810324.0, 810324.0, 810324.0, 810324.0, 810324.0, 810324.0, 810324.0, 810324.0, 810324.0, 810324.0, 810324.0, 810324.0, 810324.0, 810324.0, 810324.0, 810324.0, 810324.0, 810324.0, 810324.0, 810324.0, 810324.0, 810324.0, 810324.0, 810324.0, 810324.0, 810324.0, 810324.0, 810324.0, 810324.0, 810324.0, 810324.0, 810324.0, 810324.0, 810324.0, 810324.0, 810324.0, 810324.0, 810324.0, 810324.0, 810324.0, 810324.0, 810324.0, 810324.0, 810324.0, 810324.0, 810324.0, 810324.0, 810324.0, 810324.0, 809314.159007214, 809314.159007214, 809314.159007214, 809314.159007214, 809314.159007214, 809314.159007214, 809314.159007214, 809314.159007214, 809314.159007214, 809314.159007214, 809314.159007214, 809314.159007214, 809314.159007214, 809314.159007214, 809314.159007214, 809314.159007214, 809314.159007214, 809314.159007214, 809314.159007214, 809314.159007214, 809314.159007214, 809314.159007214, 809314.159007214, 809314.159007214, 809314.159007214, 809314.159007214, 809314.159007214, 809314.159007214, 809314.159007214, 809314.159007214, 809314.159007214, 809314.159007214, 809314.159007214, 809314.159007214, 809314.159007214, 810324.0, 810324.0, 810324.0, 810324.0, 810324.0, 810324.0, 810324.0, 810324.0, 810324.0, 810324.0, 810324.0, 810324.0, 810324.0, 810324.0, 810324.0, 810324.0, 810324.0, 810324.0, 810324.0, 810324.0, 810324.0, 810324.0, 810324.0, 810324.0, 810324.0, 810324.0, 810324.0, 810324.0, 810324.0, 810324.0, 810324.0, 810324.0, 810324.0, 810324.0, 810324.0, 810324.0, 810324.0, 810324.0, 810324.0, 810324.0, 810324.0, 810324.0, 810324.0, 810324.0, 810324.0, 810324.0, 810324.0, 810324.0, 810324.0, 810324.0, 810324.0, 810324.0, 810324.0, 810324.0, 810324.0, 810324.0, 810324.0, 810324.0, 810324.0, 810324.0, 810324.0, 810324.0, 810324.0, 810324.0, 810324.0, 810324.0, 810324.0, 810324.0, 810324.0, 810324.0, 810324.0, 810324.0, 810324.0, 810324.0, 810324.0, 810324.0, 810324.0, 810324.0, 810324.0, 810324.0, 810324.0, 810324.0, 810324.0, 810324.0, 810324.0, 810324.0, 810324.0, 810324.0, 810324.0, 810324.0, 810324.0, 810324.0, 810324.0, 810324.0, 810324.0, 810324.0, 810324.0, 810324.0, 810324.0, 810324.0, 810324.0, 810324.0, 810324.0, 810324.0, 810324.0, 810324.0, 810324.0, 810324.0, 810324.0, 810324.0, 810324.0, 810324.0, 810324.0, 810324.0, 810324.0, 810324.0, 810324.0, 810324.0, 810324.0, 810324.0, 810324.0, 810324.0, 810324.0, 810324.0, 810324.0, 810324.0, 810324.0, 810324.0, 810324.0, 810324.0, 810324.0, 810324.0, 810324.0, 810324.0, 810324.0, 810324.0, 810324.0, 810324.0, 810324.0, 810324.0, 810324.0, 810324.0, 810324.0, 810324.0, 810324.0, 810324.0, 810324.0, 810324.0, 810324.0, 810324.0, 810324.0, 810324.0, 810324.0, 810324.0, 810324.0, 810324.0, 810324.0, 810324.0, 810324.0, 810324.0, 810324.0, 810324.0, 810324.0, 810324.0, 810324.0, 810324.0, 810324.0, 810324.0, 810324.0, 810324.0, 810324.0, 810324.0, 810324.0, 810324.0, 810324.0, 810324.0, 810324.0, 810324.0, 810324.0, 810324.0, 810324.0, 810324.0, 810324.0, 810324.0, 810324.0, 810324.0, 810324.0, 810324.0, 810324.0, 810324.0, 810324.0, 810324.0, 810067.4050601865, 810067.4050601865, 810067.4050601865, 810067.4050601865, 810067.4050601865, 810067.4050601865, 810067.4050601865, 810067.4050601865, 810067.4050601865, 810067.4050601865, 810067.4050601865, 810067.4050601865, 810067.4050601865, 810067.4050601865, 810067.4050601865, 810067.4050601865, 810067.4050601865, 810067.4050601865, 810067.4050601865, 810067.4050601865, 810067.4050601865, 810067.4050601865, 810067.4050601865, 810067.4050601865, 810067.4050601865, 810067.4050601865, 810067.4050601865, 810067.4050601865, 810067.4050601865, 810067.4050601865, 810067.4050601865, 810067.4050601865, 810067.4050601865, 810067.4050601865, 810067.4050601865, 810067.4050601865, 810067.4050601865, 810067.4050601865, 810067.4050601865, 810067.4050601865, 810324.0, 810324.0, 810324.0, 810324.0, 810324.0, 810324.0, 810324.0, 810324.0, 810324.0, 810324.0, 810324.0, 810324.0, 810324.0, 810324.0, 810324.0, 810324.0, 810324.0, 810324.0, 810324.0, 810324.0, 810324.0, 810324.0, 810324.0, 810324.0, 810324.0, 810324.0, 810324.0, 810324.0, 810324.0, 810324.0, 810324.0, 810324.0, 810324.0, 810324.0, 810324.0, 810324.0, 810324.0, 810324.0, 810324.0, 810324.0, 810324.0, 810324.0, 810324.0, 810324.0, 810324.0, 810324.0, 810324.0, 810324.0, 810324.0, 810324.0, 810324.0, 810324.0, 810324.0, 810324.0, 810324.0, 810324.0, 810324.0, 810324.0, 810324.0, 810324.0, 810324.0, 810324.0, 810324.0, 810324.0, 810324.0, 810324.0, 810324.0, 810324.0, 810324.0, 810324.0, 810324.0, 810324.0, 810324.0, 810324.0, 810324.0, 810324.0, 810324.0, 810324.0, 810324.0, 810324.0, 810324.0, 810324.0, 810324.0, 810324.0, 810324.0, 810324.0, 810324.0, 810324.0, 810324.0, 810324.0, 810324.0, 810324.0, 810324.0, 810324.0, 810324.0, 810324.0, 810324.0, 810324.0, 810324.0, 810324.0, 810324.0, 810324.0, 810324.0, 810324.0, 810324.0, 810324.0, 810324.0, 810324.0, 810324.0, 810324.0, 810324.0, 810324.0, 810324.0, 810324.0, 810324.0, 810324.0, 810324.0, 810324.0, 810324.0, 810324.0, 810324.0, 810324.0, 810324.0, 810324.0, 810324.0, 810324.0, 810324.0, 810324.0, 810324.0, 810324.0, 810324.0, 810324.0, 810324.0, 810324.0, 810324.0, 810324.0, 810324.0, 810324.0, 810324.0, 810324.0, 810324.0, 810324.0, 810324.0, 810324.0, 810324.0, 810324.0, 810324.0, 810324.0, 810324.0, 810324.0, 810324.0, 810324.0, 810324.0, 810324.0, 810324.0, 810324.0, 810324.0, 810324.0, 810324.0, 810324.0, 810324.0, 810324.0, 810324.0, 810324.0, 810324.0, 810324.0, 810324.0, 810324.0, 810324.0, 810324.0, 810324.0, 810324.0, 810324.0, 810324.0, 810324.0, 810324.0, 810324.0, 810324.0, 810324.0, 810324.0, 810324.0, 810324.0, 810324.0, 810324.0, 810324.0, 810324.0, 810324.0, 810324.0, 810324.0, 810324.0, 810324.0, 810324.0, 810324.0, 810324.0, 810324.0, 810324.0, 810324.0, 810324.0, 810324.0, 810324.0, 810324.0, 810324.0, 810324.0, 810324.0, 810324.0, 810324.0, 810324.0, 810324.0, 810324.0, 810324.0, 810324.0, 810324.0, 810324.0, 810324.0, 810324.0, 810324.0, 810324.0, 810324.0, 810324.0, 810324.0, 810324.0, 810324.0, 810324.0, 810324.0, 810324.0, 810324.0, 810324.0, 810324.0, 810324.0, 810324.0, 810324.0, 810324.0, 810324.0, 810324.0, 810324.0, 810324.0, 810324.0, 810324.0, 810324.0, 810324.0, 810324.0, 810324.0, 810324.0, 810324.0, 810324.0, 810324.0, 810324.0, 810324.0, 810324.0, 810324.0, 810324.0, 810324.0, 810324.0, 810324.0, 810324.0, 810324.0, 810324.0, 810324.0, 810324.0, 810324.0, 810324.0, 810324.0, 810324.0, 810324.0, 810324.0, 810324.0, 810324.0, 810324.0, 810324.0, 810324.0, 810324.0, 810324.0, 810324.0, 810324.0, 810324.0, 810324.0, 810324.0, 810324.0, 810324.0, 810324.0, 810324.0, 810324.0, 810324.0, 810324.0, 810324.0, 810324.0, 810324.0, 810324.0, 810324.0, 810324.0, 810324.0, 810324.0, 810324.0, 810324.0, 810324.0, 810324.0, 810324.0, 810324.0, 810324.0, 810324.0, 810324.0, 810324.0, 810324.0, 810324.0, 810324.0, 810324.0, 810324.0, 810324.0, 810324.0, 810324.0, 810324.0, 810324.0, 810324.0, 810324.0, 810324.0, 810324.0, 810324.0, 810324.0, 810324.0, 810324.0, 810324.0, 810324.0, 810324.0, 810324.0, 810324.0, 810324.0, 810324.0, 810324.0, 810324.0, 810324.0, 810324.0, 810324.0, 810324.0, 810324.0, 810324.0, 810324.0, 810324.0, 810324.0, 810324.0, 810324.0, 810324.0, 810324.0, 810324.0, 810324.0, 810324.0, 810324.0, 810324.0, 810324.0, 810324.0, 810324.0, 810324.0, 810324.0, 810324.0, 810324.0, 810324.0, 810324.0, 810324.0, 810324.0, 810324.0, 810324.0, 810324.0, 810324.0, 810324.0, 810324.0, 810324.0, 810324.0, 810324.0, 810324.0, 810324.0, 810324.0, 810324.0, 810324.0, 810324.0, 810324.0, 810324.0, 810324.0, 810324.0, 810324.0, 810324.0, 810324.0, 810324.0, 810324.0, 810324.0, 810324.0, 810324.0, 810324.0, 810324.0, 810324.0, 810324.0, 810324.0, 810324.0, 810324.0, 810324.0, 810324.0, 810324.0, 810324.0, 810324.0, 810324.0, 810324.0, 810324.0, 810324.0, 810324.0, 810324.0, 810324.0, 810324.0, 810324.0, 810324.0, 810324.0, 810324.0, 810324.0, 810324.0, 810324.0, 810324.0, 810324.0, 803378.8314752715, 803378.8314752715, 803378.8314752715, 803378.8314752715, 803378.8314752715, 803378.8314752715, 803378.8314752715, 803378.8314752715, 803378.8314752715, 803378.8314752715, 803378.8314752715, 803378.8314752715, 803378.8314752715, 803378.8314752715, 803378.8314752715, 803378.8314752715, 803378.8314752715, 803378.8314752715, 803378.8314752715, 803378.8314752715, 803378.8314752715, 803378.8314752715, 803378.8314752715, 803378.8314752715, 803378.8314752715, 803378.8314752715, 805141.2983234404, 805141.2983234404, 805141.2983234404, 807310.9437056055, 807310.9437056055, 807310.9437056055, 807310.9437056055, 807310.9437056055, 810324.0, 810324.0, 810324.0, 810324.0, 810324.0, 810324.0, 810324.0, 810324.0, 810324.0, 810324.0, 810324.0, 810324.0, 810324.0, 810324.0, 810324.0, 810324.0, 810324.0, 810324.0, 810324.0, 810324.0, 810324.0, 810324.0, 810324.0, 810324.0, 810324.0, 810324.0, 810324.0, 810324.0, 810324.0, 810324.0, 810324.0, 810324.0, 810324.0, 810324.0, 810324.0, 810324.0, 810324.0, 810324.0, 810324.0, 810324.0, 810324.0, 810324.0, 810324.0, 810324.0, 810324.0, 810324.0, 810324.0, 810324.0, 810324.0, 810324.0, 810324.0, 810324.0, 810324.0, 810324.0, 810324.0, 810324.0, 810324.0, 810324.0, 810324.0, 810324.0, 810324.0, 810324.0, 810324.0, 810324.0, 810324.0, 810324.0, 810324.0, 810324.0, 810324.0, 810324.0, 810324.0, 810324.0, 810324.0, 810324.0, 810324.0, 810324.0, 810324.0, 810324.0, 810324.0, 810324.0, 810324.0, 810324.0, 810324.0, 810324.0, 810324.0, 810324.0, 810324.0, 810324.0, 810324.0, 810324.0, 810324.0, 810324.0, 810324.0, 810324.0, 810324.0, 810324.0, 810324.0, 810324.0, 810324.0, 810324.0, 810324.0, 810324.0, 810324.0, 810324.0, 810324.0, 810324.0, 810324.0, 810324.0, 810324.0, 810324.0, 810324.0, 810324.0, 810324.0, 810324.0, 810324.0, 810324.0, 810324.0, 810324.0, 810324.0, 810324.0, 810324.0, 810324.0, 810324.0, 810324.0, 810324.0, 810324.0, 810324.0, 810324.0, 810324.0, 810324.0, 810324.0, 810324.0, 810324.0, 810324.0, 810324.0, 810324.0, 810324.0, 810324.0, 810324.0, 810324.0, 810324.0, 810324.0, 810324.0, 810324.0, 810324.0, 810324.0, 810324.0, 810324.0, 810324.0, 810324.0, 810324.0, 810324.0, 810324.0, 810324.0, 810324.0, 810324.0, 810324.0, 810324.0, 810324.0, 810324.0, 810324.0, 810324.0, 810324.0, 810324.0, 810324.0, 810324.0, 810324.0, 810324.0, 810324.0, 810324.0, 810324.0, 810324.0, 810324.0, 810324.0, 810324.0, 810324.0, 810324.0, 810324.0, 810324.0, 810324.0, 810324.0, 810324.0, 810324.0, 810324.0, 810324.0, 810324.0, 810324.0, 810324.0, 810324.0, 810324.0, 810324.0, 810324.0, 810324.0, 808778.4466465001, 808778.4466465001, 808778.4466465001, 808778.4466465001, 808778.4466465001, 808778.4466465001, 808778.4466465001, 808778.4466465001, 808778.4466465001, 808778.4466465001, 808778.4466465001, 808778.4466465001, 808778.4466465001, 808778.4466465001, 808778.4466465001, 808778.4466465001, 808778.4466465001, 808778.4466465001, 808778.4466465001, 808778.4466465001, 808778.4466465001, 808778.4466465001, 808778.4466465001, 808778.4466465001, 808778.4466465001, 808778.4466465001, 808778.4466465001, 808778.4466465001, 808778.4466465001, 808778.4466465001, 808778.4466465001, 808778.4466465001, 808778.4466465001, 808778.4466465001, 808778.4466465001, 808778.4466465001, 808778.4466465001, 808778.4466465001, 808778.4466465001, 808778.4466465001, 808778.4466465001, 808778.4466465001, 810324.0, 810324.0, 810324.0, 810324.0, 809338.6311143768, 809338.6311143768, 809338.6311143768, 809338.6311143768, 809338.6311143768, 809338.6311143768, 809338.6311143768, 809338.6311143768, 809338.6311143768, 809338.6311143768, 809338.6311143768, 809338.6311143768, 809338.6311143768, 809338.6311143768, 809338.6311143768, 809338.6311143768, 809338.6311143768, 809338.6311143768, 809338.6311143768, 809338.6311143768, 809338.6311143768, 809338.6311143768, 809338.6311143768, 809338.6311143768, 809338.6311143768, 809338.6311143768, 809338.6311143768, 809338.6311143768, 809338.6311143768, 809338.6311143768, 809338.6311143768, 809338.6311143768, 809338.6311143768, 809338.6311143768, 809338.6311143768, 809338.6311143768, 809338.6311143768, 809338.6311143768, 809338.6311143768, 809338.6311143768, 809338.6311143768, 809338.6311143768, 809855.9361155296, 809855.9361155296, 809901.9187244122, 809901.9187244122, 809901.9187244122, 809901.9187244122, 809901.9187244122, 809901.9187244122, 809901.9187244122, 809901.9187244122, 809901.9187244122, 809901.9187244122, 809901.9187244122, 809901.9187244122, 809901.9187244122, 809901.9187244122, 809901.9187244122, 809901.9187244122, 809901.9187244122, 809901.9187244122, 809901.9187244122, 809901.9187244122, 809901.9187244122, 809901.9187244122, 809901.9187244122, 809901.9187244122, 809901.9187244122, 809901.9187244122, 809901.9187244122, 809901.9187244122, 809901.9187244122, 809901.9187244122, 809901.9187244122, 809901.9187244122, 809901.9187244122, 809901.9187244122, 809901.9187244122, 809901.9187244122, 809901.9187244122, 809901.9187244122, 809901.9187244122, 809901.9187244122, 809901.9187244122, 809901.9187244122, 809901.9187244122, 809901.9187244122, 809901.9187244122, 810324.0, 810324.0, 810324.0, 810324.0, 810324.0, 810324.0, 810324.0, 810324.0, 810324.0, 810324.0, 810324.0, 810324.0, 810324.0, 810324.0, 810324.0, 810324.0, 810324.0, 810324.0, 810324.0, 810324.0, 810324.0, 810324.0, 810324.0, 810324.0, 810324.0, 810324.0, 810324.0, 810324.0, 810324.0, 810324.0, 810324.0, 810324.0, 810324.0, 810324.0, 810324.0, 810324.0, 810324.0, 810324.0, 810324.0, 810324.0, 810324.0, 810324.0, 810324.0, 810324.0, 810324.0, 810324.0, 810324.0, 808767.3021205608, 808767.3021205608, 808767.3021205608, 808767.3021205608, 808767.3021205608, 808767.3021205608, 808767.3021205608, 808767.3021205608, 808767.3021205608, 808767.3021205608, 808767.3021205608, 808767.3021205608, 808767.3021205608, 808767.3021205608, 808767.3021205608, 808767.3021205608, 808767.3021205608, 808767.3021205608, 808767.3021205608, 808767.3021205608, 808767.3021205608, 808767.3021205608, 808767.3021205608, 808767.3021205608, 808767.3021205608, 808767.3021205608, 808767.3021205608, 808767.3021205608, 808767.3021205608, 808767.3021205608, 808767.3021205608, 808767.3021205608, 808767.3021205608, 808767.3021205608, 810324.0, 810324.0, 810324.0, 810324.0, 810324.0, 810324.0, 810324.0, 810324.0, 810324.0, 810324.0, 810324.0, 809067.2554157585, 809067.2554157585, 809067.2554157585, 809067.2554157585, 809067.2554157585, 809067.2554157585, 809067.2554157585, 809067.2554157585, 809067.2554157585, 809067.2554157585, 809067.2554157585, 809067.2554157585, 809067.2554157585, 809067.2554157585, 809067.2554157585, 809067.2554157585, 809067.2554157585, 809067.2554157585, 809067.2554157585, 809067.2554157585, 809067.2554157585, 809067.2554157585, 809067.2554157585, 809067.2554157585, 809067.2554157585, 809067.2554157585, 809067.2554157585, 809067.2554157585, 809067.2554157585, 809067.2554157585, 809067.2554157585, 809067.2554157585, 809067.2554157585, 809067.2554157585, 809067.2554157585, 809067.2554157585, 809067.2554157585, 809067.2554157585, 809067.2554157585, 809067.2554157585, 809067.2554157585, 809067.2554157585, 810324.0, 810324.0, 810324.0, 810324.0, 810324.0, 810324.0, 810324.0, 810324.0, 810324.0, 810324.0, 810324.0, 810324.0, 810324.0, 810324.0, 810324.0, 810324.0, 810324.0, 810324.0, 810324.0, 810324.0, 810324.0, 810324.0, 810324.0, 810324.0, 810324.0, 810324.0, 810324.0, 810324.0, 810324.0, 810324.0, 810324.0, 810324.0, 810324.0, 810324.0, 810324.0, 810324.0, 810324.0, 810324.0, 810324.0, 810324.0, 810324.0, 810324.0, 810324.0, 810324.0, 810324.0, 810324.0, 810324.0, 810324.0, 810324.0, 810324.0, 810324.0, 810324.0, 810324.0, 810324.0, 810324.0, 810324.0, 810324.0, 810324.0, 810324.0, 810324.0, 810324.0, 810324.0, 810324.0, 810324.0, 810324.0, 810324.0, 810324.0, 810324.0, 810324.0, 810324.0, 810324.0, 810324.0, 810324.0, 810324.0, 810324.0, 810324.0, 810324.0, 810324.0, 810324.0, 810324.0, 810324.0, 810324.0, 810324.0, 810324.0, 810324.0, 810324.0, 810324.0, 810324.0, 810324.0, 810324.0, 810324.0, 810324.0, 810324.0, 810324.0, 810324.0, 810324.0, 810324.0, 810324.0, 810324.0, 810324.0, 810324.0, 810324.0, 810324.0, 810324.0, 810324.0, 810324.0, 810324.0, 810324.0, 810324.0, 810324.0, 810324.0, 810324.0, 810324.0, 810324.0, 810324.0, 810324.0, 810324.0, 810324.0, 810324.0, 810324.0, 810324.0, 810324.0, 810324.0, 810324.0, 810324.0, 810324.0, 810324.0, 810324.0, 810324.0, 810324.0, 810324.0, 810324.0, 810324.0, 810324.0, 810324.0, 810324.0, 810324.0, 810324.0, 810324.0, 810324.0, 810324.0, 810324.0, 810324.0, 810324.0, 810324.0, 810324.0, 810324.0, 810324.0, 810324.0, 810324.0, 810324.0, 810324.0, 810324.0, 810324.0, 810324.0, 810324.0, 810324.0, 810324.0, 810324.0, 810324.0, 810324.0, 810324.0, 810324.0, 810324.0, 810324.0, 810324.0, 810324.0, 810324.0, 810324.0, 810324.0, 810324.0, 810324.0, 810324.0, 810324.0, 810324.0, 810324.0, 810324.0, 810324.0, 810324.0, 810324.0, 810324.0, 810324.0, 810324.0, 810324.0, 810324.0, 806382.3177344864, 806382.3177344864, 806382.3177344864, 806382.3177344864, 806382.3177344864, 806382.3177344864, 806382.3177344864, 806382.3177344864, 806382.3177344864, 806382.3177344864, 806382.3177344864, 806382.3177344864, 806382.3177344864, 806382.3177344864, 806382.3177344864, 806382.3177344864, 806382.3177344864, 806382.3177344864, 806382.3177344864, 806382.3177344864, 806382.3177344864, 806382.3177344864, 806382.3177344864, 806382.3177344864, 806382.3177344864, 806382.3177344864, 806382.3177344864, 806382.3177344864, 806382.3177344864, 806382.3177344864, 808717.6606069232, 808717.6606069232, 808717.6606069232, 808717.6606069232, 808717.6606069232, 808717.6606069232, 808717.6606069232, 808717.6606069232, 808717.6606069232, 810041.7780323394, 810041.7780323394, 810041.7780323394, 810041.7780323394, 810324.0, 810324.0, 810324.0, 810324.0, 810324.0, 810324.0, 810324.0, 810324.0, 810324.0, 810324.0, 810324.0, 810324.0, 810324.0, 810324.0, 810324.0, 810324.0, 810324.0, 810324.0, 810324.0, 810324.0, 810324.0, 810324.0, 810324.0, 810324.0, 810324.0, 810324.0, 810324.0, 810324.0, 810324.0, 810324.0, 810324.0, 810324.0, 810324.0, 810324.0, 810324.0, 810324.0, 810324.0, 810324.0, 810324.0, 810324.0, 810324.0, 810324.0, 810324.0, 810324.0, 810324.0, 810324.0, 810324.0, 810324.0, 810324.0, 810324.0, 810324.0, 810324.0, 810324.0, 810324.0, 810324.0, 810324.0, 810324.0, 810324.0, 810324.0, 810324.0, 810324.0, 810324.0, 810324.0, 810324.0, 810324.0, 810324.0, 810324.0, 810324.0, 810324.0, 810324.0, 810324.0, 810324.0, 810324.0, 810324.0, 810324.0, 810324.0, 810324.0, 810324.0, 810324.0, 810324.0, 810324.0, 810324.0, 810324.0, 810324.0, 810324.0, 810324.0, 810324.0, 810324.0, 810324.0, 810324.0, 810324.0, 810324.0, 810324.0, 810324.0, 810324.0, 810324.0, 810324.0, 810324.0, 810324.0, 810324.0, 810324.0, 810324.0, 810324.0, 810324.0, 810324.0, 810324.0, 810324.0, 810324.0, 810324.0, 810324.0, 810324.0, 810324.0, 810324.0, 810324.0, 810324.0, 810324.0, 810324.0, 810324.0, 810324.0, 810324.0, 810324.0, 810324.0, 810324.0, 810324.0, 810324.0, 810324.0, 810324.0, 810324.0, 810324.0, 810324.0, 810324.0, 810324.0, 810324.0, 810324.0, 810324.0, 810324.0, 810324.0, 810324.0, 810324.0, 810324.0, 810324.0, 810324.0, 810324.0, 810324.0, 810324.0, 810324.0, 810324.0, 810324.0, 810324.0, 810324.0, 810324.0, 810324.0, 810324.0, 810324.0, 810324.0, 810324.0, 810324.0, 810324.0, 810324.0, 810324.0, 810324.0, 810324.0, 810324.0, 810324.0, 810324.0, 810324.0, 810324.0, 810324.0, 810324.0, 810324.0, 810324.0, 810324.0, 810324.0, 810324.0, 810324.0, 810324.0, 810324.0, 810324.0, 810324.0, 810324.0, 810324.0, 810324.0, 810324.0, 810324.0, 810324.0, 810324.0, 810324.0, 810324.0, 810324.0, 810324.0, 810324.0, 810324.0, 810324.0, 810324.0, 810324.0, 810324.0, 810324.0, 810324.0, 810324.0, 810324.0, 810324.0, 810324.0, 810324.0, 810324.0, 810324.0, 810324.0, 810324.0, 810324.0, 810324.0, 810324.0, 810324.0, 810324.0, 810324.0, 810324.0, 810324.0, 810324.0, 810324.0, 810324.0, 810324.0, 810324.0, 810324.0, 810324.0, 810324.0, 810324.0, 810324.0, 810324.0, 810324.0, 810324.0, 810324.0, 810324.0, 807480.7999870041, 807480.7999870041, 807480.7999870041, 807480.7999870041, 807480.7999870041, 807480.7999870041, 807480.7999870041, 807480.7999870041, 807480.7999870041, 807480.7999870041, 807480.7999870041, 807480.7999870041, 807480.7999870041, 807480.7999870041, 807480.7999870041, 807480.7999870041, 807480.7999870041, 807480.7999870041, 807480.7999870041, 807480.7999870041, 807480.7999870041, 807480.7999870041, 807480.7999870041, 807480.7999870041, 807480.7999870041, 807480.7999870041, 807480.7999870041, 807480.7999870041, 807480.7999870041, 807480.7999870041, 807480.7999870041, 807480.7999870041, 807480.7999870041, 807480.7999870041, 807480.7999870041, 807480.7999870041, 808490.9454420898, 808490.9454420898, 808490.9454420898, 808490.9454420898, 808490.9454420898, 808490.9454420898, 808490.9454420898, 808490.9454420898, 810324.0, 810324.0, 810324.0, 810324.0, 810324.0, 810324.0, 810324.0, 810324.0, 810324.0, 810324.0, 810324.0, 810324.0, 810324.0, 810324.0, 810324.0, 810324.0, 810324.0, 810324.0, 810324.0, 810324.0, 810324.0, 810324.0, 810324.0, 810324.0, 810324.0, 810324.0, 810324.0, 810324.0, 810324.0, 810324.0, 810324.0, 810324.0, 810324.0, 810324.0, 810324.0, 810324.0, 810324.0, 810324.0, 810324.0, 810324.0, 810324.0, 810324.0, 810324.0, 810324.0, 810324.0, 810324.0, 810324.0, 810324.0, 810324.0, 810324.0, 810324.0, 810324.0, 810324.0, 810324.0, 810324.0, 810324.0, 810324.0, 810324.0, 810324.0, 810324.0, 810324.0, 810324.0, 810324.0, 810324.0, 810324.0, 810324.0, 810324.0, 810324.0, 810324.0, 810324.0, 810324.0, 810324.0, 810324.0, 810324.0, 810324.0, 810324.0, 810324.0, 810324.0, 810324.0, 810324.0, 810324.0, 810324.0, 810324.0, 810324.0, 810324.0, 810324.0, 810324.0, 810324.0, 810324.0, 810324.0, 810324.0, 810324.0, 806417.5123794746, 806417.5123794746, 806417.5123794746, 806417.5123794746, 806417.5123794746, 806417.5123794746, 806417.5123794746, 806417.5123794746, 806417.5123794746, 806417.5123794746, 806417.5123794746, 806417.5123794746, 806417.5123794746, 806417.5123794746, 806417.5123794746, 806417.5123794746, 806417.5123794746, 806417.5123794746, 806417.5123794746, 806417.5123794746, 806417.5123794746, 806417.5123794746, 806417.5123794746, 806417.5123794746, 806417.5123794746, 806417.5123794746, 806417.5123794746, 806417.5123794746, 806417.5123794746, 806417.5123794746, 806417.5123794746, 810324.0, 810324.0, 810324.0, 810324.0, 810324.0, 810324.0, 810324.0, 810324.0, 810324.0, 810324.0, 810324.0, 810324.0, 810324.0, 810324.0, 810324.0, 810324.0, 810324.0, 810324.0, 810324.0, 810324.0, 810324.0, 810324.0, 810324.0, 810324.0, 810324.0, 810324.0, 810324.0, 810324.0, 810324.0, 810324.0, 810324.0, 810324.0, 810324.0, 810324.0, 810324.0, 810324.0, 810324.0, 810324.0, 810324.0, 810324.0, 810324.0, 810324.0, 810324.0, 810324.0, 810324.0, 810324.0, 810324.0, 810324.0, 810324.0, 810324.0, 810324.0, 810324.0, 810324.0, 810324.0, 810324.0, 810324.0, 810324.0, 810324.0, 810324.0, 810324.0, 810324.0, 
40335.53401007788, 40207.93921379082, 35440.08931215088, 20433.38580187929, 15689.489568129968, 4298.775631810817, 2657.9380103935673, 1194.7375261290513, 1194.7375261290513, 1194.7375261290513, 1194.7375261290513, 1194.7375261290513, 1194.7375261290513, 1194.7375261290513, 1194.7375261290513, 1106.620790230743, 1106.620790230743, 713.895174494399, 713.895174494399, 713.895174494399, 713.895174494399, 576.0589173155953, 576.0589173155953, 517.0236533332925, 492.91743565214335, 492.91743565214335, 442.7883277916816, 442.7883277916816, 251.94965290536248, 251.94965290536248, 251.94965290536248, 251.94965290536248, 189.85960898194378, 189.85960898194378, 189.85960898194378, 189.85960898194378, 189.85960898194378, 189.85960898194378, 189.85960898194378, 184.68924588567904, 184.68924588567904, 180.69287092968364, 180.69287092968364, 180.69287092968364, 154.98390453268289, 140.65592582451126, 140.65592582451126, 140.65592582451126, 69.06787662257355, 69.06787662257355, 69.06787662257355, 69.06787662257355, 68.54661297214648, 68.54661297214648, 38.29176303427947, 38.29176303427947, 38.29176303427947, 38.29176303427947, 38.29176303427947, 38.29176303427947, 38.29176303427947, 38.29176303427947, 38.29176303427947, 35.883403871760166, 35.883403871760166, 35.883403871760166, 35.883403871760166, 35.883403871760166, 35.883403871760166, 35.883403871760166, 35.883403871760166, 35.883403871760166, 35.883403871760166, 35.883403871760166, 35.883403871760166, 35.883403871760166, 16.181555498259314, 16.181555498259314, 14.919867668923814, 14.919867668923814, 14.919867668923814, 14.919867668923814, 14.919867668923814, 14.919867668923814, 14.919867668923814, 14.919867668923814, 14.919867668923814, 14.919867668923814, 14.919867668923814, 14.070421351862546, 14.070421351862546, 197242.6299996572, 197242.6299996572, 197242.6299996572, 197242.6299996572, 214189.8418639179, 214189.8418639179, 223773.67865722717, 223773.67865722717, 321183.9162287455, 442046.0406258936, 442046.0406258936, 442046.0406258936, 442046.0406258936, 429546.6590052155, 550989.5289031634, 550989.5289031634, 550989.5289031634, 550989.5289031634, 524387.2424212301, 524387.2424212301, 599810.9377174128, 657696.7028682843, 657696.7028682843, 732340.5222131752, 732340.5222131752, 740807.663696943, 741391.7142028961, 741391.7142028961, 737739.4341385821, 796738.503317538, 796738.503317538, 796738.503317538, 796738.503317538, 806593.8237862545, 806593.8237862545, 806593.8237862545, 808643.2946494746, 808643.2946494746, 810324.0, 810324.0, 810324.0, 810324.0, 810324.0, 810324.0, 810324.0, 810324.0, 810324.0, 810324.0, 810324.0, 810324.0, 810324.0, 810324.0, 810324.0, 810324.0, 810324.0, 810324.0, 810324.0, 810324.0, 810324.0, 810324.0, 810324.0, 810324.0, 810324.0, 810324.0, 810324.0, 810324.0, 810324.0, 810324.0, 810324.0, 810324.0, 810324.0, 810324.0, 810324.0, 810324.0, 810324.0, 810324.0, 810324.0, 810324.0, 810324.0, 810324.0, 810324.0, 810324.0, 810324.0, 810324.0, 810324.0, 810324.0, 810324.0, 810324.0, 810324.0, 810324.0, 810324.0, 810324.0, 810324.0, 810324.0, 810324.0, 810324.0, 810324.0, 810324.0, 810324.0, 810324.0, 810324.0, 810324.0, 810324.0, 810324.0, 810324.0, 810324.0, 810324.0, 810324.0, 810324.0, 810324.0, 810324.0, 810324.0, 810324.0, 810324.0, 810324.0, 810324.0, 810324.0, 810324.0, 810324.0, 810324.0, 810324.0, 810324.0, 810324.0, 810324.0, 810324.0, 810324.0, 810324.0, 810324.0, 810324.0, 810324.0, 810324.0, 810324.0, 810324.0, 810324.0, 810324.0, 810324.0, 810324.0, 810324.0, 810324.0, 810324.0, 810324.0, 810324.0, 810324.0, 810324.0, 810324.0, 810324.0, 810324.0, 810324.0, 810324.0, 810324.0, 810324.0, 810324.0, 810324.0, 810324.0, 810324.0, 810324.0, 810324.0, 810324.0, 810324.0, 810324.0, 810324.0, 810324.0, 810324.0, 810324.0, 810324.0, 810324.0, 810324.0, 810324.0, 810324.0, 810324.0, 810324.0, 810324.0, 810324.0, 810324.0, 810324.0, 810324.0, 810324.0, 810324.0, 810324.0, 810324.0, 810324.0, 810324.0, 810324.0, 810324.0, 810324.0, 810324.0, 810324.0, 810324.0, 810324.0, 810324.0, 810324.0, 810324.0, 810324.0, 810324.0, 810324.0, 810324.0, 810324.0, 810324.0, 810324.0, 810324.0, 810324.0, 810324.0, 810324.0, 810324.0, 810324.0, 810324.0, 810324.0, 810324.0, 810324.0, 810324.0, 810324.0, 810324.0, 810324.0, 810324.0, 810324.0, 810324.0, 810324.0, 810324.0, 810324.0, 810324.0, 810324.0, 810324.0, 810324.0, 810324.0, 810324.0, 810324.0, 810324.0, 810324.0, 810324.0, 810324.0, 810324.0, 810324.0, 810324.0, 810324.0, 810324.0, 810324.0, 810324.0, 810324.0, 810324.0, 810324.0, 810324.0, 810324.0, 810324.0, 810324.0, 810324.0, 810324.0, 810324.0, 810324.0, 810324.0, 810324.0, 810324.0, 810324.0, 810324.0, 810324.0, 810324.0, 810324.0, 810324.0, 810324.0, 810324.0, 810324.0, 810324.0, 810324.0, 810324.0, 810324.0, 810324.0, 810324.0, 810324.0, 810324.0, 810324.0, 810324.0, 810324.0, 810324.0, 810324.0, 810324.0, 810324.0, 810324.0, 810324.0, 810324.0, 810324.0, 810324.0, 810324.0, 810324.0, 810324.0, 810324.0, 810324.0, 810324.0, 810324.0, 810324.0, 810324.0, 810324.0, 810324.0, 810324.0, 810324.0, 810324.0, 810324.0, 810324.0, 810324.0, 810324.0, 810324.0, 810324.0, 810324.0, 810324.0, 810324.0, 810324.0, 810324.0, 810324.0, 810324.0, 810324.0, 810324.0, 810324.0, 810324.0, 810324.0, 810324.0, 810324.0, 810324.0, 810324.0, 810324.0, 810324.0, 810324.0, 810324.0, 810324.0, 810324.0, 810324.0, 810324.0, 810324.0, 810324.0, 810324.0, 810324.0, 810324.0, 810324.0, 810324.0, 810324.0, 810324.0, 810324.0, 810324.0, 810324.0, 810324.0, 810324.0, 810324.0, 810324.0, 810324.0, 810324.0, 810324.0, 810324.0, 810324.0, 810324.0, 810324.0, 810324.0, 810324.0, 810324.0, 810324.0, 810324.0, 810324.0, 810324.0, 810324.0, 810324.0, 810324.0, 810324.0, 810324.0, 810324.0, 810324.0, 810324.0, 810324.0, 810324.0, 810324.0, 810324.0, 810324.0, 810324.0, 810324.0, 810324.0, 810324.0, 810324.0, 810324.0, 810324.0, 810324.0, 810324.0, 810324.0, 810324.0, 810324.0, 810324.0, 810324.0, 810324.0, 810324.0, 810324.0, 810324.0, 810324.0, 810324.0, 810324.0, 810324.0, 810324.0, 810324.0, 810324.0, 810324.0, 810324.0, 810324.0, 810324.0, 810324.0, 810324.0, 810324.0, 810324.0, 810324.0, 810324.0, 810324.0, 810324.0, 810324.0, 810324.0, 810324.0, 810324.0, 810324.0, 810324.0, 810324.0, 810324.0, 810324.0, 810324.0, 810324.0, 810324.0, 810324.0, 810324.0, 810324.0, 810324.0, 810324.0, 810324.0, 810324.0, 810324.0, 810324.0, 810324.0, 810324.0, 810324.0, 810324.0, 810324.0, 810324.0, 810324.0, 810324.0, 810324.0, 810324.0, 810324.0, 810324.0, 810324.0, 810324.0, 810324.0, 810324.0, 810324.0, 810324.0, 810324.0, 810324.0, 810324.0, 810324.0, 810324.0, 810324.0, 810324.0, 810324.0, 810324.0, 810324.0, 810324.0, 810324.0, 810324.0, 810324.0, 810324.0, 810324.0, 810324.0, 810324.0, 810324.0, 810324.0, 810324.0, 810324.0, 810324.0, 810324.0, 810324.0, 810324.0, 810324.0, 810324.0, 810324.0, 810324.0, 810324.0, 810324.0, 810324.0, 810324.0, 810324.0, 810324.0, 810324.0, 810324.0, 810324.0, 810324.0, 810324.0, 810324.0, 810324.0, 810324.0, 810324.0, 810324.0, 810324.0, 810324.0, 810324.0, 810324.0, 810324.0, 810324.0, 810324.0, 810324.0, 810324.0, 810324.0, 808932.1236012406, 808932.1236012406, 808932.1236012406, 808932.1236012406, 808932.1236012406, 808932.1236012406, 808932.1236012406, 808932.1236012406, 808932.1236012406, 808932.1236012406, 808932.1236012406, 808932.1236012406, 808932.1236012406, 808932.1236012406, 808932.1236012406, 808932.1236012406, 808932.1236012406, 808932.1236012406, 808932.1236012406, 808932.1236012406, 808932.1236012406, 808932.1236012406, 808932.1236012406, 808932.1236012406, 808932.1236012406, 808932.1236012406, 808932.1236012406, 808932.1236012406, 808932.1236012406, 808932.1236012406, 808932.1236012406, 808932.1236012406, 808932.1236012406, 808932.1236012406, 810324.0, 810324.0, 810324.0, 810324.0, 810324.0, 810324.0, 810324.0, 810324.0, 810324.0, 810324.0, 810324.0, 810324.0, 810324.0, 810324.0, 810324.0, 810324.0, 810324.0, 810324.0, 810324.0, 810324.0, 810324.0, 810324.0, 810324.0, 810324.0, 810324.0, 810324.0, 810324.0, 810324.0, 810324.0, 810324.0, 810324.0, 810324.0, 810324.0, 810324.0, 810324.0, 810324.0, 810324.0, 810324.0, 810324.0, 810324.0, 810324.0, 810324.0, 810324.0, 810324.0, 810324.0, 810324.0, 810324.0, 810324.0, 810324.0, 810324.0, 810324.0, 810324.0, 810324.0, 810324.0, 810324.0, 810324.0, 810324.0, 810324.0, 810324.0, 810324.0, 810324.0, 810324.0, 810324.0, 810324.0, 810324.0, 810324.0, 810324.0, 810324.0, 810324.0, 810324.0, 810324.0, 810324.0, 810324.0, 810324.0, 810324.0, 810324.0, 810324.0, 810324.0, 810324.0, 810324.0, 810324.0, 810324.0, 810324.0, 810324.0, 810324.0, 810324.0, 810324.0, 810324.0, 810324.0, 810324.0, 810324.0, 810324.0, 810324.0, 810324.0, 810324.0, 810324.0, 810324.0, 810324.0, 810324.0, 810324.0, 810324.0, 810324.0, 810324.0, 810324.0, 810324.0, 810324.0, 810324.0, 810324.0, 810324.0, 810324.0, 810324.0, 810324.0, 810324.0, 810324.0, 810324.0, 810324.0, 810324.0, 810324.0, 810324.0, 810324.0, 810324.0, 810324.0, 810324.0, 810324.0, 810324.0, 810324.0, 810324.0, 810324.0, 810324.0, 810324.0, 810324.0, 810324.0, 810324.0, 810324.0, 810324.0, 810324.0, 810324.0, 810324.0, 810324.0, 810324.0, 810324.0, 810324.0, 810324.0, 810324.0, 810324.0, 810324.0, 810324.0, 810324.0, 810324.0, 810324.0, 810324.0, 810324.0, 810324.0, 810324.0, 810324.0, 810324.0, 810324.0, 810324.0, 810324.0, 810324.0, 810324.0, 810324.0, 810324.0, 810324.0, 810324.0, 810324.0, 810324.0, 810324.0, 810324.0, 810324.0, 810324.0, 810324.0, 810324.0, 810324.0, 810324.0, 810324.0, 810324.0, 810324.0, 810324.0, 810324.0, 810324.0, 810324.0, 810324.0, 810324.0, 810324.0, 810324.0, 810324.0, 810324.0, 810324.0, 810324.0, 810324.0, 810324.0, 810324.0, 810324.0, 810324.0, 810324.0, 810324.0, 810324.0, 810324.0, 810324.0, 810324.0, 810324.0, 810324.0, 810324.0, 810324.0, 810324.0, 810324.0, 810324.0, 810324.0, 810324.0, 810324.0, 810324.0, 810324.0, 810324.0, 810324.0, 810324.0, 810324.0, 810324.0, 810324.0, 810324.0, 810324.0, 810324.0, 810324.0, 810324.0, 810324.0, 810324.0, 810324.0, 810324.0, 810324.0, 810324.0, 810324.0, 810324.0, 810324.0, 810324.0, 810324.0, 810324.0, 810324.0, 810324.0, 810324.0, 810324.0, 810324.0, 810324.0, 810324.0, 810324.0, 810324.0, 810324.0, 810324.0, 810324.0, 810324.0, 810324.0, 810324.0, 810324.0, 810324.0, 810324.0, 810324.0, 810324.0, 810324.0, 810324.0, 810324.0, 810324.0, 810324.0, 810324.0, 810324.0, 810324.0, 810324.0, 810324.0, 810324.0, 810324.0, 810324.0, 810324.0, 810324.0, 810324.0, 810324.0, 810324.0, 810324.0, 810324.0, 810324.0, 810324.0, 810324.0, 810324.0, 810324.0, 810324.0, 810324.0, 810324.0, 810324.0, 810324.0, 810324.0, 810324.0, 810324.0, 810324.0, 810324.0, 810324.0, 810324.0, 810324.0, 810324.0, 810324.0, 810324.0, 810324.0, 810324.0, 810324.0, 810324.0, 810324.0, 810324.0, 810324.0, 810324.0, 810324.0, 810324.0, 810324.0, 810324.0, 810324.0, 810324.0, 810324.0, 810324.0, 810324.0, 810324.0, 810324.0, 810324.0, 810324.0, 810324.0, 810324.0, 810324.0, 810324.0, 810324.0, 810324.0, 810324.0, 810324.0, 810324.0, 810324.0, 810324.0, 803442.3854283405, 803442.3854283405, 803442.3854283405, 803442.3854283405, 803442.3854283405, 803442.3854283405, 803442.3854283405, 803442.3854283405, 803442.3854283405, 803442.3854283405, 803442.3854283405, 803442.3854283405, 803442.3854283405, 803442.3854283405, 803442.3854283405, 803442.3854283405, 803442.3854283405, 803442.3854283405, 803442.3854283405, 803442.3854283405, 803442.3854283405, 803442.3854283405, 803442.3854283405, 803442.3854283405, 803442.3854283405, 803442.3854283405, 803442.3854283405, 803442.3854283405, 803442.3854283405, 803442.3854283405, 803442.3854283405, 803442.3854283405, 803442.3854283405, 803442.3854283405, 803442.3854283405, 803442.3854283405, 807940.4573074038, 807940.4573074038, 810231.156278003, 810231.156278003, 810231.156278003, 810231.156278003, 810231.156278003, 810231.156278003, 810324.0, 810324.0, 810164.7522314677, 810164.7522314677, 810164.7522314677, 810164.7522314677, 810164.7522314677, 810164.7522314677, 810164.7522314677, 810164.7522314677, 810164.7522314677, 810164.7522314677, 810164.7522314677, 810164.7522314677, 810164.7522314677, 810164.7522314677, 810164.7522314677, 810164.7522314677, 810164.7522314677, 810164.7522314677, 810164.7522314677, 810164.7522314677, 810164.7522314677, 810164.7522314677, 810164.7522314677, 810164.7522314677, 810164.7522314677, 810164.7522314677, 810164.7522314677, 810164.7522314677, 810164.7522314677, 810164.7522314677, 810164.7522314677, 810164.7522314677, 810164.7522314677, 810164.7522314677, 810164.7522314677, 810164.7522314677, 810164.7522314677, 810164.7522314677, 810164.7522314677, 810164.7522314677, 810324.0, 810324.0, 810324.0, 810324.0, 810324.0, 810324.0, 810324.0, 810324.0, 810324.0, 810324.0, 810324.0, 810324.0, 810324.0, 810324.0, 810324.0, 810324.0, 810324.0, 810324.0, 810324.0, 810324.0, 810324.0, 810324.0, 810324.0, 810324.0, 810324.0, 810324.0, 810324.0, 810324.0, 810324.0, 810324.0, 810324.0, 810324.0, 810324.0, 810324.0, 810324.0, 810324.0, 810324.0, 810324.0, 810324.0, 810324.0, 810324.0, 810324.0, 810324.0, 810324.0, 810324.0, 810324.0, 810324.0, 810324.0, 810324.0, 810324.0, 810324.0, 810324.0, 810324.0, 810324.0, 810324.0, 810324.0, 810324.0, 810324.0, 810324.0, 810324.0, 810324.0, 810324.0, 810324.0, 810324.0, 810324.0, 810324.0, 810324.0, 810324.0, 810324.0, 810324.0, 810324.0, 810324.0, 810324.0, 810324.0, 810324.0, 810324.0, 810324.0, 810324.0, 810324.0, 810324.0, 810324.0, 810324.0, 810324.0, 810324.0, 810324.0, 810324.0, 810324.0, 810324.0, 810324.0, 810324.0, 810324.0, 810324.0, 810324.0, 810324.0, 810324.0, 810324.0, 810324.0, 810324.0, 810324.0, 810324.0, 810324.0, 810324.0, 810324.0, 810324.0, 810324.0, 810324.0, 810324.0, 810324.0, 810324.0, 810324.0, 810324.0, 810324.0, 810324.0, 810324.0, 810324.0, 810324.0, 810324.0, 810324.0, 810324.0, 810324.0, 810324.0, 810324.0, 810324.0, 810324.0, 810324.0, 810324.0, 810324.0, 810324.0, 810324.0, 810324.0, 810324.0, 810324.0, 810324.0, 810324.0, 810324.0, 810324.0, 810324.0, 810324.0, 810324.0, 810324.0, 810324.0, 810324.0, 810324.0, 810324.0, 810324.0, 810324.0, 810324.0, 810324.0, 810324.0, 810324.0, 810324.0, 810324.0, 810324.0, 810324.0, 810324.0, 810324.0, 810324.0, 810324.0, 810324.0, 810324.0, 810324.0, 810324.0, 810324.0, 810324.0, 810324.0, 810324.0, 810324.0, 810324.0, 810324.0, 810324.0, 810324.0, 810324.0, 810324.0, 810324.0, 810324.0, 810324.0, 810324.0, 810324.0, 810324.0, 810324.0, 810324.0, 810324.0, 810324.0, 810324.0, 810324.0, 810324.0, 810324.0, 810324.0, 810324.0, 810324.0, 810324.0, 810324.0, 810324.0, 810324.0, 810324.0, 810324.0, 810324.0, 810324.0, 810324.0, 810324.0, 810324.0, 810324.0, 810324.0, 810324.0, 810324.0, 810324.0, 810324.0, 810324.0, 810324.0, 810324.0, 810324.0, 810324.0, 810324.0, 810324.0, 810324.0, 810324.0, 810324.0, 810324.0, 810324.0, 810324.0, 810324.0, 810324.0, 810324.0, 810324.0, 810324.0, 810324.0, 810324.0, 810324.0, 810324.0, 810324.0, 810324.0, 810324.0, 810324.0, 810324.0, 810324.0, 810324.0, 810324.0, 810324.0, 810324.0, 810324.0, 810324.0, 810324.0, 810324.0, 810324.0, 810324.0, 810324.0, 810324.0, 810324.0, 810324.0, 810324.0, 810324.0, 810324.0, 810324.0, 810324.0, 810324.0, 810324.0, 810324.0, 810324.0, 810324.0, 810324.0, 810324.0, 810324.0, 810324.0, 810324.0, 810324.0, 810324.0, 810324.0, 810324.0, 810324.0, 810324.0, 810324.0, 810324.0, 810324.0, 810324.0, 810324.0, 810324.0, 810324.0, 810324.0, 810324.0, 810324.0, 810324.0, 810324.0, 810324.0, 810324.0, 810324.0, 810324.0, 810324.0, 810324.0, 810324.0, 810324.0, 810324.0, 810324.0, 810324.0, 810324.0, 810324.0, 810324.0, 810324.0, 810324.0, 810324.0, 810324.0, 810324.0, 810324.0, 810324.0, 810324.0, 810324.0, 810324.0, 810324.0, 810324.0, 810324.0, 810324.0, 810324.0, 810324.0, 810324.0, 810324.0, 810324.0, 810324.0, 810324.0, 810324.0, 810324.0, 810324.0, 810324.0, 810324.0, 810324.0, 810324.0, 810324.0, 810324.0, 810324.0, 810324.0, 810324.0, 810324.0, 810324.0, 810324.0, 810324.0, 810324.0, 810324.0, 810324.0, 810324.0, 810324.0, 810324.0, 810324.0, 810324.0, 810324.0, 810324.0, 810324.0, 810324.0, 810324.0, 810324.0, 810324.0, 810324.0, 810324.0, 810324.0, 810324.0, 810324.0, 810324.0, 810324.0, 810324.0, 810324.0, 810324.0, 810324.0, 810324.0, 810324.0, 810324.0, 810324.0, 810324.0, 810324.0, 810324.0, 810324.0, 810324.0, 810324.0, 810324.0, 810324.0, 810324.0, 810324.0, 810324.0, 810324.0, 810324.0, 810324.0, 810324.0, 810324.0, 810324.0, 810324.0, 810324.0, 810324.0, 810324.0, 810324.0, 810324.0, 810324.0, 810324.0, 810324.0, 810324.0, 810324.0, 810324.0, 810324.0, 810324.0, 810324.0, 810324.0, 810324.0, 810324.0, 810324.0, 810324.0, 810324.0, 810324.0, 810324.0, 810324.0, 810324.0, 810324.0, 810324.0, 810324.0, 810324.0, 810324.0, 810324.0, 810324.0, 810324.0, 810324.0, 810324.0, 810324.0, 810324.0, 810324.0, 810324.0, 810324.0, 810324.0, 810324.0, 810324.0, 810324.0, 810324.0, 810324.0, 810324.0, 810324.0, 810324.0, 810324.0, 810324.0, 810324.0, 810324.0, 810324.0, 810324.0, 810324.0, 810324.0, 810324.0, 810324.0, 810324.0, 810324.0, 810324.0, 810324.0, 810324.0, 810324.0, 810324.0, 810324.0, 810324.0, 810324.0, 810324.0, 810324.0, 810324.0, 810324.0, 810324.0, 810324.0, 810324.0, 810324.0, 810324.0, 810324.0, 809965.580542211, 809965.580542211, 809965.580542211, 809965.580542211, 809965.580542211, 809965.580542211, 809965.580542211, 809965.580542211, 809965.580542211, 809965.580542211, 809965.580542211, 809965.580542211, 809965.580542211, 809965.580542211, 809965.580542211, 809965.580542211, 809965.580542211, 809965.580542211, 809965.580542211, 809965.580542211, 809965.580542211, 809965.580542211, 809965.580542211, 809965.580542211, 809965.580542211, 809965.580542211, 809965.580542211, 809965.580542211, 809965.580542211, 809965.580542211, 809965.580542211, 809965.580542211, 809965.580542211, 809965.580542211, 809965.580542211, 809965.580542211, 809965.580542211, 810324.0, 810324.0, 810324.0, 810324.0, 810324.0, 810324.0, 810324.0, 810324.0, 810324.0, 810324.0, 810324.0, 810324.0, 810324.0, 810324.0, 810324.0, 810324.0, 810324.0, 810324.0, 810324.0, 810324.0, 810324.0, 810324.0, 810324.0, 810324.0, 810324.0, 810324.0, 810324.0, 810324.0, 810324.0, 810324.0, 810324.0, 810324.0, 810324.0, 810324.0, 810324.0, 810324.0, 810324.0, 810324.0, 810324.0, 810324.0, 810324.0, 810324.0, 810324.0, 810324.0, 810324.0, 810324.0, 810324.0, 810324.0, 810324.0, 810324.0, 810324.0, 810324.0, 810324.0, 810324.0, 810324.0, 810324.0, 810324.0, 810324.0, 810324.0, 810324.0, 810324.0, 810324.0, 810324.0, 810324.0, 810324.0, 810324.0, 810324.0, 810324.0, 810324.0, 810324.0, 810324.0, 810324.0, 810324.0, 810324.0, 810324.0, 810324.0, 810324.0, 810324.0, 810324.0, 810324.0, 810324.0, 810324.0, 810324.0, 810324.0, 810324.0, 810324.0, 810324.0, 810324.0, 810324.0, 810324.0, 810324.0, 810324.0, 810324.0, 810324.0, 810324.0, 810324.0, 810324.0, 810324.0, 810324.0, 810324.0, 810324.0, 810324.0, 810324.0, 810324.0, 810324.0, 810324.0, 810324.0, 810324.0, 810324.0, 810324.0, 810324.0, 810324.0, 810324.0, 810324.0, 810324.0, 810324.0, 810324.0, 810324.0, 810324.0, 810324.0, 810324.0, 810324.0, 810324.0, 810324.0, 810324.0, 810324.0, 810324.0, 810324.0, 810324.0, 810324.0, 810324.0, 810324.0, 810324.0, 810324.0, 810324.0, 810324.0, 810324.0, 810324.0, 810324.0, 810324.0, 810324.0, 810324.0, 810324.0, 810324.0, 810324.0, 810324.0, 810324.0, 810324.0, 810324.0, 810324.0, 810324.0, 810324.0, 810324.0, 810324.0, 810324.0, 810324.0, 810324.0, 810324.0, 810324.0, 810324.0, 810324.0, 810324.0, 810324.0, 810324.0, 810324.0, 810324.0, 810324.0, 810324.0, 810324.0, 810324.0, 810324.0, 810324.0, 810324.0, 810324.0, 810324.0, 810324.0, 810324.0, 810324.0, 810324.0, 810324.0, 810324.0, 810324.0, 810324.0, 810324.0, 810324.0, 810324.0, 810324.0, 810324.0, 810324.0, 810324.0, 810324.0, 810324.0, 810324.0, 810324.0, 810324.0, 810324.0, 810324.0, 810324.0, 810324.0, 810324.0, 810324.0, 810324.0, 810324.0, 810324.0, 810324.0, 810324.0, 810324.0, 810324.0, 810324.0, 810324.0, 810324.0, 810324.0, 810324.0, 810324.0, 810324.0, 810324.0, 810324.0, 810324.0, 810324.0, 810324.0, 810324.0, 810324.0, 810324.0, 810324.0, 810324.0, 810324.0, 810324.0, 810324.0, 810324.0, 810324.0, 810324.0, 810324.0, 810324.0, 810324.0, 810324.0, 810324.0, 810324.0, 810324.0, 810324.0, 810324.0, 810324.0, 810324.0, 810324.0, 810324.0, 810324.0, 810324.0, 810324.0, 810324.0, 810324.0, 810324.0, 810324.0, 810324.0, 810324.0, 810324.0, 810324.0, 810324.0, 810324.0, 810324.0, 810324.0, 810324.0, 810324.0, 810324.0, 810324.0, 810324.0, 810324.0, 810324.0, 810324.0, 810324.0, 810324.0, 810324.0, 810324.0, 810324.0, 810324.0, 810324.0, 810324.0, 810324.0, 810324.0, 810324.0, 810324.0, 810324.0, 810324.0, 810324.0, 810324.0, 810324.0, 810324.0, 810324.0, 810324.0, 810324.0, 810324.0, 810324.0, 810324.0, 810324.0, 810324.0, 810324.0, 810324.0, 810324.0, 810324.0, 810324.0, 810324.0, 810324.0, 810324.0, 810324.0, 810324.0, 810324.0, 810324.0, 810324.0, 810324.0, 810324.0, 810324.0, 810324.0, 810324.0, 810324.0, 810324.0, 810324.0, 810324.0, 810324.0, 810324.0, 810324.0, 810324.0, 810324.0, 810324.0, 810324.0, 810324.0, 810324.0, 810324.0, 810324.0, 808117.353094857, 808117.353094857, 808117.353094857, 808117.353094857, 808117.353094857, 808117.353094857, 808117.353094857, 808117.353094857, 808117.353094857, 808117.353094857, 808117.353094857, 808117.353094857, 808117.353094857, 808117.353094857, 808117.353094857, 808117.353094857, 808117.353094857, 808117.353094857, 808117.353094857, 808117.353094857, 808117.353094857, 808117.353094857, 808117.353094857, 808117.353094857, 808117.353094857, 808117.353094857, 808117.353094857, 808117.353094857, 808117.353094857, 808117.353094857, 808117.353094857, 808117.353094857, 808117.353094857, 808117.353094857, 808117.353094857, 808117.353094857, 808117.353094857, 808117.353094857, 810324.0, 810324.0, 810324.0, 810324.0, 810324.0, 810324.0, 810324.0, 810324.0, 810324.0, 810324.0, 810324.0, 810324.0, 810324.0, 810324.0, 810324.0, 810324.0, 810324.0, 810324.0, 810324.0, 810324.0, 810324.0, 810324.0, 810324.0, 810324.0, 810324.0, 810324.0, 810324.0, 810324.0, 810324.0, 810324.0, 810324.0, 810324.0, 810324.0, 810324.0, 810324.0, 810324.0, 810324.0, 810324.0, 810324.0, 810324.0, 810324.0, 810324.0, 810324.0, 810324.0, 810324.0, 810324.0, 810324.0, 810324.0, 810324.0, 810324.0, 810324.0, 810324.0, 810324.0, 810324.0, 810324.0, 810324.0, 810324.0, 810324.0, 810324.0, 810324.0, 810324.0, 810324.0, 810324.0, 810324.0, 810324.0, 810324.0, 810324.0, 810324.0, 810324.0, 810324.0, 810324.0, 810324.0, 810324.0, 810324.0, 810324.0, 810324.0, 810324.0, 810324.0, 810324.0, 810324.0, 810324.0, 810324.0, 810324.0, 810324.0, 810324.0, 810324.0, 810324.0, 810324.0, 810324.0, 810324.0, 810324.0, 810324.0, 810324.0, 810324.0, 810324.0, 810324.0, 810324.0, 810324.0, 810324.0, 810324.0, 810324.0, 810324.0, 810324.0, 810324.0, 810324.0, 810324.0, 810324.0, 810324.0, 810324.0, 810324.0, 810324.0, 810324.0, 810324.0, 810324.0, 810324.0, 810324.0, 810324.0, 810324.0, 810324.0, 810324.0, 810324.0, 810324.0, 810324.0, 810324.0, 810324.0, 810324.0, 810324.0, 810324.0, 810324.0, 810324.0, 810324.0, 810324.0, 810324.0, 810324.0, 810324.0, 810324.0, 810324.0, 810324.0, 810324.0, 810324.0, 810324.0, 810324.0, 810324.0, 810324.0, 810324.0, 810324.0, 810324.0, 810324.0, 810324.0, 810324.0, 810324.0, 810324.0, 810324.0, 810324.0, 810324.0, 810324.0, 810324.0, 810324.0, 810324.0, 810324.0, 810324.0, 810324.0, 810324.0, 810324.0, 810324.0, 810324.0, 810324.0, 810324.0, 810324.0, 810324.0, 810324.0, 810324.0, 810324.0, 810324.0, 810324.0, 810324.0, 810324.0, 810324.0, 810324.0, 810324.0, 810324.0, 810324.0, 810324.0, 810324.0, 810324.0, 810324.0, 810324.0, 810324.0, 810324.0, 810324.0, 810324.0, 810324.0, 810324.0, 810324.0, 810324.0, 810324.0, 810324.0, 810324.0, 810324.0, 810324.0, 810324.0, 810324.0, 810324.0, 810324.0, 810324.0, 810324.0, 810324.0, 810324.0, 810324.0, 810324.0, 810324.0, 810324.0, 810324.0, 810324.0, 810324.0, 810324.0, 810324.0, 810324.0, 810324.0, 810324.0, 810324.0, 810324.0, 810324.0, 810324.0, 810324.0, 810324.0, 810324.0, 810324.0, 810324.0, 810324.0, 810324.0, 810324.0, 810324.0, 810324.0, 810324.0, 810324.0, 810324.0, 810324.0, 810324.0, 810324.0, 810324.0, 810324.0, 810324.0, 810324.0, 810324.0, 810324.0, 810324.0, 810324.0, 810324.0, 810324.0, 810324.0, 810324.0, 810324.0, 810324.0, 810324.0, 810324.0, 810324.0, 810324.0, 810324.0, 810324.0, 810324.0, 810324.0, 810324.0, 810324.0, 810324.0, 810324.0, 810324.0, 810324.0, 810324.0, 810324.0, 810324.0, 810324.0, 810324.0, 810324.0, 810324.0, 810324.0, 810324.0, 810324.0, 810324.0, 810324.0, 810324.0, 810324.0, 810324.0, 810324.0, 810324.0, 810324.0, 810324.0, 810324.0, 810324.0, 810324.0, 810324.0, 810324.0, 810324.0, 810324.0, 810324.0, 810324.0, 810324.0, 810324.0, 810324.0, 810324.0, 810324.0, 810324.0, 810324.0, 810324.0, 810324.0, 810324.0, 810324.0, 810324.0, 810324.0, 810324.0, 810324.0, 810324.0, 810324.0, 810324.0, 810324.0, 810324.0, 810324.0, 810324.0, 810324.0, 810324.0, 810324.0, 810324.0, 810324.0, 810324.0, 810324.0, 810324.0, 810324.0, 810324.0, 810324.0, 810324.0, 810324.0, 810324.0, 810324.0, 810324.0, 810324.0, 810324.0, 810324.0, 810324.0, 810324.0, 810324.0, 810324.0, 810324.0, 810324.0, 810324.0, 810324.0, 810324.0, 810324.0, 810324.0, 810324.0, 810324.0, 810324.0, 810324.0, 810324.0, 810324.0, 810324.0, 810324.0, 810324.0, 810324.0, 810324.0, 810324.0, 810324.0, 810324.0, 810324.0, 810324.0, 810324.0, 810324.0, 810324.0, 810324.0, 810324.0, 810324.0, 810324.0, 810324.0, 810324.0, 810324.0, 810324.0, 810324.0, 810324.0, 810324.0, 810324.0, 810324.0, 810324.0, 810324.0, 810324.0, 810324.0, 810324.0, 810324.0, 810324.0, 810324.0, 810324.0, 810324.0, 810324.0, 810324.0, 810324.0, 810324.0, 810324.0, 810324.0, 810324.0, 810324.0, 810324.0, 810324.0, 810324.0, 810324.0, 810324.0, 810324.0, 810324.0, 810324.0, 810324.0, 810324.0, 810324.0, 810324.0, 810324.0, 810324.0, 810324.0, 810324.0, 810324.0, 810324.0, 810324.0, 810324.0, 810324.0, 810324.0, 810324.0, 810324.0, 810324.0, 810324.0, 810324.0, 810324.0, 810324.0, 810324.0, 810324.0, 810324.0, 810324.0, 810324.0, 810324.0, 810324.0, 810324.0, 810324.0, 810324.0, 810324.0, 810324.0, 810324.0, 810324.0, 810324.0, 810324.0, 810324.0, 810324.0, 810324.0, 810324.0, 810324.0, 810324.0, 810324.0, 810324.0, 810324.0, 810324.0, 810324.0, 810324.0, 810324.0, 810324.0, 810324.0, 810324.0, 810324.0, 810324.0, 810324.0, 810324.0, 810324.0, 810324.0, 810324.0, 810324.0, 810324.0, 810324.0, 810324.0, 810324.0, 810324.0, 810324.0, 810324.0, 810324.0, 810324.0, 810324.0, 810324.0, 810324.0, 810324.0, 810324.0, 810324.0, 810324.0, 810324.0, 810324.0, 810324.0, 810324.0, 810324.0, 810324.0, 810324.0, 810324.0, 810324.0, 810324.0, 810324.0, 810324.0, 810324.0, 810324.0, 810324.0, 810324.0, 810324.0, 810324.0, 810324.0, 810324.0, 810324.0, 810324.0, 810324.0, 810324.0, 810324.0, 810324.0, 810324.0, 810324.0, 810324.0, 810324.0, 810324.0, 810324.0, 810324.0, 810324.0, 810324.0, 810324.0, 810324.0, 810324.0, 810324.0, 810324.0, 810324.0, 810324.0, 810324.0, 810324.0, 810324.0, 810324.0, 810324.0, 810324.0, 810324.0, 810324.0, 810324.0, 810324.0, 810324.0, 810324.0, 810324.0, 810324.0, 810324.0, 810324.0, 810324.0, 810324.0, 810324.0, 810324.0, 810324.0, 810324.0, 810324.0, 810324.0, 810324.0, 810324.0, 810324.0, 810324.0, 810324.0, 810324.0, 810324.0, 810324.0, 810324.0, 810324.0, 810324.0, 810324.0, 810324.0, 810324.0, 810324.0, 810324.0, 810324.0, 810324.0, 810324.0, 810324.0, 810324.0, 810324.0, 810324.0, 810324.0, 810324.0, 810324.0, 810324.0, 810324.0, 810324.0, 810324.0, 810324.0, 810324.0, 810324.0, 810324.0, 810324.0, 810324.0, 810324.0, 810324.0, 810324.0, 810324.0, 810324.0, 810324.0, 810324.0, 810324.0, 810324.0, 810324.0, 810324.0, 810324.0, 810324.0, 810324.0, 810324.0, 810324.0, 810324.0, 810324.0, 810324.0, 810324.0, 810324.0, 810324.0, 810324.0, 810324.0, 810324.0, 810324.0, 810324.0, 810324.0, 810324.0, 810324.0, 810324.0, 810324.0, 810324.0, 810324.0, 810324.0, 810324.0, 810324.0, 810324.0, 810324.0, 810324.0, 810324.0, 810324.0, 810324.0, 810324.0, 810324.0, 810324.0, 810324.0, 810324.0, 810324.0, 810324.0, 810324.0, 810324.0, 810324.0, 810324.0, 810324.0, 810324.0, 810324.0, 810324.0, 810324.0, 810324.0, 810324.0, 810324.0, 810324.0, 810324.0, 810324.0, 810324.0, 810324.0, 810324.0, 810324.0, 810324.0, 810324.0, 810324.0, 810324.0, 810324.0, 810324.0, 810324.0, 810324.0, 810324.0, 810324.0, 810324.0, 810324.0, 810324.0, 810324.0, 810324.0, 810324.0, 810324.0, 810324.0, 810324.0, 810324.0, 810324.0, 810324.0, 810324.0, 810324.0, 810324.0, 810324.0, 810324.0, 810324.0, 810324.0, 810324.0, 810324.0, 810324.0, 810324.0, 810324.0, 810324.0, 810324.0, 810324.0, 810324.0, 810324.0, 810324.0, 810324.0, 810324.0, 810324.0, 810324.0, 810324.0, 810324.0, 810324.0, 810324.0, 810324.0, 810324.0, 810324.0, 810324.0, 810324.0, 810324.0, 810324.0, 810324.0, 810324.0, 810324.0, 810324.0, 810324.0, 810324.0, 810324.0, 810324.0, 810324.0, 810324.0, 810324.0, 810324.0, 810324.0, 810324.0, 810324.0, 810324.0, 810324.0, 810324.0, 810324.0, 810324.0, 810324.0, 810324.0, 810324.0, 810324.0, 810324.0, 810324.0, 810324.0, 810324.0, 810324.0, 810324.0, 810324.0, 810324.0, 810324.0, 810324.0, 810324.0, 810324.0, 810324.0, 810324.0, 810324.0, 810324.0, 810324.0, 810324.0, 810324.0, 810324.0, 810324.0, 810324.0, 810324.0, 810324.0, 810324.0, 810324.0, 810324.0, 810324.0, 810324.0, 810324.0, 810324.0, 810324.0, 810324.0, 810324.0, 810324.0, 810324.0, 810324.0, 810324.0, 810324.0, 810324.0, 810324.0, 810324.0, 810324.0, 810324.0, 810324.0, 810324.0, 810324.0, 810324.0, 810324.0, 810324.0, 810324.0, 810324.0, 810324.0, 810324.0, 810324.0, 810324.0, 810324.0, 810324.0, 810324.0, 810324.0, 810324.0, 810324.0, 810324.0, 810324.0, 810324.0, 810324.0, 810324.0, 810324.0, 810324.0, 810324.0, 810324.0, 810324.0, 810324.0, 810324.0, 810324.0, 810324.0, 810324.0, 810324.0, 810324.0, 810324.0, 810324.0, 810324.0, 810324.0, 810324.0, 810324.0, 810324.0, 810324.0, 810324.0, 810324.0, 810324.0, 810324.0, 810324.0, 810324.0, 810324.0, 810324.0, 810324.0, 810324.0, 810324.0, 810324.0, 810324.0, 810324.0, 810324.0, 810324.0, 810324.0, 810324.0, 810324.0, 810324.0, 810324.0, 810324.0, 810324.0, 810324.0, 810324.0, 810324.0, 810324.0, 810324.0, 810324.0, 810324.0, 810324.0, 810324.0, 810324.0, 810324.0, 810324.0, 810324.0, 810324.0, 810324.0, 810324.0, 810324.0, 810324.0, 810324.0, 810324.0, 810324.0, 810324.0, 810324.0, 810324.0, 810324.0, 810324.0, 810324.0, 810324.0, 810324.0, 810324.0, 810324.0, 810324.0, 810324.0, 810324.0, 810324.0, 810324.0, 810324.0, 810324.0, 810324.0, 810324.0, 810324.0, 810324.0, 810324.0, 810324.0, 810324.0, 810324.0, 810324.0, 810324.0, 810324.0, 810324.0, 810324.0, 810324.0, 810324.0, 810324.0, 810324.0, 810324.0, 810324.0, 810324.0, 810324.0, 810324.0, 810324.0, 810324.0, 810324.0, 810324.0, 810324.0, 810324.0, 810324.0, 810324.0, 810324.0, 810324.0, 810324.0, 810324.0, 810324.0, 810324.0, 810324.0, 810324.0, 810324.0, 810324.0, 810324.0, 810324.0, 810324.0, 810324.0, 810324.0, 810324.0, 810324.0, 810324.0, 810324.0, 810324.0, 810324.0, 810324.0, 810324.0, 810324.0, 810324.0, 810324.0, 810324.0, 810324.0, 810324.0, 810324.0, 810324.0, 810324.0, 810324.0, 810324.0, 810324.0, 810324.0, 810324.0, 810324.0, 810324.0, 810324.0, 810324.0, 810324.0, 810324.0, 810324.0, 810324.0, 810324.0, 810324.0, 810324.0, 810324.0, 810324.0, 810324.0, 810324.0, 810324.0, 810324.0, 810324.0, 810324.0, 810324.0, 810324.0, 810324.0, 810324.0, 810324.0, 810324.0, 810324.0, 810324.0, 810324.0, 810324.0, 810324.0, 810324.0, 810324.0, 810324.0, 810324.0, 810324.0, 810324.0, 810324.0, 810324.0, 810324.0, 810324.0, 810324.0, 810324.0, 810324.0, 810324.0, 810324.0, 810324.0, 810324.0, 810324.0, 810324.0, 810324.0, 810324.0, 810324.0, 810324.0, 810324.0, 810324.0, 810324.0, 810324.0, 810324.0, 810324.0, 810324.0, 810324.0, 810324.0, 810324.0, 810324.0, 810324.0, 810324.0, 810324.0, 810324.0, 810324.0, 810324.0, 810324.0, 810324.0, 810324.0, 810324.0, 810324.0, 810324.0, 810324.0, 810324.0, 810324.0, 810324.0, 810324.0, 810324.0, 810324.0, 810324.0, 810324.0, 810324.0, 810324.0, 810324.0, 810324.0, 810324.0, 810324.0, 810324.0, 810324.0, 810324.0, 810324.0, 810324.0, 810324.0, 810324.0, 810324.0, 810324.0, 810324.0, 810324.0, 810324.0, 810324.0, 810130.6377338951, 810130.6377338951, 810130.6377338951, 810130.6377338951, 810130.6377338951, 810130.6377338951, 810130.6377338951, 810130.6377338951, 810130.6377338951, 810130.6377338951, 810130.6377338951, 810130.6377338951, 810130.6377338951, 810130.6377338951, 810130.6377338951, 810130.6377338951, 810130.6377338951, 810130.6377338951, 810130.6377338951, 810130.6377338951, 810130.6377338951, 810130.6377338951, 810130.6377338951, 810130.6377338951, 810130.6377338951, 810130.6377338951, 810130.6377338951, 810130.6377338951, 810130.6377338951, 810130.6377338951, 810130.6377338951, 810130.6377338951, 810130.6377338951, 810130.6377338951, 810130.6377338951, 810130.6377338951, 810130.6377338951, 810130.6377338951, 810130.6377338951, 810130.6377338951, 810130.6377338951, 810130.6377338951, 810130.6377338951, 810130.6377338951, 810130.6377338951, 810130.6377338951, 809658.7614776319, 809658.7614776319, 809658.7614776319, 809658.7614776319, 809658.7614776319, 809658.7614776319, 809658.7614776319, 809658.7614776319, 809658.7614776319, 809658.7614776319, 809658.7614776319, 809658.7614776319, 809658.7614776319, 809658.7614776319, 809658.7614776319, 809658.7614776319, 809658.7614776319, 809658.7614776319, 809658.7614776319, 809658.7614776319, 809658.7614776319, 809658.7614776319, 809658.7614776319, 809658.7614776319, 809658.7614776319, 809658.7614776319, 809658.7614776319, 809658.7614776319, 809658.7614776319, 809658.7614776319, 809658.7614776319, 809658.7614776319, 809658.7614776319, 809658.7614776319, 809658.7614776319, 809658.7614776319, 809658.7614776319, 809658.7614776319, 809881.2826031136, 810001.0315750611, 810001.0315750611, 810001.0315750611, 810001.0315750611, 810001.0315750611, 810001.0315750611, 810001.0315750611, 810001.0315750611, 810001.0315750611, 810001.0315750611, 810001.0315750611, 810001.0315750611, 810001.0315750611, 810001.0315750611, 810001.0315750611, 810001.0315750611, 810001.0315750611, 810001.0315750611, 810001.0315750611, 810001.0315750611, 810001.0315750611, 810001.0315750611, 810001.0315750611, 810001.0315750611, 810001.0315750611, 810001.0315750611, 810001.0315750611, 810001.0315750611, 810001.0315750611, 810001.0315750611, 810001.0315750611, 810001.0315750611, 810001.0315750611, 810001.0315750611, 810001.0315750611, 810001.0315750611, 810001.0315750611, 810001.0315750611, 810001.0315750611, 810001.0315750611, 810001.0315750611, 810001.0315750611, 810001.0315750611, 810001.0315750611, 810001.0315750611, 810001.0315750611, 810001.0315750611, 810001.0315750611, 810001.0315750611, 810001.0315750611, 810001.0315750611, 810265.194526306, 810265.194526306, 810265.194526306, 810265.194526306, 810265.194526306, 810265.194526306, 810265.194526306, 810265.194526306, 810265.194526306, 810265.194526306, 810265.194526306, 810265.194526306, 810265.194526306, 810265.194526306, 810265.194526306, 810265.194526306, 810265.194526306, 810265.194526306, 810265.194526306, 810265.194526306, 810265.194526306, 810265.194526306, 810265.194526306, 810265.194526306, 810265.194526306, 810265.194526306, 810265.194526306, 810265.194526306, 810265.194526306, 810265.194526306, 810265.194526306, 810265.194526306, 810265.194526306, 810265.194526306, 810265.194526306, 810265.194526306, 810265.194526306, 810265.194526306, 810265.194526306, 810265.194526306, 810324.0, 810324.0, 810324.0, 810324.0, 810324.0, 810324.0, 810324.0, 810324.0, 810324.0, 810324.0, 810324.0, 810324.0, 810324.0, 810324.0, 810324.0, 810324.0, 810324.0, 810324.0, 810324.0, 810324.0, 810324.0, 810324.0, 810324.0, 810324.0, 810324.0, 810324.0, 810324.0, 810324.0, 810324.0, 810324.0, 810324.0, 810324.0, 810324.0, 810324.0, 810324.0, 810324.0, 810324.0, 810324.0, 810324.0, 810324.0, 810324.0, 810324.0, 810324.0, 810324.0, 810324.0, 810324.0, 810324.0, 810324.0, 810324.0, 810324.0, 810324.0, 810324.0, 810324.0, 810324.0, 810324.0, 810324.0, 810324.0, 810324.0, 810324.0, 810324.0, 810324.0, 810324.0, 810324.0, 810324.0, 810324.0, 810324.0, 810324.0, 810324.0, 810324.0, 810324.0, 810324.0, 810324.0, 810324.0, 810324.0, 810324.0, 810324.0, 810324.0, 810324.0, 810324.0, 810324.0, 810324.0, 810324.0, 810324.0, 810324.0, 810324.0, 810324.0, 810324.0, 810324.0, 810324.0, 810324.0, 810324.0, 810324.0, 810324.0, 810324.0, 810324.0, 810324.0, 810324.0, 810324.0, 810324.0, 810324.0, 810324.0, 810324.0, 810324.0, 810324.0, 810324.0, 810324.0, 810324.0, 810324.0, 810324.0, 810324.0, 810324.0, 810324.0, 810324.0, 810324.0, 810324.0, 810324.0, 810324.0, 810324.0, 810324.0, 810324.0, 810324.0, 810324.0, 810324.0, 810324.0, 810324.0, 810324.0, 810324.0, 810324.0, 810324.0, 810324.0, 810324.0, 810324.0, 810324.0, 810324.0, 810324.0, 810324.0, 810324.0, 810324.0, 810324.0, 810324.0, 810324.0, 810324.0, 810324.0, 810324.0, 810324.0, 810324.0, 810324.0, 810324.0, 810324.0, 810324.0, 810324.0, 810324.0, 810324.0, 810324.0, 810324.0, 810324.0, 810324.0, 810324.0, 810324.0, 810324.0, 810324.0, 810324.0, 810324.0, 810324.0, 810324.0, 810324.0, 810324.0, 810324.0, 810324.0, 810324.0, 810324.0, 810324.0, 810324.0, 810324.0, 810324.0, 810324.0, 810324.0, 810324.0, 810324.0, 810324.0, 810324.0, 810324.0, 810324.0, 810324.0, 810324.0, 810324.0, 810324.0, 810324.0, 810324.0, 810324.0, 810324.0, 810324.0, 810324.0, 810324.0, 810324.0, 810324.0, 810324.0, 810324.0, 810324.0, 810324.0, 810324.0, 810324.0, 810324.0, 810324.0, 810324.0, 810324.0, 810324.0, 810324.0, 810324.0, 810324.0, 810324.0, 810324.0, 810324.0, 810324.0, 810324.0, 810324.0, 810324.0, 810324.0, 810324.0, 810324.0, 810324.0, 810324.0, 810324.0, 810324.0, 810324.0, 810324.0, 810324.0, 810324.0, 810324.0, 810324.0, 810324.0, 810324.0, 810324.0, 810324.0, 810324.0, 810324.0, 810324.0, 810324.0, 810324.0, 810324.0, 810324.0, 810324.0, 810324.0, 810324.0, 810324.0, 810324.0, 810324.0, 810324.0, 810324.0, 810324.0, 810324.0, 810324.0, 810324.0, 810324.0, 810324.0, 810324.0, 810324.0, 810324.0, 810324.0, 810324.0, 810324.0, 810324.0, 810324.0, 810324.0, 810324.0, 810324.0, 810324.0, 810324.0, 810324.0, 810324.0, 810324.0, 810324.0, 810324.0, 810324.0, 810324.0, 810324.0, 810324.0, 810324.0, 810324.0, 810324.0, 810324.0, 810324.0, 810324.0, 810324.0, 810324.0, 810324.0, 810324.0, 810324.0, 810324.0, 810324.0, 810324.0, 810324.0, 810324.0, 810324.0, 810324.0, 810324.0, 810324.0, 810324.0, 810324.0, 810324.0, 810324.0, 810324.0, 810324.0, 810324.0, 810324.0, 810324.0, 810324.0, 810324.0, 810324.0, 810324.0, 810324.0, 810324.0, 810324.0, 810324.0, 810324.0, 810324.0, 810324.0, 810324.0, 810324.0, 810324.0, 810324.0, 810324.0, 810324.0, 810324.0, 810324.0, 810324.0, 810324.0, 810324.0, 810324.0, 810324.0, 810324.0, 810324.0, 810324.0, 810324.0, 810324.0, 810324.0, 810324.0, 810324.0, 810324.0, 810324.0, 810324.0, 810324.0, 810324.0, 810324.0, 810324.0, 810324.0, 810324.0, 810324.0, 810324.0, 810324.0, 810324.0, 810324.0, 810324.0, 810324.0, 810324.0, 810324.0, 810324.0, 810324.0, 810324.0, 810324.0, 810324.0, 810324.0, 810324.0, 810324.0, 810324.0, 810324.0, 810324.0, 810324.0, 810324.0, 810324.0, 810324.0, 810324.0, 810324.0, 810324.0, 810324.0, 810324.0, 810324.0, 810324.0, 810324.0, 810324.0, 810324.0, 810324.0, 810324.0, 810324.0, 810324.0, 810324.0, 810324.0, 810324.0, 810324.0, 810324.0, 810324.0, 810324.0, 810324.0, 810324.0, 810324.0, 810324.0, 810324.0, 810324.0, 810324.0, 810324.0, 810324.0, 810324.0, 810324.0, 810324.0, 810324.0, 810324.0, 810324.0, 810324.0, 810324.0, 810324.0, 810324.0, 810324.0, 810324.0, 810324.0, 810324.0, 810324.0, 810324.0, 810324.0, 810324.0, 810324.0, 810324.0, 810324.0, 810324.0, 810324.0, 810324.0, 810324.0, 810324.0, 810324.0, 810324.0, 810324.0, 810324.0, 810324.0, 810324.0, 810324.0, 810324.0, 810324.0, 810324.0, 810324.0, 810324.0, 810324.0, 810324.0, 810324.0, 810324.0, 810324.0, 810324.0, 810324.0, 810324.0, 810324.0, 810324.0, 810324.0, 810324.0, 810324.0, 810324.0, 810324.0, 810324.0, 810324.0, 810324.0, 810324.0, 810324.0, 810324.0, 810324.0, 810324.0, 810324.0, 810324.0, 810324.0, 810324.0, 810324.0, 810324.0, 810324.0, 810324.0, 810324.0, 810324.0, 810324.0, 810324.0, 810324.0, 810324.0, 810324.0, 810324.0, 810324.0, 810324.0, 810324.0, 810324.0, 810324.0, 810324.0, 810324.0, 810324.0, 810324.0, 810324.0, 810324.0, 810324.0, 810324.0, 810324.0, 810324.0, 810324.0, 810324.0, 810324.0, 810324.0, 810324.0, 810324.0, 810324.0, 810324.0, 810324.0, 810324.0, 810324.0, 810324.0, 802439.0490034076, 802439.0490034076, 802439.0490034076, 802439.0490034076, 802439.0490034076, 802439.0490034076, 802439.0490034076, 802439.0490034076, 802439.0490034076, 802439.0490034076, 802439.0490034076, 802439.0490034076, 802439.0490034076, 802439.0490034076, 802439.0490034076, 802439.0490034076, 802439.0490034076, 802439.0490034076, 802439.0490034076, 802439.0490034076, 802439.0490034076, 802439.0490034076, 802439.0490034076, 802439.0490034076, 802439.0490034076, 802439.0490034076, 802439.0490034076, 802439.0490034076, 802439.0490034076, 802439.0490034076, 802439.0490034076, 802439.0490034076, 802439.0490034076, 802439.0490034076, 802439.0490034076, 802439.0490034076, 810324.0, 810324.0, 810324.0, 810324.0, 810324.0, 810324.0, 810324.0, 810324.0, 810324.0, 810324.0, 802280.6388376275, 802280.6388376275, 802280.6388376275, 802280.6388376275, 802280.6388376275, 802280.6388376275, 802280.6388376275, 802280.6388376275, 802280.6388376275, 802280.6388376275, 802280.6388376275, 802280.6388376275, 802280.6388376275, 802280.6388376275, 802280.6388376275, 802280.6388376275, 802280.6388376275, 802280.6388376275, 802280.6388376275, 802280.6388376275, 802280.6388376275, 802280.6388376275, 802280.6388376275, 802280.6388376275, 802280.6388376275, 802280.6388376275, 802280.6388376275, 802280.6388376275, 802280.6388376275, 802280.6388376275, 802280.6388376275, 802280.6388376275, 810324.0, 810324.0, 810324.0, 810324.0, 810324.0, 810324.0, 810324.0, 810324.0, 810324.0, 810324.0, 810324.0, 810324.0, 810324.0, 810324.0, 810324.0, 810324.0, 810324.0, 810324.0, 810324.0, 810324.0, 810324.0, 810324.0, 810324.0, 810324.0, 810324.0, 810324.0, 810324.0, 810324.0, 810324.0, 810324.0, 810324.0, 810324.0, 810324.0, 810324.0, 810324.0, 810324.0, 810324.0, 810324.0, 810324.0, 810324.0, 810324.0, 810324.0, 810324.0, 810324.0, 810324.0, 810324.0, 810324.0, 810324.0, 810324.0, 810324.0, 810324.0, 810324.0, 810324.0, 810324.0, 810324.0, 810324.0, 810324.0, 810324.0, 810324.0, 810324.0, 810324.0, 810324.0, 810324.0, 810324.0, 810324.0, 810324.0, 810324.0, 810324.0, 810324.0, 810324.0, 810324.0, 810324.0, 810324.0, 810324.0, 810324.0, 810324.0, 810324.0, 810324.0, 810324.0, 810324.0, 810324.0, 810324.0, 810324.0, 810324.0, 810324.0, 810324.0, 810324.0, 810324.0, 810324.0, 810324.0, 810324.0, 810324.0, 810324.0, 810324.0, 810324.0, 810324.0, 810324.0, 810324.0, 810324.0, 810324.0, 810324.0, 810324.0, 810324.0, 810324.0, 810324.0, 810324.0, 810324.0, 810324.0, 810324.0, 810324.0, 810324.0, 810324.0, 810324.0, 810324.0, 810324.0, 810324.0, 810324.0, 810324.0, 810324.0, 810324.0, 810324.0, 810324.0, 810324.0, 810324.0, 810324.0, 810324.0, 810324.0, 810324.0, 810324.0, 810324.0, 810324.0, 810324.0, 810324.0, 810324.0, 810324.0, 810324.0, 810324.0, 810324.0, 810324.0, 810324.0, 810324.0, 810324.0, 810324.0, 810324.0, 810324.0, 810324.0, 810324.0, 810324.0, 810324.0, 808158.898240209, 808158.898240209, 808158.898240209, 808158.898240209, 808158.898240209, 808158.898240209, 808158.898240209, 808158.898240209, 808158.898240209, 808158.898240209, 808158.898240209, 808158.898240209, 808158.898240209, 808158.898240209, 808158.898240209, 808158.898240209, 808158.898240209, 808158.898240209, 808158.898240209, 808158.898240209, 808158.898240209, 808158.898240209, 808158.898240209, 808158.898240209, 808158.898240209, 808158.898240209, 808158.898240209, 808158.898240209, 808158.898240209, 810324.0, 810324.0, 810324.0, 810324.0, 810324.0, 810324.0, 810324.0, 810324.0, 810324.0, 810324.0, 810324.0, 810324.0, 810324.0, 810324.0, 810324.0, 810324.0, 810324.0, 810324.0, 810324.0, 810324.0, 810324.0, 810324.0, 810324.0, 810324.0, 810324.0, 810324.0, 810324.0, 810324.0, 810324.0, 810324.0, 810324.0, 810324.0, 810324.0, 810324.0, 810324.0, 810324.0, 810324.0, 810324.0, 810324.0, 810324.0, 810324.0, 810324.0, 810324.0, 810324.0, 810324.0, 810324.0, 810324.0, 810324.0, 810324.0, 810324.0, 810324.0, 810324.0, 810324.0, 810324.0, 810324.0, 810324.0, 810324.0, 810324.0, 810324.0, 810324.0, 810324.0, 810324.0, 810324.0, 810324.0, 810324.0, 810324.0, 810324.0, 810324.0, 810324.0, 810324.0, 810324.0, 810324.0, 810324.0, 810324.0, 810324.0, 810324.0, 810324.0, 810324.0, 810324.0, 810324.0, 810324.0, 810324.0, 810324.0, 810324.0, 810324.0, 810324.0, 810324.0, 810324.0, 810324.0, 810324.0, 810324.0, 810324.0, 810324.0, 810324.0, 810324.0, 810324.0, 810324.0, 810324.0, 810324.0, 810324.0, 810324.0, 810324.0, 810324.0, 810324.0, 810324.0, 810324.0, 810324.0, 810324.0, 810324.0, 810324.0, 810324.0, 810324.0, 810324.0, 810324.0, 810324.0, 810324.0, 810324.0, 810324.0, 810324.0, 810324.0, 810324.0, 810324.0, 810324.0, 810324.0, 810324.0, 810324.0, 810324.0, 810324.0, 810324.0, 810324.0, 810324.0, 810324.0, 810324.0, 810324.0, 810324.0, 810324.0, 810324.0, 810324.0, 810324.0, 810324.0, 810324.0, 810324.0, 810324.0, 810324.0, 810324.0, 810324.0, 810324.0, 810324.0, 810324.0, 810324.0, 810324.0, 810324.0, 810324.0, 810324.0, 810324.0, 810324.0, 810324.0, 810324.0, 810324.0, 810324.0, 810324.0, 810324.0, 810324.0, 810324.0, 810324.0, 810324.0, 810324.0, 810324.0, 810324.0, 810324.0, 810324.0, 810324.0, 810324.0, 810324.0, 810324.0, 810324.0, 810324.0, 810324.0, 810324.0, 810324.0, 810324.0, 810324.0, 810324.0, 810324.0, 810324.0, 810324.0, 810324.0, 810324.0, 810324.0, 810324.0, 810324.0, 810324.0, 810324.0, 810324.0, 810324.0, 810324.0, 810324.0, 810324.0, 809930.8539334188, 809930.8539334188, 809930.8539334188, 809930.8539334188, 809930.8539334188, 809930.8539334188, 809930.8539334188, 809930.8539334188, 809930.8539334188, 809930.8539334188, 809930.8539334188, 809930.8539334188, 809930.8539334188, 809930.8539334188, 809930.8539334188, 809930.8539334188, 809930.8539334188, 809930.8539334188, 809930.8539334188, 809930.8539334188, 809930.8539334188, 809930.8539334188, 809930.8539334188, 809930.8539334188, 809930.8539334188, 809930.8539334188, 809930.8539334188, 809930.8539334188, 809930.8539334188, 809930.8539334188, 809930.8539334188, 809930.8539334188, 809930.8539334188, 809930.8539334188, 809930.8539334188, 809930.8539334188, 809930.8539334188, 809930.8539334188, 809930.8539334188, 809930.8539334188, 809930.8539334188, 809930.8539334188, 809930.8539334188, 809930.8539334188, 810324.0, 810324.0, 810324.0, 810324.0, 810324.0, 810324.0, 810324.0, 810324.0, 810324.0, 810324.0, 810324.0, 810324.0, 810324.0, 810324.0, 810324.0, 810324.0, 810324.0, 810324.0, 810324.0, 810324.0, 810324.0, 810324.0, 810324.0, 810324.0, 810324.0, 810324.0, 810324.0, 810324.0, 810324.0, 810324.0, 810324.0, 810324.0, 810324.0, 810324.0, 810324.0, 810324.0, 810324.0, 810324.0, 810324.0, 810324.0, 810324.0, 810324.0, 810324.0, 810324.0, 810324.0, 810324.0, 810324.0, 810324.0, 810324.0, 810324.0, 810324.0, 810324.0, 810324.0, 810324.0, 810324.0, 810324.0, 810324.0, 810324.0, 810324.0, 810324.0, 810324.0, 810324.0, 810324.0, 810324.0, 810324.0, 810324.0, 810324.0, 810324.0, 810324.0, 810324.0, 810324.0, 810324.0, 810324.0, 810324.0, 810324.0, 810324.0, 810324.0, 810324.0, 810324.0, 810324.0, 810324.0, 810324.0, 810324.0, 810324.0, 810324.0, 810324.0, 810324.0, 810324.0, 810324.0, 810324.0, 810324.0, 810324.0, 810324.0, 810324.0, 810324.0, 810324.0, 810324.0, 810324.0, 810324.0, 810324.0, 810324.0, 810324.0, 810324.0, 810324.0, 810324.0, 810324.0, 810324.0, 810324.0, 810324.0, 810324.0, 810324.0, 810324.0, 810324.0, 810324.0, 810324.0, 810324.0, 810324.0, 810324.0, 810324.0, 810324.0, 810324.0, 810324.0, 810324.0, 810324.0, 810324.0, 810324.0, 810324.0, 810324.0, 810324.0, 810324.0, 810324.0, 810324.0, 810324.0, 810324.0, 810324.0, 810324.0, 810324.0, 810324.0, 810324.0, 810324.0, 810324.0, 810324.0, 810324.0, 810324.0, 810324.0, 810324.0, 810324.0, 810324.0, 810324.0, 810324.0, 810324.0, 810324.0, 810324.0, 810324.0, 810324.0, 810324.0, 810324.0, 810324.0, 810324.0, 810324.0, 810324.0, 810324.0, 810324.0, 810324.0, 810324.0, 810324.0, 810324.0, 810324.0, 810324.0, 810324.0, 810324.0, 810324.0, 810324.0, 810324.0, 810324.0, 810324.0, 810324.0, 810324.0, 810324.0, 810324.0, 810324.0, 810324.0, 810324.0, 810324.0, 810324.0, 810324.0, 810324.0, 810324.0, 810324.0, 810324.0, 810324.0, 810324.0, 810324.0, 810324.0, 810324.0, 810324.0, 810324.0, 810324.0, 810324.0, 810324.0, 810324.0, 810324.0, 810324.0, 810324.0, 810324.0, 810324.0, 810324.0, 810324.0, 810324.0, 810324.0, 810324.0, 810324.0, 810324.0, 810324.0, 810324.0, 810324.0, 810324.0, 810324.0, 810324.0, 810324.0, 810324.0, 810324.0, 810324.0, 810324.0, 810324.0, 810324.0, 810324.0, 810324.0, 810324.0, 810324.0, 810324.0, 810324.0, 810324.0, 810324.0, 810324.0, 810324.0, 810324.0, 810324.0, 810324.0, 810324.0, 810324.0, 810324.0, 810324.0, 810324.0, 810324.0, 810324.0, 810324.0, 810324.0, 810324.0, 810324.0, 810324.0, 810324.0, 810324.0, 810324.0, 810324.0, 810324.0, 810324.0, 810324.0, 810324.0, 810324.0, 810324.0, 810324.0, 810324.0, 810324.0, 810324.0, 810324.0, 810324.0, 810324.0, 810324.0, 810324.0, 810324.0, 810324.0, 810324.0, 810324.0, 810324.0, 810324.0, 810324.0, 810324.0, 810324.0, 810324.0, 810324.0, 810324.0, 810324.0, 810324.0, 810324.0, 810324.0, 810324.0, 810324.0, 810324.0, 810324.0, 810324.0, 810324.0, 810324.0, 810324.0, 810324.0, 810324.0, 810324.0, 810324.0, 810324.0, 810324.0, 810324.0, 810324.0, 810324.0, 810324.0, 810324.0, 810324.0, 810324.0, 810324.0, 810324.0, 810324.0, 810324.0, 810324.0, 810324.0, 810324.0, 810324.0, 810324.0, 810324.0, 810324.0, 810324.0, 810324.0, 810324.0, 810324.0, 810324.0, 810324.0, 810324.0, 810324.0, 810324.0, 810324.0, 810324.0, 810324.0, 810324.0, 810324.0, 810324.0, 810324.0, 810324.0, 810324.0, 810324.0, 810324.0, 810324.0, 810324.0, 810324.0, 810324.0, 810324.0, 810324.0, 810324.0, 810324.0, 810324.0, 810324.0, 810324.0, 810324.0, 810324.0, 810324.0, 810324.0, 810324.0, 810324.0, 810324.0, 810324.0, 810324.0, 810324.0, 810324.0, 810324.0, 810324.0, 810324.0, 810324.0, 810324.0, 808250.6708588398, 808250.6708588398, 808250.6708588398, 808250.6708588398, 808250.6708588398, 808250.6708588398, 808250.6708588398, 808250.6708588398, 808250.6708588398, 808250.6708588398, 808250.6708588398, 808250.6708588398, 808250.6708588398, 808250.6708588398, 808250.6708588398, 808250.6708588398, 808250.6708588398, 808250.6708588398, 808250.6708588398, 808250.6708588398, 808250.6708588398, 808250.6708588398, 808250.6708588398, 808250.6708588398, 808250.6708588398, 808250.6708588398, 808250.6708588398, 808250.6708588398, 808250.6708588398, 808250.6708588398, 808250.6708588398, 808250.6708588398, 808250.6708588398, 808250.6708588398, 808250.6708588398, 808250.6708588398, 808250.6708588398, 808250.6708588398, 808250.6708588398, 808250.6708588398, 808250.6708588398, 808250.6708588398, 808250.6708588398, 808250.6708588398, 808250.6708588398, 808250.6708588398, 808250.6708588398, 808250.6708588398, 808250.6708588398, 808250.6708588398, 808250.6708588398, 808250.6708588398, 808250.6708588398, 808250.6708588398, 808250.6708588398, 808250.6708588398, 808250.6708588398, 808250.6708588398, 808250.6708588398, 808250.6708588398, 808250.6708588398, 808250.6708588398, 808250.6708588398, 808250.6708588398, 808250.6708588398, 808250.6708588398, 808250.6708588398, 808250.6708588398, 808250.6708588398, 808250.6708588398, 808250.6708588398, 808250.6708588398, 808250.6708588398, 808250.6708588398, 808250.6708588398, 808250.6708588398, 808250.6708588398, 808250.6708588398, 808250.6708588398, 808250.6708588398, 810132.4714545107, 810132.4714545107, 810324.0, 810324.0, 810324.0, 810324.0, 810324.0, 810324.0, 810324.0, 810324.0, 810324.0, 810324.0, 
42696.72939470381, 31936.6852466862, 31936.6852466862, 18004.629448127656, 18004.629448127656, 18004.629448127656, 7381.891988932553, 3995.6547837540843, 3995.6547837540843, 3995.6547837540843, 3314.592817341779, 3314.592817341779, 3314.592817341779, 1823.127020712374, 1823.127020712374, 945.2590020193312, 945.2590020193312, 945.2590020193312, 945.2590020193312, 945.2590020193312, 945.2590020193312, 945.2590020193312, 945.2590020193312, 945.2590020193312, 908.6421096467488, 827.6226376512734, 827.6226376512734, 543.3637687069423, 543.3637687069423, 480.6398184284726, 480.6398184284726, 480.6398184284726, 242.26712821821928, 242.26712821821928, 242.26712821821928, 235.0186156091603, 235.0186156091603, 235.0186156091603, 235.0186156091603, 235.0186156091603, 125.97231524905402, 125.97231524905402, 125.97231524905402, 125.97231524905402, 125.97231524905402, 125.97231524905402, 125.97231524905402, 125.97231524905402, 125.97231524905402, 125.97231524905402, 97.21606662039868, 90.13598674978736, 90.13598674978736, 90.13598674978736, 90.13598674978736, 83.85106864431955, 83.85106864431955, 83.85106864431955, 83.85106864431955, 83.85106864431955, 83.85106864431955, 83.85106864431955, 83.85106864431955, 75.40815208132418, 75.40815208132418, 75.40815208132418, 75.40815208132418, 75.40815208132418, 75.40815208132418, 73.91627417072809, 73.91627417072809, 73.91627417072809, 73.91627417072809, 73.91627417072809, 73.91627417072809, 73.91627417072809, 60.52641592350505, 60.52641592350505, 60.52641592350505, 60.52641592350505, 60.52641592350505, 60.52641592350505, 60.52641592350505, 60.52641592350505, 60.52641592350505, 60.52641592350505, 60.52641592350505, 60.52641592350505, 60.52641592350505, 60.52641592350505, 60.52641592350505, 204305.20122896304, 284559.78480010765, 262759.5193674602, 229922.1041234358, 422032.6174583806, 438574.71893976594, 438574.71893976594, 438574.71893976594, 438574.71893976594, 438574.71893976594, 438574.71893976594, 441224.8255690802, 502482.27624487504, 541803.473028657, 541803.473028657, 541803.473028657, 558809.1493893722, 704554.0816699276, 704554.0816699276, 635147.5000431163, 672939.795912154, 672939.795912154, 672939.795912154, 672939.795912154, 668690.9181821132, 707950.8317477632, 737298.7476453583, 739204.4285127902, 739018.2268882971, 739018.2268882971, 764283.3319570408, 779223.9484941324, 779223.9484941324, 793179.4938181749, 793179.4938181749, 810195.6588984777, 810195.6588984777, 810195.6588984777, 810195.6588984777, 810195.6588984777, 810195.6588984777, 810195.6588984777, 810195.6588984777, 810195.6588984777, 810195.6588984777, 810195.6588984777, 810195.6588984777, 810195.6588984777, 810195.6588984777, 810195.6588984777, 810195.6588984777, 810195.6588984777, 810195.6588984777, 810195.6588984777, 810195.6588984777, 810195.6588984777, 810195.6588984777, 810195.6588984777, 810195.6588984777, 810195.6588984777, 810195.6588984777, 810195.6588984777, 810195.6588984777, 810195.6588984777, 810195.6588984777, 810195.6588984777, 810195.6588984777, 810195.6588984777, 810195.6588984777, 810195.6588984777, 810195.6588984777, 810195.6588984777, 810195.6588984777, 810195.6588984777, 810195.6588984777, 810195.6588984777, 810195.6588984777, 810195.6588984777, 810195.6588984777, 810195.6588984777, 810195.6588984777, 810195.6588984777, 810195.6588984777, 810324.0, 810324.0, 810324.0, 810324.0, 810324.0, 810324.0, 810324.0, 810324.0, 810324.0, 810324.0, 810324.0, 810324.0, 810324.0, 810324.0, 810324.0, 810324.0, 810324.0, 810324.0, 810324.0, 810324.0, 810324.0, 810324.0, 810324.0, 810324.0, 810324.0, 810324.0, 810324.0, 810324.0, 810324.0, 810324.0, 810324.0, 810324.0, 810324.0, 810324.0, 810324.0, 810324.0, 810324.0, 810324.0, 810324.0, 810324.0, 810324.0, 810324.0, 810324.0, 810324.0, 810324.0, 810324.0, 810324.0, 810324.0, 810324.0, 810324.0, 810324.0, 810324.0, 810324.0, 810324.0, 810324.0, 810324.0, 810324.0, 810324.0, 810324.0, 810324.0, 810324.0, 810324.0, 810324.0, 810324.0, 810324.0, 810324.0, 810324.0, 810324.0, 810324.0, 810324.0, 810324.0, 810324.0, 810324.0, 810324.0, 810324.0, 810324.0, 810324.0, 810324.0, 810324.0, 810324.0, 810324.0, 810324.0, 810324.0, 810324.0, 810324.0, 810324.0, 810324.0, 810324.0, 810324.0, 810324.0, 810324.0, 810324.0, 810324.0, 810324.0, 810324.0, 810324.0, 810324.0, 810324.0, 810324.0, 810324.0, 810324.0, 810324.0, 810324.0, 810324.0, 810324.0, 810324.0, 810324.0, 810324.0, 810324.0, 810324.0, 810324.0, 810324.0, 810324.0, 810324.0, 810324.0, 810324.0, 810324.0, 810324.0, 810324.0, 810324.0, 810324.0, 810324.0, 810324.0, 810324.0, 810324.0, 810324.0, 810324.0, 810324.0, 810324.0, 810324.0, 810324.0, 810324.0, 810324.0, 810324.0, 810324.0, 810324.0, 810324.0, 810324.0, 810324.0, 810324.0, 810324.0, 810324.0, 810324.0, 810324.0, 810324.0, 810324.0, 810324.0, 810324.0, 810324.0, 810324.0, 810324.0, 810324.0, 810324.0, 810324.0, 810324.0, 810324.0, 810324.0, 810324.0, 810324.0, 810324.0, 810324.0, 810324.0, 810324.0, 810324.0, 810324.0, 810324.0, 810324.0, 810324.0, 810324.0, 810324.0, 810324.0, 810324.0, 810324.0, 810324.0, 810324.0, 810324.0, 810324.0, 810324.0, 810324.0, 810324.0, 810324.0, 810324.0, 810324.0, 810324.0, 810324.0, 810324.0, 810324.0, 810324.0, 810324.0, 810324.0, 810324.0, 810324.0, 810324.0, 810324.0, 810324.0, 810324.0, 810324.0, 810324.0, 810324.0, 810324.0, 810324.0, 810324.0, 810324.0, 810324.0, 810324.0, 810324.0, 810324.0, 810324.0, 810324.0, 810324.0, 810324.0, 810324.0, 810324.0, 810324.0, 810324.0, 810324.0, 810324.0, 810324.0, 810324.0, 810324.0, 810324.0, 810324.0, 810324.0, 810324.0, 810324.0, 810324.0, 810324.0, 810324.0, 810324.0, 810324.0, 810324.0, 810324.0, 810324.0, 810324.0, 810324.0, 810324.0, 810324.0, 810324.0, 810324.0, 810324.0, 810324.0, 810324.0, 810324.0, 810324.0, 810324.0, 810324.0, 810324.0, 810324.0, 810324.0, 810324.0, 810324.0, 810324.0, 810324.0, 810324.0, 810324.0, 810324.0, 810324.0, 810324.0, 810324.0, 810324.0, 810324.0, 810324.0, 810324.0, 810324.0, 810324.0, 810324.0, 810324.0, 810324.0, 810324.0, 810324.0, 810324.0, 810324.0, 810324.0, 810324.0, 810324.0, 810324.0, 810324.0, 810324.0, 810324.0, 810324.0, 810324.0, 810324.0, 810324.0, 810324.0, 810324.0, 810324.0, 810324.0, 810324.0, 810324.0, 810324.0, 810324.0, 810324.0, 810324.0, 810324.0, 810324.0, 810324.0, 810324.0, 810324.0, 810324.0, 810324.0, 810324.0, 810324.0, 810324.0, 810324.0, 810324.0, 810324.0, 810324.0, 810324.0, 810324.0, 810324.0, 810324.0, 810324.0, 810324.0, 810324.0, 810324.0, 810324.0, 810324.0, 810324.0, 810324.0, 810324.0, 810324.0, 810324.0, 810324.0, 810324.0, 810324.0, 810324.0, 810324.0, 810324.0, 810324.0, 810324.0, 810324.0, 810324.0, 810324.0, 810324.0, 810324.0, 810324.0, 810324.0, 810324.0, 810324.0, 810324.0, 810324.0, 810324.0, 810324.0, 810324.0, 810324.0, 810324.0, 810324.0, 810324.0, 810324.0, 810324.0, 810324.0, 810324.0, 810324.0, 810324.0, 810324.0, 810324.0, 810324.0, 810324.0, 810324.0, 810324.0, 810324.0, 810324.0, 810324.0, 810324.0, 810324.0, 810324.0, 810324.0, 810324.0, 810324.0, 810324.0, 810324.0, 810324.0, 810324.0, 810324.0, 810324.0, 810324.0, 810324.0, 810324.0, 810324.0, 810324.0, 810324.0, 810324.0, 810324.0, 810324.0, 810324.0, 810324.0, 810324.0, 810324.0, 810324.0, 810324.0, 810324.0, 810324.0, 810324.0, 810324.0, 810324.0, 810324.0, 810324.0, 810324.0, 810324.0, 810324.0, 810324.0, 810324.0, 810324.0, 810324.0, 810324.0, 810324.0, 810324.0, 810324.0, 810324.0, 810324.0, 810324.0, 810324.0, 810324.0, 810324.0, 810324.0, 810324.0, 800699.9919729067, 800699.9919729067, 800699.9919729067, 800699.9919729067, 800699.9919729067, 800699.9919729067, 800699.9919729067, 800699.9919729067, 800699.9919729067, 800699.9919729067, 800699.9919729067, 800699.9919729067, 800699.9919729067, 800699.9919729067, 800699.9919729067, 800699.9919729067, 800699.9919729067, 800699.9919729067, 800699.9919729067, 800699.9919729067, 800699.9919729067, 800699.9919729067, 800699.9919729067, 800699.9919729067, 800699.9919729067, 800699.9919729067, 800699.9919729067, 800699.9919729067, 800699.9919729067, 800699.9919729067, 800699.9919729067, 800699.9919729067, 800699.9919729067, 800699.9919729067, 800699.9919729067, 800699.9919729067, 800699.9919729067, 800699.9919729067, 800699.9919729067, 800699.9919729067, 810107.7564484024, 810107.7564484024, 810107.7564484024, 810107.7564484024, 810107.7564484024, 810107.7564484024, 810107.7564484024, 810107.7564484024, 810107.7564484024, 810107.7564484024, 810107.7564484024, 810107.7564484024, 810107.7564484024, 810107.7564484024, 810107.7564484024, 810107.7564484024, 810107.7564484024, 810107.7564484024, 810107.7564484024, 810107.7564484024, 810107.7564484024, 810107.7564484024, 810107.7564484024, 810107.7564484024, 810107.7564484024, 810107.7564484024, 810107.7564484024, 810107.7564484024, 810107.7564484024, 810107.7564484024, 810107.7564484024, 810107.7564484024, 810107.7564484024, 810107.7564484024, 810107.7564484024, 810107.7564484024, 810324.0, 810324.0, 810324.0, 810324.0, 810324.0, 810324.0, 810324.0, 810324.0, 810324.0, 810324.0, 810324.0, 810324.0, 810324.0, 810324.0, 810324.0, 809352.0822763178, 809352.0822763178, 809352.0822763178, 809352.0822763178, 809352.0822763178, 809352.0822763178, 809352.0822763178, 809352.0822763178, 809352.0822763178, 809352.0822763178, 809352.0822763178, 809352.0822763178, 809352.0822763178, 809352.0822763178, 809352.0822763178, 809352.0822763178, 809352.0822763178, 809352.0822763178, 809352.0822763178, 809352.0822763178, 809352.0822763178, 809352.0822763178, 809352.0822763178, 809352.0822763178, 809352.0822763178, 809352.0822763178, 809352.0822763178, 809352.0822763178, 809352.0822763178, 809352.0822763178, 809352.0822763178, 809352.0822763178, 809352.0822763178, 809352.0822763178, 809352.0822763178, 809352.0822763178, 809352.0822763178, 809352.0822763178, 809352.0822763178, 809352.0822763178, 809352.0822763178, 809352.0822763178, 809352.0822763178, 809352.0822763178, 810139.7647582922, 810139.7647582922, 810139.7647582922, 810139.7647582922, 810139.7647582922, 810139.7647582922, 810139.7647582922, 810139.7647582922, 810139.7647582922, 810139.7647582922, 810139.7647582922, 810139.7647582922, 810139.7647582922, 810139.7647582922, 810139.7647582922, 810139.7647582922, 810139.7647582922, 810139.7647582922, 810139.7647582922, 810139.7647582922, 810139.7647582922, 810139.7647582922, 810139.7647582922, 810139.7647582922, 810139.7647582922, 810139.7647582922, 810139.7647582922, 810139.7647582922, 810139.7647582922, 810139.7647582922, 810139.7647582922, 810139.7647582922, 810139.7647582922, 810139.7647582922, 810139.7647582922, 810139.7647582922, 810139.7647582922, 810139.7647582922, 810139.7647582922, 810139.7647582922, 810324.0, 810324.0, 810324.0, 810324.0, 810324.0, 810324.0, 810324.0, 810324.0, 810324.0, 810324.0, 810324.0, 810324.0, 810324.0, 810324.0, 810324.0, 810324.0, 810324.0, 810324.0, 810324.0, 810324.0, 810324.0, 810324.0, 810324.0, 810324.0, 810324.0, 810324.0, 810324.0, 810324.0, 810324.0, 810324.0, 810324.0, 810324.0, 810324.0, 810324.0, 810324.0, 810324.0, 810324.0, 810324.0, 810324.0, 810324.0, 810324.0, 810324.0, 810324.0, 810324.0, 810324.0, 810324.0, 810324.0, 810324.0, 810324.0, 810324.0, 810324.0, 810324.0, 810324.0, 810324.0, 810324.0, 810324.0, 810324.0, 810324.0, 810324.0, 810324.0, 810324.0, 810324.0, 810324.0, 810324.0, 810324.0, 810324.0, 810324.0, 810324.0, 810324.0, 810324.0, 810324.0, 810324.0, 810324.0, 810324.0, 810324.0, 810324.0, 810324.0, 810324.0, 810324.0, 810324.0, 810324.0, 810324.0, 810324.0, 810324.0, 810324.0, 810324.0, 810324.0, 810324.0, 810324.0, 810324.0, 810324.0, 810324.0, 810324.0, 810324.0, 810324.0, 810324.0, 810324.0, 810324.0, 810324.0, 810324.0, 810324.0, 810324.0, 810324.0, 810324.0, 810324.0, 810324.0, 810324.0, 810324.0, 810324.0, 810324.0, 810324.0, 810324.0, 810324.0, 810324.0, 810324.0, 810324.0, 810324.0, 810324.0, 810324.0, 810324.0, 810324.0, 810324.0, 810324.0, 810324.0, 810324.0, 810324.0, 810324.0, 810324.0, 810324.0, 810324.0, 810324.0, 810324.0, 810324.0, 810324.0, 810324.0, 810324.0, 810324.0, 810324.0, 810324.0, 810324.0, 810324.0, 810324.0, 810324.0, 810324.0, 810324.0, 810324.0, 810324.0, 810324.0, 810324.0, 810324.0, 810324.0, 810324.0, 810324.0, 810324.0, 810324.0, 810324.0, 810324.0, 810324.0, 810324.0, 810324.0, 810324.0, 810324.0, 810324.0, 810324.0, 810324.0, 810324.0, 810324.0, 810324.0, 810324.0, 810324.0, 810324.0, 810324.0, 810324.0, 810324.0, 810324.0, 810324.0, 810324.0, 810324.0, 810324.0, 810324.0, 810324.0, 810324.0, 810324.0, 810324.0, 810324.0, 810324.0, 810324.0, 810324.0, 810324.0, 810324.0, 810324.0, 810324.0, 810324.0, 810324.0, 810324.0, 810324.0, 810324.0, 810324.0, 810324.0, 810324.0, 810324.0, 810324.0, 810324.0, 810324.0, 810324.0, 810324.0, 810324.0, 810324.0, 810324.0, 810324.0, 810324.0, 810324.0, 810324.0, 810324.0, 810324.0, 810324.0, 810324.0, 810324.0, 810324.0, 810324.0, 810324.0, 810324.0, 810324.0, 810324.0, 810324.0, 810324.0, 810324.0, 810324.0, 810324.0, 810324.0, 810324.0, 810324.0, 810324.0, 810324.0, 810324.0, 810324.0, 810324.0, 810324.0, 810324.0, 810324.0, 810324.0, 810324.0, 810324.0, 810324.0, 810324.0, 810324.0, 810324.0, 810324.0, 810324.0, 810324.0, 810324.0, 810324.0, 810324.0, 810324.0, 810324.0, 810324.0, 810324.0, 810324.0, 810324.0, 810324.0, 810324.0, 810324.0, 810324.0, 810324.0, 810324.0, 810324.0, 810324.0, 810324.0, 810324.0, 810324.0, 810324.0, 810324.0, 810324.0, 810324.0, 810324.0, 810324.0, 810324.0, 810324.0, 810324.0, 810324.0, 810324.0, 810324.0, 810324.0, 810324.0, 810324.0, 810324.0, 810324.0, 810324.0, 810324.0, 810324.0, 810324.0, 810324.0, 810324.0, 810324.0, 810324.0, 810324.0, 810324.0, 810324.0, 810324.0, 810324.0, 810324.0, 810324.0, 810324.0, 810324.0, 810324.0, 810324.0, 810324.0, 810324.0, 810324.0, 810324.0, 810324.0, 810324.0, 810324.0, 810324.0, 810324.0, 810324.0, 810324.0, 810324.0, 810324.0, 810324.0, 810324.0, 810324.0, 810324.0, 810324.0, 810324.0, 810324.0, 810324.0, 810324.0, 810324.0, 810324.0, 810324.0, 810324.0, 810324.0, 810324.0, 810324.0, 810324.0, 810324.0, 810324.0, 810324.0, 810324.0, 810324.0, 810324.0, 810324.0, 810324.0, 810324.0, 810324.0, 810324.0, 810324.0, 810324.0, 810324.0, 810324.0, 810324.0, 810324.0, 810324.0, 810324.0, 810324.0, 810324.0, 810324.0, 810324.0, 810324.0, 810324.0, 810324.0, 810324.0, 810324.0, 810324.0, 810324.0, 810324.0, 810324.0, 810324.0, 810324.0, 810324.0, 810324.0, 810324.0, 810324.0, 810324.0, 810324.0, 810324.0, 810324.0, 810324.0, 810324.0, 810324.0, 810324.0, 810324.0, 810324.0, 810324.0, 810324.0, 810324.0, 810324.0, 810324.0, 810324.0, 810324.0, 810324.0, 810324.0, 810324.0, 810324.0, 810324.0, 810324.0, 810324.0, 810324.0, 810324.0, 810324.0, 810324.0, 810324.0, 810324.0, 810324.0, 810324.0, 810324.0, 810324.0, 810324.0, 810324.0, 810324.0, 810324.0, 810324.0, 810324.0, 810324.0, 810324.0, 810324.0, 810324.0, 810324.0, 810324.0, 810324.0, 810324.0, 810324.0, 810324.0, 810324.0, 810324.0, 810324.0, 810324.0, 810324.0, 810324.0, 810324.0, 810324.0, 810324.0, 810324.0, 810324.0, 810324.0, 810324.0, 810324.0, 810324.0, 810324.0, 810324.0, 810324.0, 810324.0, 810324.0, 810324.0, 810324.0, 810324.0, 810324.0, 810324.0, 810324.0, 810324.0, 810324.0, 810324.0, 810324.0, 810324.0, 810324.0, 810324.0, 810324.0, 810324.0, 810324.0, 810324.0, 810324.0, 810324.0, 810324.0, 810324.0, 810324.0, 810324.0, 810324.0, 810324.0, 810324.0, 810324.0, 810324.0, 810324.0, 810324.0, 810324.0, 810324.0, 810324.0, 810324.0, 810324.0, 810324.0, 810324.0, 810324.0, 810324.0, 810324.0, 810324.0, 810324.0, 810324.0, 810324.0, 810324.0, 810324.0, 810324.0, 810324.0, 810324.0, 810324.0, 810324.0, 810324.0, 810324.0, 810324.0, 810324.0, 810324.0, 810324.0, 810324.0, 810324.0, 810324.0, 810324.0, 810324.0, 810324.0, 810324.0, 810324.0, 810324.0, 810324.0, 810324.0, 810324.0, 810324.0, 810324.0, 810324.0, 810324.0, 810324.0, 810324.0, 810324.0, 810324.0, 810324.0, 810324.0, 810324.0, 810324.0, 810324.0, 810324.0, 810324.0, 810324.0, 810324.0, 810324.0, 810324.0, 810324.0, 810324.0, 810324.0, 810324.0, 810324.0, 810324.0, 810324.0, 810324.0, 810324.0, 810324.0, 810324.0, 810324.0, 810324.0, 810324.0, 810324.0, 810324.0, 810324.0, 810324.0, 810324.0, 810324.0, 810324.0, 810324.0, 810324.0, 810324.0, 810324.0, 810324.0, 810324.0, 810324.0, 810324.0, 810324.0, 810324.0, 810324.0, 810324.0, 810324.0, 810324.0, 810324.0, 810324.0, 810324.0, 810324.0, 810324.0, 810324.0, 810324.0, 810324.0, 810324.0, 810324.0, 810324.0, 810324.0, 810324.0, 810324.0, 810324.0, 810324.0, 810324.0, 810324.0, 810324.0, 810324.0, 810324.0, 810324.0, 810324.0, 810324.0, 810324.0, 810324.0, 810324.0, 810324.0, 810324.0, 810324.0, 810324.0, 810324.0, 810324.0, 810324.0, 810324.0, 810324.0, 810324.0, 810324.0, 810324.0, 810324.0, 810324.0, 810324.0, 810324.0, 810324.0, 810324.0, 810324.0, 810324.0, 810324.0, 810324.0, 810324.0, 810324.0, 810324.0, 810324.0, 810324.0, 810324.0, 810324.0, 810324.0, 810324.0, 810324.0, 810324.0, 810324.0, 810324.0, 810324.0, 810324.0, 810324.0, 810324.0, 810324.0, 810324.0, 810324.0, 810324.0, 810324.0, 810324.0, 810324.0, 810324.0, 810324.0, 810324.0, 810324.0, 810324.0, 810324.0, 810324.0, 810324.0, 810324.0, 810324.0, 810324.0, 810324.0, 810324.0, 810324.0, 810324.0, 810324.0, 810324.0, 810324.0, 810324.0, 810324.0, 810324.0, 810324.0, 810324.0, 810324.0, 810324.0, 810324.0, 810324.0, 810324.0, 810324.0, 810324.0, 810324.0, 810324.0, 810324.0, 810324.0, 810324.0, 810324.0, 810324.0, 810324.0, 810324.0, 810324.0, 810324.0, 810324.0, 810324.0, 810324.0, 810324.0, 810324.0, 810324.0, 810324.0, 810324.0, 810324.0, 810324.0, 810324.0, 810324.0, 810324.0, 810324.0, 810324.0, 810324.0, 810324.0, 810324.0, 810324.0, 810324.0, 810324.0, 810324.0, 810324.0, 810324.0, 810324.0, 810324.0, 810324.0, 810324.0, 810324.0, 810324.0, 810324.0, 810324.0, 810324.0, 810324.0, 810324.0, 810324.0, 810324.0, 810324.0, 810324.0, 810324.0, 810324.0, 810324.0, 810324.0, 810324.0, 810324.0, 810324.0, 810324.0, 810324.0, 810324.0, 810324.0, 810324.0, 810324.0, 810324.0, 810324.0, 810324.0, 810324.0, 810324.0, 810324.0, 810324.0, 810324.0, 810324.0, 810324.0, 810324.0, 810324.0, 810324.0, 810324.0, 810324.0, 810324.0, 810324.0, 810324.0, 810324.0, 810324.0, 810324.0, 810324.0, 810324.0, 810324.0, 810324.0, 810324.0, 810324.0, 810324.0, 810324.0, 810324.0, 810324.0, 810324.0, 810324.0, 810324.0, 810324.0, 810324.0, 810324.0, 810324.0, 810324.0, 810324.0, 810324.0, 810324.0, 810324.0, 810324.0, 810324.0, 810324.0, 810324.0, 810324.0, 810324.0, 810324.0, 810324.0, 810324.0, 810324.0, 810324.0, 810324.0, 810324.0, 810324.0, 810324.0, 810324.0, 810324.0, 810324.0, 810324.0, 810324.0, 810324.0, 810324.0, 810324.0, 810324.0, 810324.0, 810324.0, 810324.0, 810324.0, 810324.0, 810324.0, 810324.0, 810324.0, 810324.0, 810324.0, 810324.0, 810324.0, 810324.0, 810324.0, 810324.0, 810324.0, 810324.0, 810324.0, 810324.0, 810324.0, 810324.0, 810324.0, 810324.0, 810324.0, 810324.0, 810324.0, 810324.0, 810324.0, 810324.0, 810324.0, 810324.0, 810324.0, 810324.0, 810324.0, 810324.0, 810324.0, 810324.0, 810324.0, 810324.0, 810324.0, 810324.0, 810324.0, 810324.0, 810324.0, 810324.0, 810324.0, 810324.0, 810324.0, 810324.0, 810324.0, 810324.0, 810324.0, 810324.0, 810324.0, 810324.0, 810324.0, 810324.0, 810324.0, 810324.0, 810324.0, 810324.0, 810324.0, 810324.0, 810324.0, 810324.0, 810324.0, 810324.0, 810324.0, 810324.0, 810324.0, 810324.0, 810324.0, 810324.0, 810324.0, 810324.0, 810324.0, 810324.0, 810324.0, 810324.0, 810324.0, 810324.0, 810324.0, 810324.0, 810324.0, 810324.0, 810324.0, 810324.0, 810324.0, 810324.0, 810324.0, 810324.0, 810324.0, 810324.0, 810324.0, 810324.0, 810324.0, 810324.0, 810324.0, 810324.0, 810324.0, 810324.0, 810324.0, 810324.0, 810324.0, 810324.0, 810324.0, 810324.0, 810324.0, 810324.0, 810324.0, 810324.0, 810324.0, 810324.0, 810324.0, 810324.0, 810324.0, 810324.0, 810324.0, 810324.0, 810324.0, 810324.0, 810324.0, 810324.0, 810324.0, 810324.0, 810324.0, 810324.0, 810324.0, 810324.0, 810324.0, 810324.0, 810324.0, 810324.0, 810324.0, 810324.0, 810324.0, 810324.0, 810324.0, 810324.0, 810324.0, 810324.0, 810324.0, 810324.0, 810324.0, 810324.0, 810324.0, 810324.0, 810324.0, 810324.0, 810324.0, 810324.0, 810324.0, 810324.0, 810324.0, 810324.0, 810324.0, 810324.0, 810324.0, 810324.0, 810324.0, 810324.0, 810324.0, 810324.0, 810324.0, 810324.0, 810324.0, 810324.0, 810324.0, 810324.0, 810324.0, 810324.0, 810324.0, 810324.0, 810324.0, 810324.0, 810324.0, 810324.0, 810324.0, 810324.0, 810324.0, 810324.0, 810324.0, 810324.0, 810324.0, 810324.0, 810324.0, 810324.0, 810324.0, 810324.0, 810324.0, 810324.0, 810324.0, 810324.0, 810324.0, 810324.0, 810324.0, 810324.0, 810324.0, 810324.0, 810324.0, 810324.0, 810324.0, 810324.0, 810324.0, 810324.0, 810324.0, 810324.0, 810324.0, 810324.0, 810324.0, 810324.0, 810324.0, 810324.0, 810324.0, 810324.0, 810324.0, 810324.0, 810324.0, 810324.0, 810324.0, 810324.0, 810324.0, 810324.0, 810324.0, 810324.0, 810324.0, 810324.0, 810324.0, 810324.0, 810324.0, 810324.0, 810324.0, 810324.0, 810324.0, 810324.0, 810324.0, 810324.0, 810324.0, 810324.0, 810324.0, 810324.0, 810324.0, 810324.0, 810324.0, 810324.0, 810324.0, 810324.0, 810324.0, 810324.0, 810324.0, 810324.0, 810324.0, 810324.0, 810324.0, 810324.0, 810324.0, 810324.0, 810324.0, 810324.0, 810324.0, 810324.0, 810324.0, 810324.0, 810324.0, 810324.0, 810324.0, 810324.0, 810324.0, 810324.0, 810324.0, 810324.0, 810324.0, 810324.0, 810324.0, 810324.0, 810324.0, 810324.0, 810324.0, 810324.0, 810324.0, 810324.0, 810324.0, 810324.0, 810324.0, 810324.0, 810324.0, 810324.0, 810324.0, 810324.0, 810324.0, 810324.0, 810324.0, 810324.0, 810324.0, 810324.0, 810324.0, 805472.9116256221, 805472.9116256221, 805472.9116256221, 805472.9116256221, 805472.9116256221, 805472.9116256221, 805472.9116256221, 805472.9116256221, 805472.9116256221, 805472.9116256221, 805472.9116256221, 805472.9116256221, 805472.9116256221, 805472.9116256221, 805472.9116256221, 805472.9116256221, 805472.9116256221, 805472.9116256221, 805472.9116256221, 805472.9116256221, 805472.9116256221, 805472.9116256221, 805472.9116256221, 805472.9116256221, 805472.9116256221, 805472.9116256221, 805472.9116256221, 805472.9116256221, 805472.9116256221, 805472.9116256221, 805472.9116256221, 805472.9116256221, 805472.9116256221, 805472.9116256221, 805472.9116256221, 805472.9116256221, 805472.9116256221, 805472.9116256221, 810175.0393399756, 810175.0393399756, 809647.8260902532, 809647.8260902532, 809647.8260902532, 809647.8260902532, 809647.8260902532, 809647.8260902532, 809647.8260902532, 809647.8260902532, 809647.8260902532, 809647.8260902532, 809647.8260902532, 809647.8260902532, 809647.8260902532, 809647.8260902532, 809647.8260902532, 809647.8260902532, 809647.8260902532, 809647.8260902532, 809647.8260902532, 809647.8260902532, 809647.8260902532, 809647.8260902532, 809647.8260902532, 809647.8260902532, 809647.8260902532, 809647.8260902532, 809647.8260902532, 809647.8260902532, 809647.8260902532, 809647.8260902532, 809647.8260902532, 809647.8260902532, 809647.8260902532, 809647.8260902532, 809647.8260902532, 809647.8260902532, 809647.8260902532, 809647.8260902532, 809647.8260902532, 809647.8260902532, 809647.8260902532, 809647.8260902532, 809647.8260902532, 809647.8260902532, 809581.7074497987, 809957.5043323649, 809957.5043323649, 810324.0, 810324.0, 810324.0, 810324.0, 810324.0, 810324.0, 810324.0, 810324.0, 810324.0, 810324.0, 810324.0, 810324.0, 810324.0, 810324.0, 810324.0, 810324.0, 810324.0, 810324.0, 810324.0, 810324.0, 810324.0, 810324.0, 810324.0, 810324.0, 810324.0, 810324.0, 810324.0, 810324.0, 810324.0, 810324.0, 810324.0, 810324.0, 810324.0, 810324.0, 810324.0, 810324.0, 810324.0, 810324.0, 810324.0, 810324.0, 810324.0, 810324.0, 810324.0, 810324.0, 810324.0, 810324.0, 810324.0, 810324.0, 810324.0, 810324.0, 810324.0, 810324.0, 810324.0, 810324.0, 810324.0, 810324.0, 810324.0, 810324.0, 810324.0, 810324.0, 810324.0, 810324.0, 810324.0, 810324.0, 810324.0, 810324.0, 810324.0, 810324.0, 810324.0, 810324.0, 810324.0, 810324.0, 810324.0, 810324.0, 810324.0, 810324.0, 810324.0, 810324.0, 810324.0, 810324.0, 810324.0, 810324.0, 810324.0, 810324.0, 810324.0, 810324.0, 810324.0, 810324.0, 810324.0, 810324.0, 810324.0, 810324.0, 810324.0, 810324.0, 810324.0, 810324.0, 810324.0, 810324.0, 810324.0, 810324.0, 810324.0, 810324.0, 810324.0, 810324.0, 810324.0, 810324.0, 810324.0, 810324.0, 810324.0, 810324.0, 810324.0, 810324.0, 810324.0, 810324.0, 810324.0, 810324.0, 810324.0, 810324.0, 810324.0, 810324.0, 810324.0, 810324.0, 810324.0, 810324.0, 810324.0, 810324.0, 810324.0, 810324.0, 810324.0, 810324.0, 810324.0, 810324.0, 810324.0, 810324.0, 810324.0, 810324.0, 810324.0, 810324.0, 810324.0, 810324.0, 810324.0, 810324.0, 810324.0, 810324.0, 810324.0, 810324.0, 810324.0, 810324.0, 810324.0, 810324.0, 810324.0, 810324.0, 810324.0, 810324.0, 810324.0, 810324.0, 810324.0, 810324.0, 810324.0, 810324.0, 810324.0, 810324.0, 810324.0, 810324.0, 810324.0, 810324.0, 810324.0, 810324.0, 810324.0, 810324.0, 810324.0, 810324.0, 810324.0, 810324.0, 810324.0, 810324.0, 810324.0, 810324.0, 810324.0, 810324.0, 810324.0, 810324.0, 810324.0, 810324.0, 810324.0, 810324.0, 810324.0, 810324.0, 810324.0, 810324.0, 810324.0, 810324.0, 810324.0, 810324.0, 810324.0, 810324.0, 810324.0, 810324.0, 810324.0, 810324.0, 810324.0, 810324.0, 810324.0, 810324.0, 810324.0, 810324.0, 810324.0, 810324.0, 810324.0, 810324.0, 810324.0, 810324.0, 810324.0, 810324.0, 810324.0, 810324.0, 810324.0, 810324.0, 810324.0, 810324.0, 810324.0, 810324.0, 810324.0, 810324.0, 810324.0, 810324.0, 810324.0, 810324.0, 810324.0, 810324.0, 810324.0, 810324.0, 810324.0, 810324.0, 810324.0, 810324.0, 810324.0, 810324.0, 810324.0, 810324.0, 810324.0, 810324.0, 810324.0, 810324.0, 810324.0, 810324.0, 810324.0, 810324.0, 810324.0, 810324.0, 810324.0, 810324.0, 810324.0, 810324.0, 810324.0, 810324.0, 810324.0, 810324.0, 810324.0, 810324.0, 810324.0, 810324.0, 810324.0, 810324.0, 810324.0, 810324.0, 810324.0, 810324.0, 810324.0, 810324.0, 810324.0, 810324.0, 810324.0, 810324.0, 810324.0, 810324.0, 810324.0, 810324.0, 810324.0, 810324.0, 810324.0, 810324.0, 810324.0, 810324.0, 810324.0, 810324.0, 810324.0, 810324.0, 810324.0, 810324.0, 810324.0, 810324.0, 810324.0, 810324.0, 810324.0, 810324.0, 810324.0, 810324.0, 810324.0, 810324.0, 810324.0, 810324.0, 810324.0, 810324.0, 810324.0, 810324.0, 810324.0, 810324.0, 810324.0, 810324.0, 810324.0, 810324.0, 810324.0, 810324.0, 810324.0, 810324.0, 810324.0, 810324.0, 810324.0, 810324.0, 810324.0, 810324.0, 810324.0, 810324.0, 810324.0, 810324.0, 810324.0, 810324.0, 810324.0, 810324.0, 810324.0, 810324.0, 810324.0, 810324.0, 810324.0, 810324.0, 810324.0, 810324.0, 810324.0, 810324.0, 810324.0, 810324.0, 810324.0, 810324.0, 810324.0, 810324.0, 810324.0, 810324.0, 810324.0, 810324.0, 810324.0, 810324.0, 810324.0, 810324.0, 810324.0, 810324.0, 810324.0, 810324.0, 810324.0, 810324.0, 810324.0, 810324.0, 810324.0, 810324.0, 810324.0, 810324.0, 810324.0, 810324.0, 810324.0, 810324.0, 810324.0, 810324.0, 810324.0, 810324.0, 810324.0, 810324.0, 810324.0, 810324.0, 810324.0, 810324.0, 810324.0, 810324.0, 810324.0, 810324.0, 810324.0, 810324.0, 810324.0, 810324.0, 810324.0, 810324.0, 810324.0, 810324.0, 810324.0, 810324.0, 810324.0, 810324.0, 810324.0, 810324.0, 810324.0, 810324.0, 810324.0, 810324.0, 810324.0, 810324.0, 810324.0, 810324.0, 810324.0, 810324.0, 810324.0, 810324.0, 810324.0, 810324.0, 810324.0, 810324.0, 810324.0, 810324.0, 810324.0, 810324.0, 810324.0, 810324.0, 810324.0, 810324.0, 810324.0, 810324.0, 810324.0, 810324.0, 810324.0, 810324.0, 810324.0, 810324.0, 810324.0, 810324.0, 810324.0, 810324.0, 810324.0, 810324.0, 810324.0, 810324.0, 810324.0, 810324.0, 810324.0, 810324.0, 810324.0, 810324.0, 810324.0, 810324.0, 810324.0, 810324.0, 810324.0, 810324.0, 810324.0, 810324.0, 810324.0, 810324.0, 810324.0, 810324.0, 810324.0, 810324.0, 810324.0, 810324.0, 810324.0, 810324.0, 810324.0, 810324.0, 810324.0, 810324.0, 810324.0, 810324.0, 810324.0, 810324.0, 810324.0, 810324.0, 810324.0, 810324.0, 810324.0, 810324.0, 810324.0, 810324.0, 810324.0, 810324.0, 810324.0, 810324.0, 810324.0, 810324.0, 810324.0, 810324.0, 810324.0, 810324.0, 810324.0, 810324.0, 810324.0, 810324.0, 810324.0, 810324.0, 810324.0, 810324.0, 810324.0, 810324.0, 810324.0, 810324.0, 810324.0, 810324.0, 810324.0, 810324.0, 810324.0, 810324.0, 810324.0, 810324.0, 810324.0, 810324.0, 810324.0, 810324.0, 810324.0, 810324.0, 810324.0, 810324.0, 810324.0, 810324.0, 810324.0, 810324.0, 810324.0, 810324.0, 810324.0, 810324.0, 810324.0, 810324.0, 810324.0, 810324.0, 810324.0, 810324.0, 810324.0, 810324.0, 810324.0, 810324.0, 810324.0, 810324.0, 810324.0, 810324.0, 810324.0, 810324.0, 810324.0, 810324.0, 810324.0, 810324.0, 810324.0, 810324.0, 810324.0, 810324.0, 810324.0, 810324.0, 810324.0, 810324.0, 810324.0, 810324.0, 810324.0, 810324.0, 810324.0, 810324.0, 810324.0, 810324.0, 810324.0, 810324.0, 810324.0, 810324.0, 810324.0, 810324.0, 810324.0, 810324.0, 810324.0, 810324.0, 810324.0, 810324.0, 810324.0, 810324.0, 810324.0, 810324.0, 810324.0, 810324.0, 810324.0, 810324.0, 810324.0, 810324.0, 810324.0, 810324.0, 810324.0, 810324.0, 810324.0, 810324.0, 810324.0, 810324.0, 810324.0, 810324.0, 810324.0, 810324.0, 810324.0, 810324.0, 810324.0, 810324.0, 810324.0, 810324.0, 810324.0, 810324.0, 810324.0, 810324.0, 810324.0, 810324.0, 810324.0, 810324.0, 810324.0, 810324.0, 810324.0, 810324.0, 810324.0, 810324.0, 810324.0, 810324.0, 810324.0, 810324.0, 810324.0, 810324.0, 810324.0, 810324.0, 810324.0, 810324.0, 810324.0, 810324.0, 810324.0, 810324.0, 810324.0, 810324.0, 810324.0, 810324.0, 810324.0, 810324.0, 810324.0, 810324.0, 810324.0, 810324.0, 810324.0, 810324.0, 810324.0, 810324.0, 810324.0, 810324.0, 810324.0, 810324.0, 810324.0, 810324.0, 810324.0, 810324.0, 810324.0, 810324.0, 810324.0, 810324.0, 810324.0, 810324.0, 810324.0, 810324.0, 810324.0, 810324.0, 810324.0, 810324.0, 810324.0, 810324.0, 810324.0, 810324.0, 810324.0, 810324.0, 810324.0, 810324.0, 810324.0, 810324.0, 810324.0, 810324.0, 810324.0, 810324.0, 810324.0, 810324.0, 810324.0, 810324.0, 810324.0, 810324.0, 810324.0, 810324.0, 810324.0, 810324.0, 810324.0, 810324.0, 810324.0, 810324.0, 810324.0, 810324.0, 810324.0, 810324.0, 810324.0, 810324.0, 810324.0, 810324.0, 810324.0, 810324.0, 810324.0, 810324.0, 810324.0, 810324.0, 810324.0, 810324.0, 810324.0, 810324.0, 810324.0, 810324.0, 810324.0, 810324.0, 810324.0, 810324.0, 810324.0, 810324.0, 810324.0, 810324.0, 810324.0, 810324.0, 810324.0, 810324.0, 810324.0, 810324.0, 810324.0, 810324.0, 810324.0, 810324.0, 810324.0, 810324.0, 810324.0, 810324.0, 810324.0, 810324.0, 810324.0, 810324.0, 810324.0, 810324.0, 810324.0, 810324.0, 810324.0, 810324.0, 810324.0, 810324.0, 810324.0, 810324.0, 810324.0, 810324.0, 810324.0, 810324.0, 810324.0, 810324.0, 810324.0, 810324.0, 810324.0, 810324.0, 810324.0, 810324.0, 810324.0, 810324.0, 810324.0, 810324.0, 810324.0, 810324.0, 810324.0, 810324.0, 810324.0, 810324.0, 810324.0, 810324.0, 810324.0, 810324.0, 810324.0, 810324.0, 810324.0, 810324.0, 803350.4529995153, 803350.4529995153, 803350.4529995153, 803350.4529995153, 803350.4529995153, 803350.4529995153, 803350.4529995153, 803350.4529995153, 803350.4529995153, 803350.4529995153, 803350.4529995153, 803350.4529995153, 803350.4529995153, 803350.4529995153, 803350.4529995153, 803350.4529995153, 803350.4529995153, 803350.4529995153, 803350.4529995153, 803350.4529995153, 803350.4529995153, 803350.4529995153, 803350.4529995153, 803350.4529995153, 803350.4529995153, 803350.4529995153, 803350.4529995153, 803350.4529995153, 803350.4529995153, 803350.4529995153, 803350.4529995153, 803350.4529995153, 803350.4529995153, 803350.4529995153, 803350.4529995153, 803350.4529995153, 803350.4529995153, 803350.4529995153, 798653.3450389772, 810324.0, 810324.0, 810324.0, 810324.0, 810324.0, 810324.0, 810324.0, 810324.0, 810324.0, 810324.0, 810324.0, 810324.0, 810324.0, 810324.0, 810324.0, 810324.0, 810324.0, 810324.0, 810324.0, 810324.0, 810324.0, 810324.0, 810324.0, 810324.0, 810324.0, 810324.0, 810324.0, 810324.0, 810324.0, 810324.0, 810324.0, 810324.0, 810324.0, 810324.0, 810324.0, 810324.0, 810324.0, 810324.0, 810324.0, 810324.0, 810324.0, 810324.0, 810324.0, 810324.0, 810324.0, 810324.0, 810324.0, 810324.0, 810324.0, 810324.0, 810324.0, 810324.0, 810324.0, 810324.0, 810324.0, 810324.0, 810324.0, 810324.0, 810324.0, 810324.0, 810324.0, 810324.0, 810324.0, 810324.0, 810324.0, 810324.0, 810324.0, 810324.0, 810324.0, 810324.0, 810324.0, 810324.0, 810324.0, 810324.0, 810324.0, 810324.0, 810324.0, 810324.0, 810324.0, 810324.0, 810324.0, 810324.0, 810324.0, 810324.0, 810324.0, 810324.0, 810324.0, 810324.0, 810324.0, 810324.0, 810324.0, 810324.0, 810324.0, 810324.0, 810324.0, 810324.0, 810324.0, 810324.0, 810324.0, 810324.0, 810324.0, 810324.0, 810324.0, 810324.0, 810324.0, 810324.0, 810324.0, 810324.0, 810324.0, 810324.0, 810324.0, 810324.0, 810324.0, 810324.0, 810324.0, 810324.0, 810324.0, 810324.0, 810324.0, 810324.0, 810324.0, 810324.0, 810324.0, 810324.0, 810324.0, 810324.0, 810324.0, 810324.0, 810324.0, 810324.0, 810324.0, 810324.0, 810324.0, 810324.0, 810324.0, 810324.0, 810324.0, 810324.0, 810324.0, 810324.0, 810324.0, 810324.0, 810324.0, 810324.0, 810324.0, 810324.0, 810324.0, 810324.0, 810324.0, 810324.0, 810324.0, 810324.0, 810324.0, 810324.0, 810324.0, 810324.0, 810324.0, 810324.0, 810324.0, 810324.0, 810324.0, 810324.0, 810324.0, 810324.0, 810324.0, 810324.0, 810324.0, 810324.0, 810324.0, 810324.0, 810324.0, 810324.0, 810324.0, 810324.0, 810324.0, 810324.0, 810324.0, 810324.0, 810324.0, 810324.0, 810324.0, 810324.0, 810324.0, 810324.0, 810324.0, 810324.0, 810324.0, 810324.0, 808969.2845319859, 808969.2845319859, 808969.2845319859, 808969.2845319859, 808969.2845319859, 808969.2845319859, 808969.2845319859, 808969.2845319859, 808969.2845319859, 808969.2845319859, 808969.2845319859, 808969.2845319859, 808969.2845319859, 808969.2845319859, 808969.2845319859, 808969.2845319859, 808969.2845319859, 808969.2845319859, 808969.2845319859, 808969.2845319859, 808969.2845319859, 808969.2845319859, 808969.2845319859, 808969.2845319859, 808969.2845319859, 808969.2845319859, 808969.2845319859, 808969.2845319859, 808969.2845319859, 808969.2845319859, 808969.2845319859, 808969.2845319859, 808969.2845319859, 808969.2845319859, 808969.2845319859, 808969.2845319859, 808969.2845319859, 808969.2845319859, 808969.2845319859, 808969.2845319859, 808969.2845319859, 808969.2845319859, 810090.6460648136, 810284.2979598233, 810324.0, 810324.0, 810314.0510459822, 810314.0510459822, 810314.0510459822, 810314.0510459822, 810314.0510459822, 810314.0510459822, 810314.0510459822, 810314.0510459822, 810314.0510459822, 810314.0510459822, 810314.0510459822, 810314.0510459822, 810314.0510459822, 810314.0510459822, 810314.0510459822, 810314.0510459822, 810314.0510459822, 810314.0510459822, 810314.0510459822, 810314.0510459822, 810314.0510459822, 810314.0510459822, 810314.0510459822, 810314.0510459822, 810314.0510459822, 810314.0510459822, 810314.0510459822, 810314.0510459822, 810314.0510459822, 810314.0510459822, 810314.0510459822, 810314.0510459822, 810314.0510459822, 810314.0510459822, 810314.0510459822, 810314.0510459822, 810314.0510459822, 810314.0510459822, 810314.0510459822, 810324.0, 810324.0, 810324.0, 810324.0, 810324.0, 810324.0, 810324.0, 810324.0, 810324.0, 810324.0, 810324.0, 810324.0, 810324.0, 810324.0, 810324.0, 810324.0, 810324.0, 810324.0, 810324.0, 810324.0, 810324.0, 810324.0, 810324.0, 810324.0, 810324.0, 810324.0, 810324.0, 810324.0, 810324.0, 810324.0, 810324.0, 810324.0, 810324.0, 810324.0, 810324.0, 810324.0, 810324.0, 810324.0, 810324.0, 810324.0, 810324.0, 810324.0, 810324.0, 810324.0, 810324.0, 810324.0, 810324.0, 810324.0, 810324.0, 810324.0, 810324.0, 810324.0, 810324.0, 810324.0, 810324.0, 810324.0, 810324.0, 810324.0, 810324.0, 810324.0, 810324.0, 810324.0, 810324.0, 810324.0, 810324.0, 810324.0, 810324.0, 810324.0, 810324.0, 810324.0, 810324.0, 810324.0, 810324.0, 810324.0, 810324.0, 810324.0, 810324.0, 810324.0, 810324.0, 810324.0, 810324.0, 810324.0, 810324.0, 810324.0, 810324.0, 810324.0, 810324.0, 810324.0, 810324.0, 810324.0, 810324.0, 810324.0, 810324.0, 810324.0, 810324.0, 810324.0, 810324.0, 810324.0, 810324.0, 810324.0, 810324.0, 810324.0, 810324.0, 810324.0, 810324.0, 810324.0, 810324.0, 810324.0, 810324.0, 810324.0, 810324.0, 810324.0, 810324.0, 810324.0, 810324.0, 810324.0, 810324.0, 810324.0, 810324.0, 810324.0, 810324.0, 810324.0, 810324.0, 810324.0, 810324.0, 810324.0, 810324.0, 810324.0, 810324.0, 810324.0, 810324.0, 810324.0, 810324.0, 810324.0, 810324.0, 810324.0, 810324.0, 810324.0, 810324.0, 810324.0, 810324.0, 810324.0, 810324.0, 810324.0, 810324.0, 810324.0, 810324.0, 810324.0, 810324.0, 810324.0, 810324.0, 810324.0, 810324.0, 810324.0, 810324.0, 810324.0, 810324.0, 810324.0, 810324.0, 810324.0, 810324.0, 810324.0, 810324.0, 810324.0, 810324.0, 810324.0, 810324.0, 810324.0, 810324.0, 810324.0, 810324.0, 810324.0, 810324.0, 810324.0, 810324.0, 810324.0, 810324.0, 810324.0, 810324.0, 810324.0, 810324.0, 810324.0, 810324.0, 810324.0, 810324.0, 810324.0, 810324.0, 810324.0, 810324.0, 810324.0, 810324.0, 810324.0, 810324.0, 810324.0, 810324.0, 810324.0, 810324.0, 810324.0, 810324.0, 810324.0, 810324.0, 810324.0, 810324.0, 810324.0, 810324.0, 810324.0, 810324.0, 810324.0, 810324.0, 810324.0, 810324.0, 810324.0, 810324.0, 810324.0, 810324.0, 810324.0, 810324.0, 810324.0, 810324.0, 810324.0, 810324.0, 810324.0, 810324.0, 810324.0, 810324.0, 810324.0, 810324.0, 810324.0, 810324.0, 810324.0, 810324.0, 810324.0, 810324.0, 810324.0, 810324.0, 810324.0, 810324.0, 810324.0, 810324.0, 810324.0, 810324.0, 810324.0, 810324.0, 810324.0, 810324.0, 810324.0, 810324.0, 810324.0, 810324.0, 810324.0, 810324.0, 810324.0, 810324.0, 810324.0, 810324.0, 810324.0, 810324.0, 810324.0, 810324.0, 810324.0, 810324.0, 810324.0, 810324.0, 810324.0, 810324.0, 810324.0, 810324.0, 810324.0, 810324.0, 810324.0, 810324.0, 810324.0, 810324.0, 810324.0, 810324.0, 810324.0, 810324.0, 810324.0, 810324.0, 810324.0, 810324.0, 810324.0, 810324.0, 810324.0, 810324.0, 810324.0, 810324.0, 810324.0, 810324.0, 810324.0, 810324.0, 810324.0, 810324.0, 810324.0, 810324.0, 810324.0, 810324.0, 810324.0, 810324.0, 810324.0, 810324.0, 810324.0, 810324.0, 810324.0, 810324.0, 810324.0, 810324.0, 810324.0, 810324.0, 810324.0, 810324.0, 810324.0, 810324.0, 810324.0, 810324.0, 810324.0, 810324.0, 810324.0, 810324.0, 810324.0, 810324.0, 810324.0, 810324.0, 810324.0, 810324.0, 810324.0, 810324.0, 810324.0, 810324.0, 810324.0, 810324.0, 810324.0, 810324.0, 810324.0, 810324.0, 810324.0, 810324.0, 810324.0, 810324.0, 810324.0, 810324.0, 810324.0, 810324.0, 810324.0, 810324.0, 810324.0, 810324.0, 810324.0, 810324.0, 810324.0, 810324.0, 810324.0, 810324.0, 810324.0, 810324.0, 810324.0, 810324.0, 810324.0, 810324.0, 810324.0, 810324.0, 810324.0, 810324.0, 810324.0, 810324.0, 810324.0, 810324.0, 810324.0, 810324.0, 809518.4002582435, 809518.4002582435, 809518.4002582435, 809518.4002582435, 809518.4002582435, 809518.4002582435, 809518.4002582435, 809518.4002582435, 809518.4002582435, 809518.4002582435, 809518.4002582435, 809518.4002582435, 809518.4002582435, 809518.4002582435, 809518.4002582435, 809518.4002582435, 809518.4002582435, 809518.4002582435, 809518.4002582435, 809518.4002582435, 809518.4002582435, 809518.4002582435, 809518.4002582435, 809518.4002582435, 809518.4002582435, 809518.4002582435, 809518.4002582435, 809518.4002582435, 809518.4002582435, 809518.4002582435, 809518.4002582435, 809518.4002582435, 809518.4002582435, 809518.4002582435, 809518.4002582435, 809518.4002582435, 809518.4002582435, 809967.6859404432, 810324.0, 810324.0, 810324.0, 810324.0, 810324.0, 810324.0, 810324.0, 810324.0, 810324.0, 810324.0, 810324.0, 810324.0, 810324.0, 810324.0, 810324.0, 810324.0, 810324.0, 810324.0, 810324.0, 810324.0, 810324.0, 810324.0, 810324.0, 810324.0, 810324.0, 810324.0, 810324.0, 810324.0, 810324.0, 810324.0, 810324.0, 810324.0, 810324.0, 810324.0, 810324.0, 810324.0, 810324.0, 810324.0, 810324.0, 810324.0, 810324.0, 810324.0, 810324.0, 810324.0, 810324.0, 810324.0, 810324.0, 810324.0, 810324.0, 810324.0, 810324.0, 810324.0, 810324.0, 810324.0, 810324.0, 810324.0, 810324.0, 810324.0, 810324.0, 810324.0, 810324.0, 810324.0, 810324.0, 810324.0, 810324.0, 810324.0, 810324.0, 810324.0, 810324.0, 810324.0, 810324.0, 810324.0, 810324.0, 810324.0, 810324.0, 810324.0, 810324.0, 810324.0, 810324.0, 810324.0, 810324.0, 810324.0, 810324.0, 810324.0, 810324.0, 810324.0, 810324.0, 810324.0, 810324.0, 810324.0, 810324.0, 810324.0, 810324.0, 810324.0, 810324.0, 810324.0, 810324.0, 810324.0, 810324.0, 810324.0, 810324.0, 810324.0, 810324.0, 810324.0, 810324.0, 810324.0, 810324.0, 810324.0, 810324.0, 810324.0, 810324.0, 810324.0, 810324.0, 810324.0, 810324.0, 810324.0, 810324.0, 810324.0, 810324.0, 810324.0, 810324.0, 810324.0, 810324.0, 810324.0, 810324.0, 810324.0, 810324.0, 810324.0, 810324.0, 810324.0, 810324.0, 810324.0, 810324.0, 810324.0, 810324.0, 810324.0, 810324.0, 810324.0, 810324.0, 810324.0, 810324.0, 810324.0, 810324.0, 810324.0, 810324.0, 810324.0, 810324.0, 810324.0, 810324.0, 810324.0, 810324.0, 810324.0, 810324.0, 810324.0, 810324.0, 810324.0, 810324.0, 810324.0, 810324.0, 810324.0, 810324.0, 810324.0, 810324.0, 810324.0, 810324.0, 810324.0, 810324.0, 810324.0, 810324.0, 810324.0, 810324.0, 810324.0, 810324.0, 810324.0, 810324.0, 810324.0, 810324.0, 810324.0, 810324.0, 810324.0, 810324.0, 810324.0, 810324.0, 810324.0, 810324.0, 810324.0, 810324.0, 810324.0, 810324.0, 810324.0, 810324.0, 810324.0, 810324.0, 810324.0, 810324.0, 810324.0, 810324.0, 810324.0, 810324.0, 810324.0, 810324.0, 810324.0, 810324.0, 810324.0, 810324.0, 810324.0, 810324.0, 810324.0, 810324.0, 810324.0, 810324.0, 810324.0, 810324.0, 810324.0, 810324.0, 810324.0, 810324.0, 810324.0, 810324.0, 810324.0, 810324.0, 810324.0, 810324.0, 810324.0, 810324.0, 810324.0, 810324.0, 810324.0, 810324.0, 810324.0, 810324.0, 810324.0, 810324.0, 810324.0, 810324.0, 809863.8606262446, 809863.8606262446, 809863.8606262446, 809863.8606262446, 809863.8606262446, 809863.8606262446, 809863.8606262446, 809863.8606262446, 809863.8606262446, 809863.8606262446, 809863.8606262446, 809863.8606262446, 809863.8606262446, 809863.8606262446, 809863.8606262446, 809863.8606262446, 809863.8606262446, 809863.8606262446, 809863.8606262446, 809863.8606262446, 809863.8606262446, 809863.8606262446, 809863.8606262446, 809863.8606262446, 809863.8606262446, 809863.8606262446, 809863.8606262446, 809863.8606262446, 809863.8606262446, 809863.8606262446, 809863.8606262446, 809863.8606262446, 809863.8606262446, 809863.8606262446, 809863.8606262446, 809863.8606262446, 809863.8606262446, 809863.8606262446, 809863.8606262446, 809863.8606262446, 809863.8606262446, 809863.8606262446, 810077.9631272126, 810257.8778888606, 810257.8778888606, 810324.0, 810324.0, 810324.0, 810324.0, 810324.0, 810324.0, 810324.0, 810324.0, 810324.0, 810324.0, 810324.0, 810324.0, 810324.0, 810324.0, 810324.0, 810324.0, 810324.0, 810324.0, 810324.0, 810324.0, 810324.0, 810324.0, 810324.0, 810324.0, 810324.0, 810324.0, 810324.0, 810324.0, 810324.0, 810324.0, 810324.0, 810324.0, 810324.0, 810324.0, 810324.0, 810324.0, 810324.0, 810324.0, 810324.0, 810324.0, 810324.0, 810324.0, 810324.0, 810324.0, 810324.0, 810324.0, 810324.0, 810324.0, 810324.0, 810324.0, 810324.0, 810324.0, 810324.0, 810324.0, 810324.0, 810324.0, 810324.0, 810324.0, 810324.0, 810324.0, 810324.0, 810324.0, 810324.0, 810324.0, 810324.0, 810324.0, 810324.0, 810324.0, 810324.0, 810324.0, 810324.0, 810324.0, 810324.0, 810324.0, 810324.0, 810324.0, 810324.0, 810324.0, 810324.0, 810324.0, 810324.0, 810324.0, 810324.0, 810324.0, 810324.0, 810324.0, 810324.0, 810324.0, 810324.0, 810324.0, 810324.0, 770652.1917168357, 770652.1917168357, 770652.1917168357, 770652.1917168357, 770652.1917168357, 770652.1917168357, 770652.1917168357, 770652.1917168357, 770652.1917168357, 770652.1917168357, 770652.1917168357, 770652.1917168357, 770652.1917168357, 770652.1917168357, 770652.1917168357, 770652.1917168357, 770652.1917168357, 770652.1917168357, 770652.1917168357, 770652.1917168357, 770652.1917168357, 770652.1917168357, 770652.1917168357, 770652.1917168357, 770652.1917168357, 770652.1917168357, 770652.1917168357, 770652.1917168357, 770652.1917168357, 770652.1917168357, 770652.1917168357, 770652.1917168357, 770652.1917168357, 778806.630752635, 778806.630752635, 781971.4127265278, 781971.4127265278, 810324.0, 810324.0, 810324.0, 810324.0, 810324.0, 810324.0, 810324.0, 810324.0, 809343.0279508241, 809343.0279508241, 809343.0279508241, 809343.0279508241, 809343.0279508241, 809343.0279508241, 809343.0279508241, 809343.0279508241, 809343.0279508241, 809343.0279508241, 809343.0279508241, 809343.0279508241, 809343.0279508241, 809343.0279508241, 809343.0279508241, 809343.0279508241, 809343.0279508241, 809343.0279508241, 809343.0279508241, 809343.0279508241, 809343.0279508241, 809343.0279508241, 809343.0279508241, 809343.0279508241, 809343.0279508241, 809343.0279508241, 809343.0279508241, 809343.0279508241, 809343.0279508241, 809343.0279508241, 809343.0279508241, 809343.0279508241, 809343.0279508241, 809343.0279508241, 809343.0279508241, 809343.0279508241, 809343.0279508241, 809343.0279508241, 809343.0279508241, 809343.0279508241, 809343.0279508241, 809343.0279508241, 809830.0375358606, 810324.0, 810324.0, 810324.0, 810324.0, 810324.0, 810324.0, 810324.0, 810324.0, 810324.0, 810324.0, 810324.0, 810324.0, 810324.0, 810324.0, 810324.0, 810324.0, 810324.0, 810324.0, 810324.0, 810324.0, 810324.0, 810324.0, 810324.0, 810324.0, 810324.0, 810324.0, 810324.0, 810324.0, 810324.0, 810324.0, 810324.0, 810324.0, 810324.0, 810324.0, 810324.0, 810324.0, 810324.0, 810324.0, 810324.0, 810324.0, 810324.0, 810324.0, 810324.0, 810324.0, 810324.0, 810324.0, 810324.0, 810324.0, 810324.0, 810324.0, 810324.0, 810324.0, 810324.0, 810324.0, 810324.0, 810324.0, 810324.0, 810324.0, 810324.0, 810324.0, 810324.0, 810324.0, 810324.0, 810324.0, 810324.0, 810324.0, 810324.0, 810324.0, 810324.0, 810324.0, 810324.0, 810324.0, 810324.0, 810324.0, 810324.0, 810324.0, 810324.0, 810324.0, 810324.0, 810324.0, 810324.0, 810324.0, 810324.0, 810324.0, 810324.0, 810324.0, 810324.0, 810324.0, 810324.0, 810324.0, 810324.0, 810324.0, 810324.0, 810324.0, 801871.9970753244, 801871.9970753244, 801871.9970753244, 801871.9970753244, 801871.9970753244, 801871.9970753244, 801871.9970753244, 801871.9970753244, 801871.9970753244, 801871.9970753244, 801871.9970753244, 801871.9970753244, 801871.9970753244, 801871.9970753244, 801871.9970753244, 801871.9970753244, 801871.9970753244, 801871.9970753244, 801871.9970753244, 801871.9970753244, 801871.9970753244, 801871.9970753244, 801871.9970753244, 801871.9970753244, 801871.9970753244, 801871.9970753244, 801871.9970753244, 801871.9970753244, 801871.9970753244, 810324.0, 810324.0, 810324.0, 810324.0, 810324.0, 810324.0, 810324.0, 810324.0, 810324.0, 810324.0, 810324.0, 810324.0, 810324.0, 810324.0, 810324.0, 810324.0, 810324.0, 810324.0, 810324.0, 810324.0, 810324.0, 810324.0, 810324.0, 810324.0, 810324.0, 810324.0, 810324.0, 810324.0, 810324.0, 810324.0, 810324.0, 810324.0, 810324.0, 810324.0, 810324.0, 810324.0, 810324.0, 810324.0, 810324.0, 810324.0, 810324.0, 810324.0, 810324.0, 810324.0, 810324.0, 810324.0, 810324.0, 810324.0, 810324.0, 810324.0, 810324.0, 810324.0, 810324.0, 810324.0, 810324.0, 810324.0, 810324.0, 810324.0, 810324.0, 810324.0, 810324.0, 784411.7411945042, 784411.7411945042, 784411.7411945042, 784411.7411945042, 784411.7411945042, 784411.7411945042, 784411.7411945042, 784411.7411945042, 784411.7411945042, 784411.7411945042, 784411.7411945042, 784411.7411945042, 784411.7411945042, 784411.7411945042, 784411.7411945042, 784411.7411945042, 784411.7411945042, 784411.7411945042, 784411.7411945042, 784411.7411945042, 784411.7411945042, 784411.7411945042, 784411.7411945042, 784411.7411945042, 784411.7411945042, 784411.7411945042, 784411.7411945042, 784411.7411945042, 784411.7411945042, 784411.7411945042, 784411.7411945042, 784411.7411945042, 784411.7411945042, 784411.7411945042, 784411.7411945042, 784411.7411945042, 784411.7411945042, 797292.643301479, 797744.0087771381, 797744.0087771381, 797744.0087771381, 797744.0087771381, 806671.3621807842, 809244.1036141686, 809244.1036141686, 809840.6060467231, 809840.6060467231, 809840.6060467231, 809840.6060467231, 809840.6060467231, 809840.6060467231, 809840.6060467231, 809840.6060467231, 809840.6060467231, 809840.6060467231, 809840.6060467231, 809840.6060467231, 809840.6060467231, 809840.6060467231, 809840.6060467231, 809840.6060467231, 809840.6060467231, 809840.6060467231, 809840.6060467231, 809840.6060467231, 809840.6060467231, 809840.6060467231, 809840.6060467231, 809840.6060467231, 809840.6060467231, 809840.6060467231, 809840.6060467231, 809840.6060467231, 809840.6060467231, 809840.6060467231, 809840.6060467231, 809840.6060467231, 809840.6060467231, 809840.6060467231, 809840.6060467231, 809840.6060467231, 809840.6060467231, 809840.6060467231, 809840.6060467231, 809840.6060467231, 809840.6060467231, 810324.0, 810324.0, 810324.0, 810324.0, 810324.0, 810324.0, 810324.0, 810324.0, 810324.0, 810324.0, 810324.0, 810324.0, 810324.0, 810324.0, 810324.0, 810324.0, 810324.0, 810324.0, 810324.0, 810324.0, 810324.0, 810324.0, 810324.0, 810324.0, 810324.0, 810324.0, 810324.0, 810324.0, 810324.0, 810324.0, 810324.0, 810324.0, 810324.0, 810324.0, 810324.0, 810324.0, 810324.0, 810324.0, 810324.0, 810324.0, 810324.0, 810324.0, 810324.0, 810324.0, 810324.0, 810324.0, 810324.0, 810324.0, 810324.0, 810324.0, 810324.0, 810324.0, 810324.0, 810324.0, 810324.0, 810324.0, 810324.0, 810324.0, 810324.0, 810324.0, 810324.0, 810324.0, 810324.0, 810324.0, 810324.0, 810324.0, 810324.0, 810324.0, 810324.0, 810324.0, 810324.0, 810324.0, 810324.0, 810324.0, 810324.0, 810324.0, 810324.0, 810324.0, 810324.0, 810324.0, 810324.0, 810324.0, 810324.0, 810324.0, 810324.0, 810324.0, 810324.0, 810324.0, 810324.0, 810324.0, 810324.0, 810324.0, 810324.0, 810324.0, 810324.0, 810324.0, 810324.0, 810324.0, 810324.0, 810324.0, 810324.0, 810324.0, 810324.0, 810324.0, 810324.0, 810324.0, 810324.0, 810324.0, 810324.0, 810324.0, 810324.0, 810324.0, 810324.0, 810324.0, 810324.0, 810324.0, 810324.0, 810324.0, 810324.0, 810324.0, 810324.0, 810324.0, 810324.0, 810324.0, 810324.0, 810324.0, 810324.0, 810324.0, 810324.0, 810324.0, 810324.0, 810324.0, 810324.0, 810324.0, 810324.0, 810324.0, 810324.0, 810324.0, 810324.0, 810324.0, 810324.0, 810324.0, 810324.0, 810324.0, 810324.0, 810324.0, 810324.0, 810324.0, 810324.0, 810324.0, 810324.0, 810324.0, 810324.0, 810324.0, 810324.0, 810324.0, 810324.0, 810324.0, 810324.0, 810324.0, 810324.0, 810324.0, 810324.0, 810324.0, 810324.0, 810324.0, 810324.0, 810324.0, 810324.0, 810324.0, 810324.0, 810324.0, 810324.0, 810324.0, 810324.0, 810324.0, 810324.0, 810324.0, 810324.0, 810324.0, 810324.0, 810324.0, 810324.0, 810324.0, 810324.0, 810324.0, 810324.0, 808107.7395212529, 808107.7395212529, 808107.7395212529, 808107.7395212529, 808107.7395212529, 808107.7395212529, 808107.7395212529, 808107.7395212529, 808107.7395212529, 808107.7395212529, 808107.7395212529, 808107.7395212529, 808107.7395212529, 808107.7395212529, 808107.7395212529, 808107.7395212529, 808107.7395212529, 808107.7395212529, 808107.7395212529, 808107.7395212529, 808107.7395212529, 808107.7395212529, 808107.7395212529, 808107.7395212529, 808107.7395212529, 808107.7395212529, 808107.7395212529, 808107.7395212529, 808107.7395212529, 808107.7395212529, 808107.7395212529, 808107.7395212529, 808107.7395212529, 808107.7395212529, 808107.7395212529, 808107.7395212529, 808107.7395212529, 808107.7395212529, 808107.7395212529, 808107.7395212529, 808107.7395212529, 808107.7395212529, 808107.7395212529, 808107.7395212529, 808107.7395212529, 808107.7395212529, 808107.7395212529, 808107.7395212529, 808107.7395212529, 808107.7395212529, 808107.7395212529, 808107.7395212529, 808107.7395212529, 808107.7395212529, 808107.7395212529, 808107.7395212529, 808107.7395212529, 808107.7395212529, 808107.7395212529, 808107.7395212529, 808107.7395212529, 808107.7395212529, 808107.7395212529, 808107.7395212529, 808107.7395212529, 808107.7395212529, 808107.7395212529, 808107.7395212529, 808107.7395212529, 808107.7395212529, 808107.7395212529, 808107.7395212529, 808107.7395212529, 808107.7395212529, 808107.7395212529, 808107.7395212529, 808107.7395212529, 808107.7395212529, 808107.7395212529, 808107.7395212529, 808107.7395212529, 808345.5877161588, 808345.5877161588, 808345.5877161588, 808345.5877161588, 808345.5877161588, 808622.2509468815, 809695.5332264185, 809695.5332264185, 809695.5332264185, 809695.5332264185, 809695.5332264185, 809695.5332264185, 809695.5332264185, 809695.5332264185, 809695.5332264185, 809695.5332264185, 809695.5332264185, 809695.5332264185, 809695.5332264185, 809695.5332264185, 809695.5332264185, 809695.5332264185, 809695.5332264185, 809695.5332264185, 809695.5332264185, 809695.5332264185, 809695.5332264185, 809695.5332264185, 809695.5332264185, 809695.5332264185, 809695.5332264185, 809695.5332264185, 809695.5332264185, 809695.5332264185, 809695.5332264185, 809695.5332264185, 809695.5332264185, 809695.5332264185, 809695.5332264185, 809695.5332264185, 809695.5332264185, 809695.5332264185, 809695.5332264185, 809695.5332264185, 809695.5332264185, 809695.5332264185, 809695.5332264185, 809695.5332264185, 810289.3062935071, 810289.3062935071, 810289.3062935071, 810289.3062935071, 810289.3062935071, 810324.0, 810324.0, 810324.0, 810324.0, 810324.0, 810324.0, 810324.0, 810324.0, 810324.0, 810324.0, 810324.0, 810324.0, 810324.0, 810324.0, 810324.0, 810324.0, 810324.0, 810324.0, 810324.0, 810324.0, 810324.0, 810324.0, 810324.0, 810324.0, 810324.0, 810324.0, 810324.0, 810324.0, 810324.0, 810324.0, 810324.0, 810324.0, 810324.0, 810324.0, 810324.0, 810324.0, 810324.0, 810324.0, 810324.0, 810324.0, 810324.0, 810324.0, 810324.0, 810324.0, 810324.0, 810324.0, 810324.0, 810324.0, 810324.0, 810324.0, 810324.0, 810324.0, 810324.0, 810324.0, 810324.0, 810324.0, 810324.0, 810324.0, 810324.0, 810324.0, 810324.0, 810324.0, 810324.0, 810324.0, 810324.0, 810324.0, 810324.0, 810324.0, 810324.0, 810324.0, 810324.0, 810324.0, 810324.0, 810324.0, 810324.0, 810324.0, 810324.0, 810324.0, 810324.0, 810324.0, 810324.0, 810324.0, 810324.0, 810324.0, 810324.0, 810324.0, 810324.0, 810324.0, 810324.0, 810324.0, 810324.0, 810324.0, 810324.0, 810324.0, 
18297.948835450214, 5637.0461030312445, 5637.0461030312445, 4447.153454153597, 4447.153454153597, 4447.153454153597, 4447.153454153597, 4447.153454153597, 4442.50762430442, 4442.50762430442, 4442.50762430442, 4442.50762430442, 3575.409905560206, 3564.9761457058994, 1160.1817992700262, 1160.1817992700262, 1125.3593061857982, 1125.3593061857982, 1125.3593061857982, 793.1485095206546, 793.1485095206546, 793.1485095206546, 793.1485095206546, 580.6582876705121, 239.95039484848758, 239.95039484848758, 239.95039484848758, 239.95039484848758, 239.95039484848758, 239.95039484848758, 239.95039484848758, 173.59221109077296, 173.59221109077296, 173.59221109077296, 164.8400855709697, 164.8400855709697, 117.57170732582408, 105.18350559291417, 105.18350559291417, 105.18350559291417, 77.03610579214102, 77.03610579214102, 77.03610579214102, 77.03610579214102, 77.03610579214102, 77.03610579214102, 77.03610579214102, 77.03610579214102, 77.03610579214102, 74.46588135091835, 74.46588135091835, 74.46588135091835, 74.46588135091835, 51.781639804467154, 51.781639804467154, 51.781639804467154, 51.781639804467154, 51.781639804467154, 51.781639804467154, 51.781639804467154, 30.89977369619585, 30.89977369619585, 30.89977369619585, 30.89977369619585, 30.89977369619585, 30.89977369619585, 21.734274974016053, 21.734274974016053, 21.734274974016053, 20.751151750505546, 20.751151750505546, 20.751151750505546, 20.751151750505546, 20.751151750505546, 20.751151750505546, 20.751151750505546, 20.751151750505546, 18.545184216346843, 18.545184216346843, 18.545184216346843, 18.545184216346843, 18.545184216346843, 16.618223365771602, 16.618223365771602, 16.618223365771602, 16.618223365771602, 16.618223365771602, 16.618223365771602, 16.618223365771602, 16.368592260722462, 16.368592260722462, 172860.78809143664, 210814.4232393677, 348139.318226291, 348139.318226291, 266031.40873387945, 275204.6653910097, 275204.6653910097, 466011.13759030215, 466011.13759030215, 508970.2688887807, 484453.6047453817, 484453.6047453817, 484453.6047453817, 484453.6047453817, 593287.8524801402, 584074.6487367061, 656829.2999366948, 656829.2999366948, 656829.2999366948, 656829.2999366948, 656829.2999366948, 656829.2999366948, 659373.5013306751, 688737.7886319798, 688737.7886319798, 698944.6587194391, 698944.6587194391, 763749.1785207419, 763749.1785207419, 769648.4673124866, 789142.7642824505, 789142.7642824505, 789142.7642824505, 787926.0764106958, 787926.0764106958, 810041.8967786729, 810041.8967786729, 810041.8967786729, 810152.77918847, 810324.0, 810324.0, 810324.0, 810324.0, 810324.0, 810324.0, 810324.0, 810324.0, 810324.0, 810324.0, 810324.0, 810324.0, 810324.0, 810324.0, 810324.0, 810324.0, 810324.0, 810324.0, 810324.0, 810324.0, 810324.0, 810324.0, 810324.0, 810324.0, 810324.0, 810324.0, 810324.0, 810324.0, 810324.0, 810324.0, 810324.0, 810324.0, 810324.0, 810324.0, 810324.0, 810324.0, 810324.0, 810324.0, 810324.0, 810324.0, 810324.0, 810324.0, 810324.0, 810324.0, 810324.0, 810324.0, 810324.0, 810324.0, 810324.0, 810324.0, 810324.0, 810324.0, 810324.0, 810324.0, 810324.0, 810324.0, 810324.0, 810324.0, 810324.0, 810324.0, 810324.0, 810324.0, 810324.0, 810324.0, 810324.0, 810324.0, 810324.0, 810324.0, 810324.0, 810324.0, 810324.0, 810324.0, 810324.0, 810324.0, 810324.0, 810324.0, 810324.0, 810324.0, 810324.0, 810324.0, 810324.0, 810324.0, 810324.0, 810324.0, 810324.0, 810324.0, 810324.0, 810324.0, 810324.0, 810324.0, 810324.0, 810324.0, 810324.0, 810324.0, 810324.0, 810324.0, 810324.0, 810324.0, 810324.0, 810324.0, 810324.0, 810324.0, 810324.0, 810324.0, 810324.0, 810324.0, 810324.0, 810324.0, 810324.0, 810324.0, 810324.0, 810324.0, 810324.0, 810324.0, 810324.0, 810324.0, 810324.0, 810324.0, 810324.0, 810324.0, 810324.0, 810324.0, 810324.0, 810324.0, 810324.0, 810324.0, 810324.0, 810324.0, 810324.0, 810324.0, 810324.0, 810324.0, 810324.0, 810324.0, 810324.0, 810324.0, 810324.0, 810324.0, 810324.0, 810324.0, 810324.0, 810324.0, 810324.0, 810324.0, 810324.0, 810324.0, 810324.0, 810324.0, 810324.0, 810324.0, 810324.0, 810324.0, 810324.0, 810324.0, 810324.0, 810324.0, 810324.0, 810324.0, 810324.0, 810324.0, 810324.0, 810324.0, 810324.0, 810324.0, 810324.0, 810324.0, 810324.0, 810324.0, 810324.0, 810324.0, 810324.0, 810324.0, 810324.0, 810324.0, 810324.0, 810324.0, 810324.0, 810324.0, 810324.0, 810324.0, 810324.0, 810324.0, 810324.0, 810324.0, 810324.0, 810324.0, 810324.0, 810324.0, 810324.0, 810324.0, 810324.0, 810324.0, 810324.0, 810324.0, 810324.0, 810324.0, 810324.0, 810324.0, 810324.0, 810324.0, 810324.0, 810324.0, 810324.0, 810324.0, 810324.0, 810324.0, 810324.0, 810324.0, 810324.0, 810324.0, 810324.0, 810324.0, 810324.0, 810324.0, 810324.0, 810324.0, 810324.0, 810324.0, 810324.0, 810324.0, 810324.0, 810324.0, 810324.0, 810324.0, 810324.0, 810324.0, 810324.0, 810324.0, 810324.0, 810324.0, 810324.0, 810324.0, 810324.0, 810324.0, 810324.0, 810324.0, 810324.0, 810324.0, 810324.0, 810324.0, 810324.0, 810324.0, 810324.0, 810324.0, 810324.0, 810324.0, 810324.0, 810324.0, 810324.0, 810324.0, 810324.0, 810324.0, 810324.0, 810324.0, 810324.0, 810324.0, 810324.0, 810324.0, 810324.0, 810324.0, 810324.0, 810324.0, 810324.0, 810324.0, 810324.0, 810324.0, 810324.0, 810324.0, 810324.0, 810324.0, 810324.0, 810324.0, 810324.0, 810324.0, 810324.0, 810324.0, 810324.0, 810324.0, 810324.0, 810324.0, 810324.0, 810324.0, 810324.0, 810324.0, 810324.0, 810324.0, 810324.0, 810324.0, 810324.0, 810324.0, 810324.0, 810324.0, 810324.0, 810324.0, 810324.0, 810324.0, 810324.0, 810324.0, 810324.0, 810324.0, 810324.0, 810324.0, 810324.0, 810324.0, 810324.0, 810324.0, 810324.0, 810324.0, 810324.0, 810324.0, 810324.0, 810324.0, 810324.0, 810324.0, 810324.0, 810324.0, 810324.0, 810324.0, 810324.0, 810324.0, 810324.0, 810324.0, 810324.0, 810324.0, 810324.0, 810324.0, 810324.0, 810324.0, 810324.0, 810324.0, 810324.0, 810324.0, 810324.0, 810324.0, 810324.0, 810324.0, 810324.0, 810324.0, 810324.0, 810324.0, 810324.0, 810324.0, 810324.0, 810324.0, 810324.0, 810324.0, 810324.0, 810324.0, 810324.0, 810324.0, 810324.0, 810324.0, 810324.0, 810324.0, 810324.0, 810324.0, 810324.0, 810324.0, 810324.0, 810324.0, 810324.0, 810324.0, 810324.0, 810324.0, 810324.0, 810324.0, 810324.0, 810324.0, 810324.0, 810324.0, 810324.0, 810324.0, 810324.0, 810324.0, 810324.0, 810324.0, 810324.0, 810324.0, 810324.0, 810324.0, 810324.0, 810324.0, 810324.0, 810324.0, 810324.0, 810324.0, 810324.0, 810324.0, 810324.0, 810324.0, 810324.0, 810324.0, 810324.0, 810324.0, 810324.0, 810324.0, 810324.0, 810324.0, 810324.0, 810324.0, 810324.0, 810324.0, 810324.0, 810324.0, 810324.0, 810324.0, 810324.0, 810324.0, 810324.0, 810324.0, 810324.0, 810324.0, 810324.0, 810324.0, 810324.0, 810324.0, 810324.0, 810324.0, 810324.0, 810324.0, 810324.0, 810324.0, 810324.0, 810324.0, 810324.0, 810324.0, 810324.0, 810324.0, 810324.0, 810324.0, 810324.0, 810324.0, 810324.0, 810324.0, 810324.0, 810324.0, 810324.0, 810324.0, 810324.0, 810324.0, 810324.0, 810324.0, 810324.0, 810324.0, 810324.0, 810324.0, 810324.0, 810324.0, 810324.0, 810324.0, 810324.0, 810324.0, 810324.0, 810324.0, 810324.0, 810324.0, 810324.0, 810324.0, 810324.0, 810324.0, 810273.3133679195, 810273.3133679195, 810273.3133679195, 810273.3133679195, 810273.3133679195, 810273.3133679195, 810273.3133679195, 810273.3133679195, 810273.3133679195, 810273.3133679195, 810273.3133679195, 810273.3133679195, 810273.3133679195, 810273.3133679195, 810273.3133679195, 810273.3133679195, 810273.3133679195, 810273.3133679195, 810273.3133679195, 810273.3133679195, 810273.3133679195, 810273.3133679195, 810273.3133679195, 810273.3133679195, 810273.3133679195, 810273.3133679195, 810273.3133679195, 810273.3133679195, 810273.3133679195, 810273.3133679195, 810273.3133679195, 810273.3133679195, 810273.3133679195, 810273.3133679195, 810273.3133679195, 810273.3133679195, 810273.3133679195, 810273.3133679195, 810273.3133679195, 810324.0, 810324.0, 810324.0, 810324.0, 810324.0, 810324.0, 810324.0, 810324.0, 810324.0, 810324.0, 810324.0, 810324.0, 810324.0, 810324.0, 810324.0, 810324.0, 810324.0, 810324.0, 810324.0, 810324.0, 810324.0, 810324.0, 810324.0, 810324.0, 810324.0, 810324.0, 810324.0, 810324.0, 810324.0, 810324.0, 810324.0, 810324.0, 810324.0, 810324.0, 810324.0, 810324.0, 810324.0, 810324.0, 810324.0, 810324.0, 810324.0, 810324.0, 810324.0, 810324.0, 810324.0, 810324.0, 810324.0, 810324.0, 810324.0, 810324.0, 810324.0, 810324.0, 810324.0, 810324.0, 810324.0, 810324.0, 810324.0, 810324.0, 810324.0, 810324.0, 810324.0, 810324.0, 810324.0, 810324.0, 810324.0, 810324.0, 810324.0, 810324.0, 810324.0, 810324.0, 810324.0, 810324.0, 810324.0, 810324.0, 810324.0, 810324.0, 810324.0, 810324.0, 810324.0, 810324.0, 810324.0, 810324.0, 810324.0, 810324.0, 810324.0, 810324.0, 810324.0, 810324.0, 810324.0, 810324.0, 810324.0, 810324.0, 810324.0, 810324.0, 810324.0, 810324.0, 810324.0, 810324.0, 810324.0, 810324.0, 810324.0, 810324.0, 810324.0, 810324.0, 810324.0, 810324.0, 810324.0, 810324.0, 810324.0, 810324.0, 810324.0, 810324.0, 810324.0, 810324.0, 810324.0, 810324.0, 810324.0, 810324.0, 810324.0, 810324.0, 810324.0, 810324.0, 810324.0, 810324.0, 810324.0, 810324.0, 810324.0, 810324.0, 810324.0, 810324.0, 810324.0, 810324.0, 810324.0, 810324.0, 810324.0, 810324.0, 810324.0, 810324.0, 810324.0, 810324.0, 810324.0, 810324.0, 810324.0, 810324.0, 810324.0, 810324.0, 810324.0, 810324.0, 810324.0, 810324.0, 810324.0, 810324.0, 810324.0, 810324.0, 810324.0, 810324.0, 810324.0, 810324.0, 810324.0, 810324.0, 810324.0, 810324.0, 810324.0, 810324.0, 810324.0, 810324.0, 810324.0, 810324.0, 810324.0, 810324.0, 810324.0, 810324.0, 810324.0, 810324.0, 810324.0, 810324.0, 810324.0, 810324.0, 810324.0, 810324.0, 810324.0, 810324.0, 810324.0, 810324.0, 810324.0, 810324.0, 810324.0, 810324.0, 810324.0, 810324.0, 810324.0, 810324.0, 810324.0, 810324.0, 810324.0, 810324.0, 810324.0, 810324.0, 810324.0, 810324.0, 810324.0, 810324.0, 810324.0, 810324.0, 810324.0, 810324.0, 810324.0, 810324.0, 810324.0, 810324.0, 810324.0, 810324.0, 810324.0, 810324.0, 810324.0, 810324.0, 810324.0, 810324.0, 810324.0, 810324.0, 810324.0, 810324.0, 810324.0, 810324.0, 810324.0, 810324.0, 810324.0, 810324.0, 810324.0, 810324.0, 810324.0, 810324.0, 810324.0, 810324.0, 810324.0, 810324.0, 810324.0, 810324.0, 810324.0, 810324.0, 810324.0, 810324.0, 810324.0, 810324.0, 810324.0, 810324.0, 810324.0, 810324.0, 810324.0, 810324.0, 810324.0, 810324.0, 810324.0, 810324.0, 810324.0, 810324.0, 810324.0, 810324.0, 810324.0, 810324.0, 810324.0, 810324.0, 810324.0, 810324.0, 810324.0, 810324.0, 810324.0, 810324.0, 810324.0, 810324.0, 810324.0, 810324.0, 810324.0, 810324.0, 810324.0, 810324.0, 810324.0, 810324.0, 810324.0, 810324.0, 810324.0, 810324.0, 810324.0, 810324.0, 810324.0, 810324.0, 810324.0, 810324.0, 810324.0, 810324.0, 810324.0, 810324.0, 810324.0, 810324.0, 810324.0, 810324.0, 810324.0, 810324.0, 810324.0, 810324.0, 810324.0, 810324.0, 810324.0, 810324.0, 810324.0, 810324.0, 810324.0, 810324.0, 810324.0, 810324.0, 810324.0, 810324.0, 810324.0, 810324.0, 810324.0, 810324.0, 810324.0, 810324.0, 810324.0, 810324.0, 810324.0, 810324.0, 810324.0, 810324.0, 808197.9398074299, 808197.9398074299, 808197.9398074299, 808197.9398074299, 808197.9398074299, 808197.9398074299, 808197.9398074299, 808197.9398074299, 808197.9398074299, 808197.9398074299, 808197.9398074299, 808197.9398074299, 808197.9398074299, 808197.9398074299, 808197.9398074299, 808197.9398074299, 808197.9398074299, 808197.9398074299, 808197.9398074299, 808197.9398074299, 808197.9398074299, 808197.9398074299, 808197.9398074299, 808197.9398074299, 808197.9398074299, 808197.9398074299, 808197.9398074299, 808197.9398074299, 808197.9398074299, 808197.9398074299, 808197.9398074299, 808197.9398074299, 808197.9398074299, 808197.9398074299, 808197.9398074299, 808197.9398074299, 808197.9398074299, 808197.9398074299, 808197.9398074299, 808197.9398074299, 808197.9398074299, 808197.9398074299, 808197.9398074299, 808197.9398074299, 808197.9398074299, 808197.9398074299, 800143.5828652842, 800143.5828652842, 800143.5828652842, 800143.5828652842, 800143.5828652842, 800143.5828652842, 800143.5828652842, 800143.5828652842, 800143.5828652842, 800143.5828652842, 800143.5828652842, 800143.5828652842, 800143.5828652842, 800143.5828652842, 800143.5828652842, 800143.5828652842, 800143.5828652842, 800143.5828652842, 800143.5828652842, 800143.5828652842, 800143.5828652842, 800143.5828652842, 800143.5828652842, 800143.5828652842, 800143.5828652842, 800143.5828652842, 800143.5828652842, 800143.5828652842, 800143.5828652842, 800143.5828652842, 800143.5828652842, 800143.5828652842, 800143.5828652842, 800143.5828652842, 800143.5828652842, 800143.5828652842, 800143.5828652842, 800143.5828652842, 800143.5828652842, 804885.2580409772, 804885.2580409772, 804885.2580409772, 808291.9050110648, 810324.0, 810324.0, 810324.0, 810324.0, 810324.0, 810324.0, 810324.0, 810324.0, 810324.0, 810324.0, 810324.0, 810324.0, 810324.0, 810324.0, 810324.0, 810324.0, 810324.0, 810324.0, 810324.0, 810324.0, 810324.0, 810324.0, 810324.0, 810324.0, 810324.0, 810324.0, 810324.0, 810324.0, 810324.0, 810324.0, 810324.0, 810324.0, 810324.0, 810324.0, 810324.0, 810324.0, 810324.0, 810324.0, 810324.0, 810324.0, 810324.0, 810324.0, 810324.0, 810324.0, 810324.0, 810324.0, 810324.0, 810324.0, 810324.0, 810324.0, 810324.0, 810324.0, 810324.0, 810324.0, 810324.0, 810324.0, 810324.0, 810324.0, 810324.0, 810324.0, 810324.0, 810324.0, 810324.0, 810324.0, 810324.0, 810324.0, 810324.0, 810324.0, 810324.0, 810324.0, 810324.0, 810324.0, 810324.0, 810324.0, 810324.0, 810324.0, 810324.0, 810324.0, 810324.0, 810324.0, 810324.0, 810324.0, 810324.0, 810324.0, 810324.0, 810324.0, 810324.0, 810324.0, 810324.0, 810324.0, 810324.0, 810324.0, 810324.0, 810324.0, 810324.0, 810324.0, 810324.0, 810324.0, 810324.0, 810324.0, 810324.0, 810324.0, 810324.0, 810324.0, 810324.0, 810324.0, 810324.0, 810324.0, 810324.0, 810324.0, 810324.0, 810324.0, 810324.0, 810324.0, 810324.0, 810324.0, 810324.0, 810324.0, 810324.0, 810324.0, 810324.0, 810324.0, 810324.0, 810324.0, 810324.0, 810324.0, 810324.0, 810324.0, 810324.0, 810324.0, 810324.0, 810324.0, 810324.0, 810324.0, 810324.0, 810324.0, 810324.0, 810324.0, 810324.0, 810324.0, 810324.0, 810324.0, 810324.0, 810324.0, 810324.0, 810324.0, 810324.0, 810324.0, 810324.0, 810324.0, 810324.0, 810324.0, 810324.0, 810324.0, 810324.0, 810324.0, 810324.0, 810324.0, 810324.0, 810324.0, 810324.0, 810324.0, 810324.0, 810324.0, 810324.0, 810324.0, 810324.0, 810324.0, 810324.0, 810324.0, 810324.0, 810324.0, 810324.0, 810324.0, 810324.0, 810324.0, 810324.0, 810324.0, 810324.0, 810324.0, 810324.0, 810324.0, 810324.0, 810324.0, 810324.0, 810324.0, 810324.0, 810324.0, 810324.0, 810324.0, 810324.0, 810324.0, 810324.0, 810324.0, 810324.0, 810324.0, 810324.0, 810324.0, 810324.0, 810324.0, 810324.0, 810324.0, 810324.0, 810324.0, 810324.0, 810324.0, 810324.0, 810324.0, 810324.0, 810324.0, 810324.0, 810324.0, 810324.0, 810324.0, 810324.0, 810324.0, 810324.0, 810324.0, 810324.0, 810324.0, 810324.0, 810324.0, 810324.0, 810324.0, 810324.0, 810324.0, 810324.0, 810324.0, 810324.0, 810324.0, 810324.0, 810324.0, 810324.0, 810324.0, 810324.0, 810324.0, 810324.0, 810324.0, 810324.0, 810324.0, 810324.0, 810324.0, 810324.0, 810324.0, 810324.0, 810324.0, 810324.0, 810324.0, 810324.0, 810324.0, 810324.0, 810324.0, 810324.0, 810324.0, 810324.0, 810324.0, 810324.0, 810324.0, 810324.0, 810324.0, 810324.0, 810324.0, 810324.0, 810324.0, 810324.0, 810324.0, 810324.0, 810324.0, 810324.0, 810324.0, 810324.0, 810324.0, 810324.0, 810324.0, 810324.0, 810324.0, 810324.0, 810324.0, 810324.0, 810324.0, 810324.0, 810324.0, 810324.0, 810324.0, 810324.0, 810324.0, 810324.0, 810324.0, 810324.0, 810324.0, 810324.0, 810324.0, 810324.0, 810324.0, 810324.0, 810324.0, 810324.0, 810324.0, 810324.0, 810324.0, 810324.0, 810324.0, 810324.0, 810324.0, 810324.0, 810324.0, 810324.0, 810324.0, 810324.0, 810324.0, 810324.0, 810324.0, 810324.0, 810324.0, 810324.0, 810324.0, 810324.0, 810324.0, 810324.0, 810324.0, 810324.0, 810324.0, 810324.0, 810324.0, 810324.0, 810324.0, 810324.0, 810324.0, 810324.0, 810324.0, 810324.0, 810324.0, 810324.0, 810324.0, 810324.0, 810324.0, 810324.0, 810324.0, 810324.0, 810324.0, 810324.0, 810324.0, 810324.0, 810324.0, 810324.0, 810324.0, 810324.0, 810324.0, 810324.0, 810324.0, 810324.0, 810324.0, 810324.0, 810324.0, 810324.0, 810324.0, 810324.0, 810324.0, 810324.0, 810324.0, 810324.0, 810324.0, 810324.0, 810324.0, 810324.0, 810324.0, 810324.0, 810324.0, 810324.0, 810324.0, 810324.0, 810324.0, 810324.0, 810324.0, 810324.0, 810324.0, 810324.0, 810324.0, 810324.0, 810324.0, 810324.0, 810324.0, 810324.0, 810324.0, 810324.0, 810324.0, 810324.0, 810324.0, 810324.0, 810324.0, 810324.0, 810324.0, 810324.0, 810324.0, 810324.0, 810324.0, 810324.0, 810324.0, 810324.0, 810324.0, 810324.0, 810324.0, 810324.0, 810324.0, 810324.0, 810324.0, 810324.0, 810324.0, 810324.0, 810324.0, 810324.0, 810324.0, 810324.0, 810324.0, 810324.0, 810324.0, 810324.0, 810324.0, 810324.0, 810324.0, 810324.0, 810324.0, 810324.0, 810324.0, 810324.0, 810324.0, 810324.0, 810324.0, 810324.0, 810324.0, 810324.0, 810324.0, 810324.0, 810324.0, 810324.0, 810324.0, 810324.0, 810324.0, 810324.0, 810324.0, 810324.0, 810324.0, 810324.0, 810324.0, 810324.0, 810324.0, 810324.0, 810324.0, 810324.0, 810324.0, 810324.0, 810324.0, 810324.0, 810324.0, 810324.0, 810324.0, 798871.576239333, 798871.576239333, 798871.576239333, 798871.576239333, 798871.576239333, 798871.576239333, 798871.576239333, 798871.576239333, 798871.576239333, 798871.576239333, 798871.576239333, 798871.576239333, 798871.576239333, 798871.576239333, 798871.576239333, 798871.576239333, 798871.576239333, 798871.576239333, 798871.576239333, 798871.576239333, 798871.576239333, 798871.576239333, 798871.576239333, 798871.576239333, 798871.576239333, 798871.576239333, 798871.576239333, 798871.576239333, 798871.576239333, 798871.576239333, 798871.576239333, 798871.576239333, 809346.8696802934, 809346.8696802934, 809346.8696802934, 809346.8696802934, 809820.3617408861, 809827.8222556778, 810324.0, 810324.0, 810324.0, 810324.0, 810324.0, 810324.0, 810324.0, 810324.0, 810324.0, 810324.0, 810324.0, 810324.0, 810324.0, 810324.0, 810324.0, 810324.0, 810324.0, 810324.0, 810324.0, 810324.0, 810324.0, 810324.0, 810324.0, 810324.0, 810324.0, 810324.0, 810324.0, 810324.0, 810324.0, 810324.0, 810324.0, 810324.0, 810324.0, 810324.0, 810324.0, 810324.0, 810324.0, 810324.0, 810324.0, 810324.0, 810324.0, 810324.0, 810324.0, 810324.0, 810324.0, 810324.0, 810324.0, 810324.0, 810324.0, 810324.0, 810324.0, 810324.0, 810324.0, 810324.0, 810324.0, 810324.0, 810324.0, 810324.0, 810324.0, 810324.0, 810324.0, 810324.0, 810324.0, 810324.0, 810324.0, 810324.0, 810324.0, 810324.0, 810324.0, 810324.0, 810324.0, 810324.0, 810324.0, 810324.0, 810324.0, 810324.0, 810324.0, 810324.0, 810324.0, 810324.0, 810324.0, 810324.0, 810324.0, 810324.0, 810324.0, 810324.0, 810324.0, 810324.0, 810324.0, 810324.0, 810324.0, 810324.0, 810324.0, 810324.0, 810324.0, 810324.0, 810324.0, 810324.0, 810324.0, 810324.0, 810324.0, 810324.0, 810324.0, 810324.0, 810324.0, 810324.0, 810324.0, 810324.0, 810324.0, 810324.0, 810324.0, 810324.0, 810324.0, 810324.0, 810324.0, 810324.0, 810324.0, 810324.0, 810324.0, 810324.0, 810324.0, 810324.0, 810324.0, 810324.0, 810324.0, 810324.0, 810324.0, 810324.0, 810324.0, 810324.0, 810324.0, 810324.0, 810324.0, 810324.0, 810324.0, 810324.0, 810324.0, 810324.0, 810324.0, 810324.0, 810324.0, 810324.0, 810324.0, 810324.0, 810324.0, 810324.0, 810324.0, 810324.0, 810324.0, 810324.0, 810324.0, 810324.0, 810324.0, 810324.0, 810324.0, 810324.0, 810324.0, 810324.0, 810324.0, 810324.0, 810324.0, 810324.0, 810324.0, 810324.0, 810324.0, 810324.0, 810324.0, 810324.0, 810324.0, 810324.0, 810324.0, 810324.0, 810324.0, 810324.0, 810324.0, 810324.0, 810324.0, 810324.0, 810324.0, 810324.0, 810324.0, 810324.0, 810324.0, 810324.0, 810324.0, 810324.0, 810324.0, 810324.0, 810324.0, 810324.0, 810324.0, 810324.0, 810324.0, 810324.0, 810324.0, 810324.0, 810324.0, 810324.0, 810324.0, 810324.0, 810324.0, 810324.0, 810324.0, 810324.0, 810324.0, 810324.0, 810324.0, 810324.0, 810324.0, 810324.0, 810324.0, 810324.0, 810324.0, 810324.0, 810324.0, 810324.0, 810324.0, 810324.0, 810324.0, 810324.0, 810324.0, 810324.0, 810324.0, 810324.0, 810324.0, 810324.0, 810324.0, 810324.0, 810324.0, 810324.0, 810324.0, 810324.0, 810324.0, 810324.0, 810324.0, 810324.0, 810324.0, 810324.0, 810324.0, 810324.0, 810324.0, 810324.0, 810324.0, 810324.0, 810324.0, 810324.0, 810324.0, 810324.0, 810324.0, 810324.0, 810324.0, 810324.0, 810324.0, 810324.0, 810324.0, 810324.0, 810324.0, 810324.0, 810324.0, 810324.0, 810324.0, 810324.0, 810324.0, 810324.0, 810324.0, 810324.0, 810324.0, 810324.0, 810324.0, 810324.0, 810324.0, 810324.0, 810324.0, 810324.0, 810324.0, 810324.0, 810324.0, 810324.0, 810324.0, 810324.0, 810324.0, 810324.0, 810324.0, 810324.0, 810324.0, 810324.0, 810324.0, 810324.0, 810324.0, 810324.0, 810324.0, 810324.0, 810324.0, 810324.0, 810324.0, 810324.0, 810324.0, 810324.0, 810324.0, 810324.0, 810324.0, 810324.0, 810324.0, 810324.0, 810324.0, 810324.0, 810324.0, 810324.0, 810324.0, 810324.0, 810324.0, 810324.0, 810324.0, 810324.0, 810324.0, 810324.0, 810324.0, 810324.0, 810324.0, 810324.0, 810324.0, 810324.0, 810324.0, 810324.0, 810324.0, 810324.0, 810324.0, 810324.0, 810324.0, 810324.0, 810324.0, 810324.0, 810324.0, 810324.0, 810324.0, 810324.0, 810324.0, 810324.0, 810324.0, 810324.0, 810324.0, 810324.0, 810324.0, 810324.0, 810324.0, 810324.0, 810324.0, 810324.0, 810324.0, 810324.0, 810324.0, 810324.0, 810324.0, 810324.0, 810324.0, 810324.0, 810324.0, 810324.0, 810324.0, 810324.0, 810324.0, 810324.0, 810324.0, 810324.0, 810324.0, 810324.0, 810324.0, 810324.0, 810324.0, 810324.0, 810324.0, 810324.0, 810324.0, 810324.0, 810324.0, 810324.0, 810324.0, 810324.0, 810324.0, 810324.0, 810324.0, 810324.0, 810324.0, 810324.0, 810324.0, 810324.0, 810324.0, 810324.0, 810324.0, 810324.0, 810324.0, 810324.0, 810324.0, 810324.0, 810324.0, 810324.0, 810324.0, 810324.0, 810324.0, 810324.0, 810324.0, 810324.0, 810324.0, 810324.0, 810324.0, 810324.0, 810324.0, 810324.0, 810324.0, 810324.0, 810324.0, 810324.0, 810324.0, 810324.0, 810324.0, 810324.0, 810324.0, 810324.0, 810324.0, 810324.0, 810324.0, 810324.0, 810324.0, 810324.0, 810324.0, 810324.0, 810324.0, 810324.0, 810324.0, 810324.0, 810324.0, 810324.0, 810324.0, 810324.0, 810324.0, 810324.0, 810324.0, 810324.0, 810324.0, 810324.0, 810324.0, 810324.0, 810324.0, 810324.0, 810324.0, 810324.0, 810324.0, 810324.0, 810324.0, 810324.0, 810324.0, 810324.0, 810324.0, 810324.0, 810324.0, 810324.0, 810324.0, 810324.0, 810324.0, 810324.0, 810324.0, 810324.0, 810324.0, 810324.0, 810324.0, 810324.0, 810324.0, 810324.0, 810324.0, 810324.0, 810324.0, 810324.0, 810324.0, 810324.0, 810324.0, 810324.0, 810324.0, 810324.0, 810324.0, 810324.0, 810324.0, 810324.0, 810324.0, 810324.0, 810324.0, 810324.0, 810324.0, 810324.0, 810324.0, 810324.0, 810324.0, 810324.0, 810324.0, 810324.0, 810324.0, 810324.0, 810324.0, 810324.0, 810324.0, 810324.0, 810324.0, 810324.0, 810324.0, 810324.0, 810324.0, 810324.0, 810324.0, 810324.0, 810324.0, 810324.0, 810324.0, 810324.0, 810324.0, 810324.0, 810324.0, 810324.0, 810324.0, 810324.0, 810324.0, 810324.0, 810324.0, 810324.0, 810324.0, 810324.0, 810324.0, 810324.0, 810324.0, 810324.0, 810324.0, 810324.0, 810324.0, 810324.0, 810324.0, 810324.0, 810324.0, 810324.0, 810324.0, 810324.0, 810324.0, 810324.0, 810324.0, 810324.0, 810324.0, 810324.0, 810324.0, 810324.0, 810324.0, 810324.0, 810324.0, 810324.0, 810324.0, 810324.0, 810324.0, 810324.0, 810324.0, 810324.0, 810324.0, 810324.0, 810324.0, 810324.0, 810324.0, 810324.0, 810324.0, 810324.0, 810324.0, 810324.0, 810324.0, 810324.0, 810324.0, 810324.0, 810324.0, 810324.0, 810324.0, 810324.0, 810324.0, 810324.0, 810324.0, 810324.0, 810324.0, 810324.0, 810324.0, 810324.0, 810324.0, 810324.0, 810324.0, 810324.0, 810324.0, 810324.0, 810324.0, 810324.0, 810324.0, 810324.0, 810324.0, 810324.0, 810324.0, 810324.0, 810324.0, 810324.0, 810324.0, 810324.0, 810324.0, 810324.0, 810324.0, 810324.0, 810324.0, 810324.0, 810324.0, 810324.0, 810324.0, 810324.0, 810324.0, 810324.0, 810324.0, 810324.0, 810324.0, 810324.0, 810324.0, 810324.0, 810324.0, 810324.0, 810324.0, 810324.0, 810324.0, 810324.0, 810324.0, 810324.0, 810324.0, 810324.0, 810324.0, 810324.0, 810324.0, 810324.0, 810324.0, 810324.0, 810324.0, 810324.0, 810324.0, 810324.0, 810324.0, 810324.0, 810324.0, 810324.0, 810324.0, 810324.0, 810324.0, 810324.0, 810324.0, 810324.0, 810324.0, 810324.0, 810324.0, 810324.0, 810324.0, 810324.0, 810324.0, 810324.0, 810324.0, 810324.0, 810324.0, 810324.0, 810324.0, 810324.0, 810324.0, 810324.0, 810324.0, 810324.0, 810324.0, 810324.0, 810324.0, 810324.0, 810324.0, 810324.0, 810324.0, 810324.0, 810324.0, 810324.0, 810324.0, 810324.0, 810324.0, 810324.0, 810324.0, 810324.0, 810324.0, 810324.0, 810324.0, 810324.0, 810324.0, 810324.0, 810324.0, 810324.0, 810324.0, 810324.0, 810324.0, 810324.0, 810324.0, 810324.0, 810324.0, 810324.0, 810324.0, 810324.0, 810324.0, 810324.0, 810324.0, 810324.0, 810324.0, 810324.0, 810324.0, 810324.0, 810324.0, 810324.0, 810324.0, 810324.0, 810324.0, 810324.0, 810324.0, 810324.0, 810324.0, 810324.0, 810324.0, 810324.0, 810324.0, 810324.0, 810324.0, 810324.0, 810324.0, 810324.0, 810324.0, 810324.0, 810324.0, 810324.0, 810324.0, 810324.0, 810324.0, 810324.0, 810324.0, 810324.0, 810324.0, 810324.0, 810324.0, 810324.0, 810324.0, 810324.0, 810324.0, 810324.0, 810324.0, 810324.0, 810324.0, 810324.0, 810324.0, 810324.0, 810324.0, 810324.0, 810324.0, 810324.0, 810324.0, 810324.0, 810324.0, 810324.0, 810324.0, 810324.0, 810324.0, 810324.0, 810324.0, 810324.0, 810324.0, 810324.0, 810324.0, 810324.0, 810324.0, 810324.0, 810324.0, 810324.0, 810324.0, 810324.0, 810324.0, 810324.0, 810324.0, 810324.0, 810324.0, 810324.0, 810324.0, 810324.0, 810324.0, 810324.0, 810324.0, 810324.0, 810324.0, 810324.0, 810324.0, 810324.0, 810324.0, 810324.0, 810324.0, 810324.0, 810324.0, 810324.0, 810324.0, 810324.0, 810324.0, 810324.0, 810324.0, 810324.0, 810324.0, 810324.0, 810324.0, 810324.0, 810324.0, 810324.0, 810324.0, 810324.0, 810324.0, 810324.0, 810324.0, 810324.0, 810324.0, 810324.0, 810324.0, 810324.0, 810324.0, 810324.0, 810324.0, 810324.0, 810324.0, 810324.0, 810324.0, 810324.0, 810324.0, 810324.0, 810324.0, 810324.0, 810324.0, 810324.0, 810324.0, 810324.0, 810324.0, 810324.0, 810324.0, 810324.0, 810324.0, 810324.0, 810324.0, 810324.0, 810324.0, 810324.0, 810324.0, 810324.0, 810324.0, 810324.0, 810324.0, 810324.0, 810324.0, 810324.0, 810324.0, 810324.0, 810324.0, 810324.0, 810324.0, 810324.0, 810324.0, 810324.0, 810324.0, 810324.0, 810324.0, 810324.0, 810324.0, 810324.0, 810324.0, 810324.0, 810324.0, 810324.0, 810324.0, 810324.0, 810324.0, 810324.0, 810324.0, 810324.0, 810324.0, 810324.0, 810324.0, 810324.0, 810324.0, 810324.0, 810324.0, 810324.0, 810324.0, 810324.0, 810324.0, 810324.0, 810324.0, 810324.0, 810324.0, 810324.0, 810324.0, 810324.0, 810324.0, 810324.0, 810324.0, 810324.0, 810324.0, 810324.0, 810324.0, 810324.0, 810324.0, 810324.0, 810324.0, 810324.0, 810324.0, 810324.0, 810324.0, 810324.0, 810324.0, 810324.0, 810324.0, 810324.0, 810324.0, 810324.0, 810324.0, 810324.0, 810324.0, 810324.0, 810324.0, 810324.0, 810324.0, 810324.0, 810324.0, 810324.0, 810324.0, 810324.0, 810324.0, 810324.0, 810324.0, 810324.0, 810324.0, 810324.0, 810324.0, 810324.0, 810324.0, 810324.0, 810324.0, 810324.0, 810324.0, 810324.0, 810324.0, 810324.0, 810324.0, 810324.0, 810324.0, 810324.0, 810324.0, 810324.0, 810324.0, 810324.0, 810324.0, 810324.0, 810324.0, 810324.0, 810324.0, 810324.0, 810324.0, 810324.0, 810324.0, 810324.0, 810324.0, 810324.0, 810324.0, 810324.0, 810324.0, 810324.0, 810324.0, 810324.0, 810324.0, 810324.0, 810324.0, 810324.0, 810324.0, 810324.0, 810324.0, 810324.0, 810324.0, 810324.0, 810324.0, 810324.0, 810324.0, 810324.0, 810324.0, 810324.0, 810324.0, 810324.0, 810324.0, 810324.0, 810324.0, 810324.0, 810324.0, 810324.0, 810324.0, 810324.0, 810324.0, 810324.0, 810324.0, 810324.0, 810324.0, 810324.0, 810324.0, 810324.0, 810324.0, 810324.0, 810324.0, 810324.0, 810324.0, 810324.0, 810324.0, 810324.0, 810324.0, 810324.0, 810324.0, 810324.0, 810324.0, 810324.0, 810324.0, 810324.0, 810324.0, 810324.0, 810324.0, 810324.0, 810324.0, 810324.0, 810324.0, 810324.0, 810324.0, 810324.0, 810324.0, 810324.0, 810324.0, 810324.0, 810324.0, 810324.0, 810324.0, 810324.0, 810324.0, 810324.0, 810324.0, 810324.0, 810324.0, 810324.0, 810324.0, 810324.0, 810324.0, 810324.0, 810324.0, 810324.0, 810324.0, 810324.0, 810324.0, 810324.0, 810324.0, 810324.0, 810324.0, 810324.0, 810324.0, 810324.0, 810324.0, 810324.0, 810324.0, 810324.0, 810324.0, 810324.0, 810324.0, 810324.0, 810324.0, 810324.0, 810324.0, 810324.0, 810324.0, 810324.0, 810324.0, 810324.0, 810324.0, 810324.0, 810324.0, 810324.0, 810324.0, 810324.0, 810324.0, 810324.0, 810324.0, 810324.0, 810324.0, 810324.0, 810324.0, 810324.0, 810324.0, 810324.0, 810324.0, 810324.0, 810324.0, 810324.0, 810324.0, 810324.0, 810324.0, 810324.0, 810324.0, 810324.0, 810324.0, 810324.0, 810324.0, 810324.0, 810324.0, 810324.0, 810324.0, 810324.0, 810324.0, 810324.0, 810324.0, 810324.0, 810324.0, 810324.0, 810324.0, 810324.0, 810324.0, 810324.0, 810324.0, 810324.0, 810324.0, 810324.0, 810324.0, 810324.0, 810324.0, 810324.0, 810324.0, 810324.0, 810324.0, 810324.0, 810324.0, 810324.0, 810324.0, 810324.0, 810324.0, 810324.0, 810324.0, 810324.0, 810324.0, 810324.0, 810324.0, 810324.0, 810324.0, 810324.0, 810324.0, 810324.0, 810324.0, 810324.0, 810324.0, 810324.0, 810324.0, 810324.0, 810324.0, 810324.0, 810324.0, 810324.0, 810324.0, 810324.0, 810324.0, 810324.0, 810324.0, 810324.0, 810324.0, 810324.0, 810324.0, 810324.0, 810324.0, 810324.0, 810324.0, 810324.0, 810324.0, 810324.0, 810324.0, 810324.0, 810324.0, 810324.0, 810324.0, 810324.0, 810324.0, 810324.0, 810324.0, 810324.0, 810324.0, 810324.0, 810324.0, 810324.0, 810324.0, 810324.0, 810324.0, 810324.0, 810324.0, 810324.0, 810324.0, 810324.0, 810324.0, 810324.0, 810324.0, 810324.0, 810324.0, 810324.0, 810324.0, 810324.0, 810324.0, 810324.0, 810324.0, 810324.0, 810324.0, 810324.0, 810324.0, 810324.0, 810324.0, 810324.0, 810324.0, 810324.0, 810324.0, 810324.0, 810324.0, 810324.0, 810324.0, 810324.0, 810324.0, 810324.0, 810324.0, 810324.0, 810324.0, 810324.0, 810324.0, 810324.0, 810324.0, 810324.0, 810324.0, 810324.0, 809863.3972778793, 809863.3972778793, 809863.3972778793, 809863.3972778793, 809863.3972778793, 809863.3972778793, 809863.3972778793, 809863.3972778793, 809863.3972778793, 809863.3972778793, 809863.3972778793, 809863.3972778793, 809863.3972778793, 809863.3972778793, 809863.3972778793, 809863.3972778793, 809863.3972778793, 809863.3972778793, 809863.3972778793, 809863.3972778793, 809863.3972778793, 809863.3972778793, 809863.3972778793, 809863.3972778793, 809863.3972778793, 809863.3972778793, 809863.3972778793, 809863.3972778793, 809863.3972778793, 809863.3972778793, 809863.3972778793, 809863.3972778793, 809863.3972778793, 809863.3972778793, 809863.3972778793, 809863.3972778793, 809863.3972778793, 809863.3972778793, 810324.0, 810324.0, 810324.0, 810324.0, 810324.0, 810324.0, 810324.0, 810324.0, 810324.0, 810324.0, 810324.0, 810324.0, 810324.0, 810324.0, 810324.0, 810324.0, 810324.0, 810324.0, 810324.0, 810324.0, 810324.0, 810324.0, 810324.0, 810324.0, 810324.0, 810324.0, 810324.0, 810324.0, 810324.0, 810324.0, 810324.0, 810324.0, 810324.0, 810324.0, 810324.0, 810324.0, 810324.0, 810324.0, 810324.0, 810324.0, 810324.0, 810324.0, 810324.0, 810324.0, 810324.0, 810324.0, 810324.0, 810324.0, 810324.0, 810324.0, 810324.0, 810324.0, 810324.0, 810324.0, 810324.0, 810324.0, 810324.0, 810324.0, 810324.0, 810324.0, 810324.0, 810324.0, 810324.0, 810324.0, 810324.0, 810324.0, 810324.0, 810324.0, 810324.0, 810324.0, 810324.0, 810324.0, 810324.0, 810324.0, 810324.0, 810324.0, 810324.0, 810324.0, 810324.0, 810324.0, 810324.0, 810324.0, 810324.0, 810324.0, 810324.0, 810324.0, 810324.0, 810324.0, 810324.0, 810324.0, 810324.0, 810324.0, 810324.0, 810324.0, 810324.0, 810324.0, 810324.0, 810324.0, 810324.0, 810324.0, 810324.0, 810324.0, 810324.0, 810324.0, 810324.0, 810324.0, 810324.0, 810324.0, 810324.0, 810324.0, 810324.0, 810324.0, 810324.0, 810324.0, 810324.0, 810324.0, 810324.0, 810324.0, 810324.0, 810324.0, 810324.0, 810324.0, 810324.0, 810324.0, 810324.0, 810324.0, 810324.0, 810324.0, 810324.0, 810324.0, 810324.0, 810324.0, 810324.0, 810324.0, 810324.0, 810324.0, 810324.0, 810324.0, 810324.0, 810324.0, 810324.0, 810324.0, 810324.0, 789819.1866116509, 789819.1866116509, 789819.1866116509, 789819.1866116509, 789819.1866116509, 789819.1866116509, 789819.1866116509, 789819.1866116509, 789819.1866116509, 789819.1866116509, 789819.1866116509, 789819.1866116509, 789819.1866116509, 789819.1866116509, 789819.1866116509, 789819.1866116509, 789819.1866116509, 789819.1866116509, 789819.1866116509, 789819.1866116509, 789819.1866116509, 789819.1866116509, 789819.1866116509, 789819.1866116509, 789819.1866116509, 789819.1866116509, 789819.1866116509, 789819.1866116509, 789819.1866116509, 790874.144080898, 791601.2612931128, 791601.2612931128, 791601.2612931128, 805530.2807628622, 809166.3680772714, 809166.3680772714, 809166.3680772714, 809281.1437062961, 809281.1437062961, 809281.1437062961, 810324.0, 810324.0, 810324.0, 810324.0, 810324.0, 810324.0, 810324.0, 810324.0, 810324.0, 810324.0, 810324.0, 810324.0, 810324.0, 810324.0, 810324.0, 810324.0, 810324.0, 810324.0, 810324.0, 810324.0, 810324.0, 810324.0, 810324.0, 810324.0, 810324.0, 810324.0, 810324.0, 810324.0, 810324.0, 810324.0, 810324.0, 810324.0, 810324.0, 810324.0, 810324.0, 810324.0, 810324.0, 810324.0, 810324.0, 810324.0, 810324.0, 810324.0, 810324.0, 810324.0, 810324.0, 810324.0, 810324.0, 810324.0, 810324.0, 810324.0, 810324.0, 810324.0, 810324.0, 810324.0, 810324.0, 810324.0, 810324.0, 810324.0, 810324.0, 810324.0, 810324.0, 810324.0, 810324.0, 810324.0, 810324.0, 810324.0, 810324.0, 810324.0, 810324.0, 810324.0, 810324.0, 810324.0, 810324.0, 810324.0, 810324.0, 810324.0, 810324.0, 810324.0, 810324.0, 810324.0, 810324.0, 810324.0, 810324.0, 810324.0, 810324.0, 810324.0, 810324.0, 810324.0, 810324.0, 810324.0, 810324.0, 810324.0, 810324.0, 810324.0, 810324.0, 810324.0, 810324.0, 810324.0, 810324.0, 810324.0, 810324.0, 810324.0, 810324.0, 810324.0, 810324.0, 810324.0, 810324.0, 810324.0, 810324.0, 810324.0, 810324.0, 810324.0, 810324.0, 810324.0, 810324.0, 810324.0, 810324.0, 810324.0, 810324.0, 810324.0, 810324.0, 810324.0, 810324.0, 810324.0, 810324.0, 810324.0, 810324.0, 810324.0, 810324.0, 810324.0, 810324.0, 810324.0, 810324.0, 810324.0, 810324.0, 810324.0, 810324.0, 810324.0, 810324.0, 810324.0, 810324.0, 810324.0, 810324.0, 810324.0, 810324.0, 810324.0, 810324.0, 810324.0, 810324.0, 810324.0, 810324.0, 810324.0, 810324.0, 810324.0, 810324.0, 810324.0, 810324.0, 810324.0, 810324.0, 810324.0, 810324.0, 810324.0, 810324.0, 810324.0, 810324.0, 810324.0, 810324.0, 810324.0, 810324.0, 810324.0, 810324.0, 810324.0, 810324.0, 810324.0, 810324.0, 810324.0, 810324.0, 810324.0, 810324.0, 810324.0, 810324.0, 810324.0, 810324.0, 810324.0, 810324.0, 810324.0, 810324.0, 810324.0, 810324.0, 810324.0, 810324.0, 810324.0, 810324.0, 810324.0, 810324.0, 810324.0, 810324.0, 810324.0, 810324.0, 810324.0, 810324.0, 810324.0, 810324.0, 810324.0, 810324.0, 810324.0, 810324.0, 810324.0, 810324.0, 810324.0, 810324.0, 810324.0, 810324.0, 810324.0, 810324.0, 810324.0, 810324.0, 810324.0, 810324.0, 810324.0, 810324.0, 810324.0, 810324.0, 810324.0, 810324.0, 810324.0, 810324.0, 810324.0, 810324.0, 810324.0, 810324.0, 810324.0, 810324.0, 810324.0, 810324.0, 810324.0, 810324.0, 810324.0, 810324.0, 810324.0, 810324.0, 810324.0, 810324.0, 810324.0, 810324.0, 810324.0, 810324.0, 810324.0, 810324.0, 810324.0, 810324.0, 810324.0, 810324.0, 810324.0, 810324.0, 810324.0, 810324.0, 810324.0, 810324.0, 810324.0, 810324.0, 810324.0, 810324.0, 810324.0, 810324.0, 810324.0, 810324.0, 810324.0, 810324.0, 810324.0, 810324.0, 810324.0, 810324.0, 810324.0, 810324.0, 810324.0, 810324.0, 810324.0, 810324.0, 810324.0, 810324.0, 810324.0, 810324.0, 810324.0, 810324.0, 810324.0, 810324.0, 810324.0, 810324.0, 810324.0, 810324.0, 810324.0, 810324.0, 810324.0, 810324.0, 810324.0, 810324.0, 810324.0, 810324.0, 810324.0, 810324.0, 810324.0, 810324.0, 810324.0, 810324.0, 810324.0, 810324.0, 810324.0, 810324.0, 810324.0, 810324.0, 810324.0, 810324.0, 810324.0, 810324.0, 810324.0, 810324.0, 810324.0, 810324.0, 810324.0, 810324.0, 810324.0, 810324.0, 810324.0, 810324.0, 810324.0, 810324.0, 810324.0, 810324.0, 810324.0, 810324.0, 810324.0, 810324.0, 810324.0, 810324.0, 810324.0, 810324.0, 810324.0, 810324.0, 810324.0, 810324.0, 810324.0, 810324.0, 810324.0, 810324.0, 810324.0, 810324.0, 810324.0, 810324.0, 810324.0, 810324.0, 810324.0, 810324.0, 810324.0, 810324.0, 810324.0, 810324.0, 810324.0, 810324.0, 810324.0, 810324.0, 810324.0, 810324.0, 810324.0, 810324.0, 810324.0, 810324.0, 810324.0, 810324.0, 810324.0, 810324.0, 810324.0, 810324.0, 810324.0, 810324.0, 810324.0, 810324.0, 810324.0, 810324.0, 810324.0, 810324.0, 810324.0, 810324.0, 810324.0, 810324.0, 810324.0, 810324.0, 810324.0, 810324.0, 810324.0, 810324.0, 810324.0, 810324.0, 810324.0, 810324.0, 810324.0, 810324.0, 810324.0, 810324.0, 810324.0, 810324.0, 810324.0, 810324.0, 810324.0, 810324.0, 810324.0, 810324.0, 810324.0, 810324.0, 810324.0, 810324.0, 810324.0, 810324.0, 810324.0, 806046.8608199033, 806046.8608199033, 806046.8608199033, 806046.8608199033, 806046.8608199033, 806046.8608199033, 806046.8608199033, 806046.8608199033, 806046.8608199033, 806046.8608199033, 806046.8608199033, 806046.8608199033, 806046.8608199033, 806046.8608199033, 806046.8608199033, 806046.8608199033, 806046.8608199033, 806046.8608199033, 806046.8608199033, 806046.8608199033, 806046.8608199033, 806046.8608199033, 806046.8608199033, 806046.8608199033, 806046.8608199033, 806046.8608199033, 806046.8608199033, 806046.8608199033, 806046.8608199033, 806046.8608199033, 806046.8608199033, 806046.8608199033, 806046.8608199033, 806046.8608199033, 806046.8608199033, 806046.8608199033, 806046.8608199033, 806784.8825348159, 807845.2417755544, 808942.0577944776, 810235.7586133041, 810235.7586133041, 810235.7586133041, 810324.0, 810324.0, 810324.0, 810324.0, 810324.0, 810324.0, 810324.0, 810324.0, 810324.0, 810324.0, 810324.0, 810324.0, 810324.0, 810324.0, 810324.0, 810324.0, 810324.0, 810324.0, 810324.0, 810324.0, 810324.0, 810324.0, 810324.0, 810324.0, 810324.0, 810324.0, 810324.0, 810324.0, 810324.0, 810324.0, 810324.0, 810324.0, 810324.0, 810324.0, 810324.0, 810324.0, 810324.0, 810324.0, 810324.0, 810324.0, 810324.0, 810324.0, 810324.0, 810324.0, 810324.0, 810324.0, 810324.0, 810324.0, 810324.0, 810324.0, 810324.0, 810324.0, 810324.0, 810324.0, 810324.0, 810324.0, 810324.0, 810324.0, 810324.0, 810324.0, 810324.0, 810324.0, 810324.0, 810324.0, 810324.0, 810324.0, 810324.0, 810324.0, 810324.0, 810324.0, 810324.0, 810324.0, 810324.0, 810324.0, 810324.0, 810324.0, 810324.0, 810324.0, 810324.0, 810324.0, 810324.0, 810324.0, 810324.0, 810324.0, 810324.0, 810324.0, 810324.0, 810324.0, 810324.0, 810324.0, 810324.0, 810324.0, 810324.0, 810324.0, 810324.0, 810324.0, 810324.0, 810324.0, 810324.0, 810324.0, 810324.0, 810324.0, 810324.0, 810324.0, 810324.0, 810324.0, 810324.0, 810324.0, 810324.0, 810324.0, 810324.0, 810324.0, 810324.0, 810324.0, 810324.0, 810324.0, 810324.0, 810324.0, 810324.0, 810324.0, 810324.0, 810324.0, 810324.0, 810324.0, 810324.0, 810324.0, 810324.0, 810324.0, 810324.0, 810324.0, 810324.0, 810324.0, 810324.0, 810324.0, 810324.0, 810324.0, 810324.0, 810324.0, 810324.0, 810324.0, 810324.0, 810324.0, 810324.0, 810324.0, 810324.0, 810324.0, 810324.0, 810324.0, 810324.0, 810324.0, 810324.0, 810324.0, 810324.0, 810324.0, 810324.0, 810324.0, 810324.0, 810324.0, 810324.0, 810324.0, 810324.0, 810324.0, 810324.0, 810324.0, 810324.0, 810324.0, 810324.0, 810324.0, 810324.0, 810324.0, 810324.0, 810324.0, 810324.0, 810324.0, 810324.0, 810324.0, 810324.0, 810324.0, 810324.0, 810324.0, 810324.0, 810324.0, 810324.0, 810324.0, 807123.7213284771, 807123.7213284771, 807123.7213284771, 807123.7213284771, 807123.7213284771, 807123.7213284771, 807123.7213284771, 807123.7213284771, 807123.7213284771, 807123.7213284771, 807123.7213284771, 807123.7213284771, 807123.7213284771, 807123.7213284771, 807123.7213284771, 807123.7213284771, 807123.7213284771, 807123.7213284771, 807123.7213284771, 807123.7213284771, 807123.7213284771, 807123.7213284771, 807123.7213284771, 807123.7213284771, 807123.7213284771, 807123.7213284771, 807123.7213284771, 807123.7213284771, 807123.7213284771, 807123.7213284771, 807123.7213284771, 807123.7213284771, 807123.7213284771, 807123.7213284771, 807123.7213284771, 807123.7213284771, 807123.7213284771, 807123.7213284771, 807123.7213284771, 807123.7213284771, 807123.7213284771, 807123.7213284771, 808001.6431385156, 809323.2564311543, 809323.2564311543, 809420.7793884298, 806176.3605146714, 806176.3605146714, 806176.3605146714, 806176.3605146714, 806176.3605146714, 806176.3605146714, 806176.3605146714, 806176.3605146714, 806176.3605146714, 806176.3605146714, 806176.3605146714, 806176.3605146714, 806176.3605146714, 806176.3605146714, 806176.3605146714, 806176.3605146714, 806176.3605146714, 806176.3605146714, 806176.3605146714, 806176.3605146714, 806176.3605146714, 806176.3605146714, 806176.3605146714, 806176.3605146714, 806176.3605146714, 806176.3605146714, 806176.3605146714, 806176.3605146714, 806176.3605146714, 806176.3605146714, 806176.3605146714, 806176.3605146714, 806176.3605146714, 806176.3605146714, 810324.0, 810324.0, 810324.0, 810324.0, 810324.0, 810324.0, 810324.0, 810324.0, 810324.0, 810324.0, 810324.0, 810324.0, 810324.0, 810324.0, 810324.0, 810324.0, 810324.0, 810324.0, 810324.0, 810324.0, 810324.0, 810324.0, 810324.0, 810324.0, 810324.0, 810324.0, 810324.0, 810324.0, 810324.0, 810324.0, 810324.0, 810324.0, 810324.0, 810324.0, 810324.0, 810324.0, 810324.0, 810324.0, 810324.0, 810324.0, 810324.0, 810324.0, 810324.0, 810324.0, 810324.0, 810324.0, 810324.0, 810324.0, 810324.0, 810324.0, 810324.0, 810324.0, 810324.0, 810324.0, 810324.0, 810324.0, 810324.0, 810324.0, 810324.0, 810324.0, 810324.0, 810324.0, 810324.0, 810324.0, 810324.0, 810324.0, 810324.0, 810324.0, 810324.0, 810324.0, 810324.0, 810324.0, 810324.0, 810324.0, 810324.0, 810324.0, 810324.0, 810324.0, 810324.0, 810324.0, 810324.0, 810324.0, 810324.0, 810324.0, 810324.0, 810324.0, 810324.0, 810324.0, 810324.0, 810324.0, 810324.0, 810324.0, 810324.0, 810324.0, 810324.0, 810324.0, 810324.0, 810324.0, 810324.0, 810324.0, 810324.0, 810324.0, 755541.4337032452, 755541.4337032452, 755541.4337032452, 755541.4337032452, 755541.4337032452, 755541.4337032452, 755541.4337032452, 755541.4337032452, 755541.4337032452, 755541.4337032452, 755541.4337032452, 755541.4337032452, 755541.4337032452, 755541.4337032452, 755541.4337032452, 755541.4337032452, 755541.4337032452, 755541.4337032452, 755541.4337032452, 755541.4337032452, 755541.4337032452, 755541.4337032452, 755541.4337032452, 755541.4337032452, 755541.4337032452, 755541.4337032452, 755541.4337032452, 755541.4337032452, 755541.4337032452, 755541.4337032452, 755987.1793629944, 755987.1793629944, 755987.1793629944, 755987.1793629944, 755987.1793629944, 755987.1793629944, 757160.5169898426, 773288.0278434379, 796261.5976418555, 807269.9640726633, 807269.9640726633, 807269.9640726633, 807269.9640726633, 807269.9640726633, 807269.9640726633, 809595.1780531892, 809595.1780531892, 809595.1780531892, 809595.1780531892, 809595.1780531892, 809595.1780531892, 809595.1780531892, 809595.1780531892, 809595.1780531892, 809595.1780531892, 809595.1780531892, 809595.1780531892, 809595.1780531892, 809595.1780531892, 809595.1780531892, 809595.1780531892, 809595.1780531892, 809595.1780531892, 809595.1780531892, 809595.1780531892, 809595.1780531892, 809595.1780531892, 809595.1780531892, 809595.1780531892, 809595.1780531892, 809595.1780531892, 809595.1780531892, 809595.1780531892, 809595.1780531892, 809595.1780531892, 809595.1780531892, 809595.1780531892, 809595.1780531892, 809595.1780531892, 809595.1780531892, 809595.1780531892, 809595.1780531892, 809595.1780531892, 810324.0, 810324.0, 810324.0, 810324.0, 810324.0, 810324.0, 810324.0, 810324.0, 810324.0, 810324.0, 810324.0, 810324.0, 810324.0, 810324.0, 810324.0, 810324.0, 810324.0, 810324.0, 810324.0, 810324.0, 810324.0, 810324.0, 810324.0, 810324.0, 810324.0, 810324.0, 810324.0, 810324.0, 810324.0, 810324.0, 810324.0, 810324.0, 810324.0, 810324.0, 810324.0, 810324.0, 810324.0, 810324.0, 810324.0, 810324.0, 810324.0, 810324.0, 810324.0, 810324.0, 810324.0, 810324.0, 810324.0, 810324.0, 810324.0, 810324.0, 810324.0, 810324.0, 810324.0, 810324.0, 810324.0, 810324.0, 810324.0, 810324.0, 810324.0, 810324.0, 810324.0, 810324.0, 810324.0, 810324.0, 810324.0, 810324.0, 810324.0, 810324.0, 810324.0, 810324.0, 810324.0, 810324.0, 810324.0, 810324.0, 810324.0, 810324.0, 810324.0, 810324.0, 810324.0, 810324.0, 810324.0, 810324.0, 810324.0, 810324.0, 810324.0, 810324.0, 810324.0, 810324.0, 810324.0, 810324.0, 810324.0, 810324.0, 810324.0, 810324.0, 810324.0, 810324.0, 810324.0, 810324.0, 810324.0, 809829.6989108779, 809829.6989108779, 809829.6989108779, 809829.6989108779, 809829.6989108779, 809829.6989108779, 809829.6989108779, 809829.6989108779, 809829.6989108779, 809829.6989108779, 809829.6989108779, 809829.6989108779, 809829.6989108779, 809829.6989108779, 809829.6989108779, 809829.6989108779, 809829.6989108779, 809829.6989108779, 809829.6989108779, 809829.6989108779, 809829.6989108779, 809829.6989108779, 809829.6989108779, 809829.6989108779, 809829.6989108779, 809829.6989108779, 809829.6989108779, 809829.6989108779, 809829.6989108779, 809829.6989108779, 809829.6989108779, 809829.6989108779, 809829.6989108779, 809829.6989108779, 809829.6989108779, 809829.6989108779, 809829.6989108779, 809829.6989108779, 809829.6989108779, 809829.6989108779, 809829.6989108779, 809829.6989108779, 810324.0, 810324.0, 810324.0, 810324.0, 810324.0, 810324.0, 810324.0, 810324.0, 810324.0, 810324.0, 810324.0, 810324.0, 810324.0, 810324.0, 810324.0, 810324.0, 810324.0, 810324.0, 810324.0, 810324.0, 810324.0, 810324.0, 810324.0, 810324.0, 810324.0, 810324.0, 810324.0, 810324.0, 810324.0, 810324.0, 810324.0, 810324.0, 810324.0, 810324.0, 810324.0, 810324.0, 810324.0, 810324.0, 810324.0, 810324.0, 810324.0, 810324.0, 810324.0, 810324.0, 810324.0, 810324.0, 810324.0, 810324.0, 810324.0, 810324.0, 810324.0, 810324.0, 810324.0, 810324.0, 810324.0, 810324.0, 810324.0, 810324.0, 810324.0, 810324.0, 810324.0, 810324.0, 810324.0, 810324.0, 810324.0, 810324.0, 810324.0, 810324.0, 810324.0, 810324.0, 810324.0, 810324.0, 810324.0, 810324.0, 810324.0, 810324.0, 810324.0, 810324.0, 810324.0, 810324.0, 810324.0, 810324.0, 810324.0, 810324.0, 810324.0, 810324.0, 810324.0, 810324.0, 810324.0, 810324.0, 810324.0, 810324.0, 810324.0, 810324.0, 810324.0, 810324.0, 810324.0, 810324.0, 810324.0, 810324.0, 810324.0, 810324.0, 810324.0, 810324.0, 810324.0, 810324.0, 810324.0, 810324.0, 810324.0, 810324.0, 810324.0, 810324.0, 810324.0, 810324.0, 810324.0, 810324.0, 810324.0, 810324.0, 810324.0, 810324.0, 810324.0, 810324.0, 810324.0, 810324.0, 810324.0, 810324.0, 810324.0, 810324.0, 810324.0, 810324.0, 810324.0, 810324.0, 810324.0, 810324.0, 810324.0, 810324.0, 810324.0, 810324.0, 810324.0, 810324.0, 810324.0, 810324.0, 810324.0, 810324.0, 810324.0, 810324.0, 810324.0, 810324.0, 810324.0, 810324.0, 810324.0, 810324.0, 810324.0, 810324.0, 810324.0, 810324.0, 810324.0, 810324.0, 810324.0, 810324.0, 810324.0, 810324.0, 810324.0, 810324.0, 810324.0, 810324.0, 810324.0, 810324.0, 810324.0, 810324.0, 810324.0, 810324.0, 810324.0, 810324.0, 810324.0, 810324.0, 810324.0, 810324.0, 810324.0, 810324.0, 810324.0, 810324.0, 810324.0, 810324.0, 810324.0, 810324.0, 810324.0, 810324.0, 810324.0, 810324.0, 810324.0, 810324.0, 810324.0, 810324.0, 810324.0, 810324.0, 810324.0, 810324.0, 810324.0, 810324.0, 810324.0, 810324.0, 810324.0, 810324.0, 810324.0, 810324.0, 810324.0, 810324.0, 810324.0, 810324.0, 810324.0, 810324.0, 810324.0, 810324.0, 810324.0, 810324.0, 810324.0, 810324.0, 810324.0, 810324.0, 810324.0, 810324.0, 810324.0, 810324.0, 810324.0, 810324.0, 810324.0, 810324.0, 810324.0, 810324.0, 810324.0, 810324.0, 810324.0, 810324.0, 810324.0, 810324.0, 810324.0, 810324.0, 810324.0, 810324.0, 810324.0, 810324.0, 810324.0, 810324.0, 810324.0, 810324.0, 810324.0, 810324.0, 810324.0, 810324.0, 810324.0, 810324.0, 810324.0, 810324.0, 810324.0, 810324.0, 810324.0, 810324.0, 810324.0, 810324.0, 810324.0, 810324.0, 810324.0, 810324.0, 810324.0, 810324.0, 810324.0, 810324.0, 810324.0, 810324.0, 810324.0, 810324.0, 810324.0, 810324.0, 810324.0, 810324.0, 810324.0, 810324.0, 810324.0, 810324.0, 810324.0, 810324.0, 810324.0, 810324.0, 810324.0, 810324.0, 810324.0, 810324.0, 810324.0, 810324.0, 810324.0, 810324.0, 810324.0, 810324.0, 810324.0, 810324.0, 810324.0, 810324.0, 810324.0, 810324.0, 810324.0, 810324.0, 810324.0, 810324.0, 810324.0, 810324.0, 810324.0, 810324.0, 810324.0, 810324.0, 810324.0, 810324.0, 810324.0, 810324.0, 810324.0, 810324.0, 810324.0, 810324.0, 810324.0, 810324.0, 810324.0, 810324.0, 810324.0, 810324.0, 810324.0, 810324.0, 810324.0, 810324.0, 810324.0, 810324.0, 810324.0, 810324.0, 810324.0, 810324.0, 810324.0, 810324.0, 810324.0, 810324.0, 810324.0, 810324.0, 810324.0, 810324.0, 810324.0, 810324.0, 810324.0, 810324.0, 810324.0, 810324.0, 810324.0, 810324.0, 810324.0, 810324.0, 810324.0, 810324.0, 810324.0, 810324.0, 810324.0, 810324.0, 810324.0, 810324.0, 810324.0, 810324.0, 810324.0, 810324.0, 810324.0, 810324.0, 810324.0, 810324.0, 810324.0, 810324.0, 810324.0, 810324.0, 810324.0, 810324.0, 810324.0, 810324.0, 810324.0, 810324.0, 810324.0, 810324.0, 810324.0, 810324.0, 810324.0, 810324.0, 810324.0, 810324.0, 810324.0, 810324.0, 810324.0, 810324.0, 810324.0, 810324.0, 810324.0, 810324.0, 810324.0, 810324.0, 810324.0, 810324.0, 810324.0, 810324.0, 810324.0, 810324.0, 810324.0, 810324.0, 810324.0, 810324.0, 810324.0, 810324.0, 810324.0, 810324.0, 810324.0, 810324.0, 810324.0, 810324.0, 810324.0, 810324.0, 810324.0, 810324.0, 810324.0, 810324.0, 810324.0, 810324.0, 810324.0, 810324.0, 810324.0, 810324.0, 810324.0, 810324.0, 810324.0, 810324.0, 810324.0, 810324.0, 810324.0, 810324.0, 810324.0, 810324.0, 810324.0, 810324.0, 810324.0, 810324.0, 810324.0, 810324.0, 810324.0, 810324.0, 810324.0, 810324.0, 810324.0, 810324.0, 810324.0, 810324.0, 810324.0, 810324.0, 810324.0, 810324.0, 810324.0, 810324.0, 810324.0, 803336.4839584533, 803336.4839584533, 803336.4839584533, 803336.4839584533, 803336.4839584533, 803336.4839584533, 803336.4839584533, 803336.4839584533, 803336.4839584533, 803336.4839584533, 803336.4839584533, 803336.4839584533, 803336.4839584533, 803336.4839584533, 803336.4839584533, 803336.4839584533, 803336.4839584533, 803336.4839584533, 803336.4839584533, 803336.4839584533, 803336.4839584533, 803336.4839584533, 803336.4839584533, 803336.4839584533, 803336.4839584533, 803336.4839584533, 803336.4839584533, 803336.4839584533, 803336.4839584533, 803336.4839584533, 803336.4839584533, 803336.4839584533, 803336.4839584533, 803336.4839584533, 804006.6639538308, 804006.6639538308, 805007.3615252558, 807303.5374217107, 807303.5374217107, 807303.5374217107, 807291.6359574941, 808155.7770111454, 808886.7034225024, 808886.7034225024, 809738.6228839094, 809738.6228839094, 809738.6228839094, 809738.6228839094, 809738.6228839094, 809738.6228839094, 809738.6228839094, 809738.6228839094, 809738.6228839094, 809738.6228839094, 809738.6228839094, 809738.6228839094, 809738.6228839094, 809738.6228839094, 809738.6228839094, 809738.6228839094, 809738.6228839094, 809738.6228839094, 809738.6228839094, 809738.6228839094, 809738.6228839094, 809738.6228839094, 809738.6228839094, 809738.6228839094, 809738.6228839094, 809738.6228839094, 809738.6228839094, 809738.6228839094, 809738.6228839094, 809738.6228839094, 809738.6228839094, 809738.6228839094, 809738.6228839094, 809738.6228839094, 809738.6228839094, 809738.6228839094, 809738.6228839094, 809738.6228839094, 809738.6228839094, 809738.6228839094, 810224.1121570048, 810224.1121570048, 810324.0, 810324.0, 810324.0, 810324.0, 810324.0, 810324.0, 
44866.27380030459, 35592.67490776078, 35592.67490776078, 6311.437807634189, 6311.437807634189, 6311.437807634189, 6311.437807634189, 2120.4494736380266, 2120.4494736380266, 1465.6946036918243, 1465.6946036918243, 1465.6946036918243, 1465.6946036918243, 1465.6946036918243, 1465.6946036918243, 1409.2109478033813, 1318.7238563773208, 1318.7238563773208, 1318.7238563773208, 742.324052544401, 523.065700843168, 523.065700843168, 523.065700843168, 523.065700843168, 523.065700843168, 523.065700843168, 523.065700843168, 433.4989535194421, 330.9625493552088, 330.9625493552088, 179.15741588720118, 179.15741588720118, 179.15741588720118, 179.15741588720118, 178.50596597607932, 173.24434920415766, 173.24434920415766, 173.24434920415766, 173.24434920415766, 173.24434920415766, 173.24434920415766, 105.16101709475315, 105.16101709475315, 105.16101709475315, 105.16101709475315, 105.16101709475315, 105.16101709475315, 58.197517007438066, 33.33296421445422, 33.33296421445422, 33.33296421445422, 33.33296421445422, 33.33296421445422, 33.33296421445422, 33.33296421445422, 33.33296421445422, 33.33296421445422, 33.33296421445422, 33.33296421445422, 33.33296421445422, 33.33296421445422, 33.33296421445422, 33.33296421445422, 31.521718385069295, 27.718930498779663, 27.718930498779663, 27.718930498779663, 23.46040549813025, 23.46040549813025, 23.46040549813025, 23.46040549813025, 23.46040549813025, 23.46040549813025, 23.46040549813025, 23.46040549813025, 19.820119853394132, 19.820119853394132, 19.820119853394132, 19.820119853394132, 19.820119853394132, 19.820119853394132, 19.820119853394132, 19.820119853394132, 19.820119853394132, 19.820119853394132, 19.134956503453584, 19.134956503453584, 17.677469819220395, 17.677469819220395, 17.677469819220395, 17.677469819220395, 103965.65052667892, 183861.3062839235, 183861.3062839235, 183861.3062839235, 183861.3062839235, 350027.3868799861, 350027.3868799861, 350418.40192694595, 315005.9918073048, 350284.00008026586, 439862.33824506786, 541171.5327920301, 668963.3978614077, 631370.9196376035, 631370.9196376035, 631370.9196376035, 624311.9004433296, 624311.9004433296, 754623.7592959155, 754623.7592959155, 754623.7592959155, 754623.7592959155, 754623.7592959155, 751501.0595400763, 751501.0595400763, 770444.3853085599, 771602.759700761, 807819.7298865091, 807819.7298865091, 807819.7298865091, 807819.7298865091, 798743.3342998707, 798743.3342998707, 798743.3342998707, 802247.0481583119, 809472.8563153123, 809472.8563153123, 809472.8563153123, 809472.8563153123, 809472.8563153123, 809472.8563153123, 809472.8563153123, 809472.8563153123, 809607.8961810309, 810324.0, 810324.0, 810324.0, 810324.0, 810324.0, 810324.0, 810324.0, 810324.0, 810324.0, 810324.0, 810324.0, 810324.0, 810324.0, 810324.0, 810324.0, 810324.0, 810324.0, 810324.0, 810324.0, 810324.0, 810324.0, 810324.0, 810324.0, 810324.0, 810324.0, 810324.0, 810324.0, 810324.0, 810324.0, 810324.0, 810324.0, 810324.0, 810324.0, 810324.0, 810324.0, 810324.0, 810324.0, 810324.0, 810324.0, 810324.0, 810324.0, 810324.0, 810324.0, 810324.0, 810324.0, 810324.0, 810324.0, 810324.0, 810324.0, 810324.0, 810324.0, 810324.0, 810324.0, 810324.0, 810324.0, 810324.0, 810324.0, 810324.0, 810324.0, 810324.0, 810324.0, 810324.0, 810324.0, 810324.0, 810324.0, 810324.0, 810324.0, 810324.0, 810324.0, 810324.0, 810324.0, 810324.0, 810324.0, 810324.0, 810324.0, 810324.0, 810324.0, 810324.0, 810324.0, 810324.0, 810324.0, 810324.0, 810324.0, 810324.0, 810324.0, 810324.0, 810324.0, 810324.0, 810324.0, 810324.0, 810324.0, 810324.0, 810324.0, 810324.0, 810324.0, 810324.0, 810324.0, 810324.0, 810324.0, 810324.0, 810324.0, 810324.0, 810324.0, 810324.0, 810324.0, 810324.0, 810324.0, 810324.0, 810324.0, 810324.0, 810324.0, 810324.0, 810324.0, 810324.0, 810324.0, 810324.0, 810324.0, 810324.0, 810324.0, 810324.0, 810324.0, 810324.0, 810324.0, 810324.0, 810324.0, 810324.0, 810324.0, 810324.0, 810324.0, 810324.0, 810324.0, 810324.0, 810324.0, 810324.0, 810324.0, 810324.0, 810324.0, 810324.0, 810324.0, 810324.0, 810324.0, 810324.0, 810324.0, 810324.0, 810324.0, 810324.0, 810324.0, 810324.0, 810324.0, 810324.0, 810324.0, 810324.0, 810324.0, 810324.0, 810324.0, 810324.0, 810324.0, 810324.0, 810324.0, 810324.0, 810324.0, 810324.0, 810324.0, 810324.0, 810324.0, 810324.0, 810324.0, 810324.0, 810324.0, 810324.0, 810324.0, 810324.0, 810324.0, 810324.0, 810324.0, 810324.0, 810324.0, 810324.0, 810324.0, 810324.0, 810324.0, 810324.0, 810324.0, 810324.0, 810324.0, 810324.0, 810324.0, 810324.0, 810324.0, 810324.0, 810324.0, 810324.0, 810324.0, 810324.0, 810324.0, 810324.0, 810324.0, 810324.0, 810324.0, 810324.0, 810324.0, 810324.0, 810324.0, 810324.0, 810324.0, 810324.0, 810324.0, 810324.0, 810324.0, 810324.0, 810324.0, 810324.0, 810324.0, 810324.0, 810324.0, 810324.0, 810324.0, 810324.0, 810324.0, 810324.0, 810324.0, 810324.0, 810324.0, 810324.0, 810324.0, 810324.0, 810324.0, 810324.0, 810324.0, 810324.0, 810324.0, 810324.0, 810324.0, 810324.0, 810324.0, 810324.0, 810324.0, 810324.0, 810324.0, 810324.0, 810324.0, 810324.0, 810324.0, 810324.0, 810324.0, 810324.0, 810324.0, 810324.0, 810324.0, 810324.0, 810324.0, 810324.0, 810324.0, 810324.0, 810324.0, 810324.0, 810324.0, 810324.0, 810324.0, 810324.0, 810324.0, 810324.0, 810324.0, 810324.0, 810324.0, 810324.0, 810324.0, 810324.0, 810324.0, 810324.0, 810324.0, 810324.0, 810324.0, 810324.0, 810324.0, 810324.0, 810324.0, 810324.0, 810324.0, 810324.0, 810324.0, 810324.0, 810324.0, 810324.0, 810324.0, 810324.0, 810324.0, 810324.0, 810324.0, 810324.0, 810324.0, 810324.0, 810324.0, 810324.0, 810324.0, 810324.0, 810324.0, 810324.0, 810324.0, 810324.0, 810324.0, 810324.0, 810324.0, 810324.0, 810324.0, 810324.0, 810324.0, 810324.0, 810324.0, 810324.0, 810324.0, 810324.0, 810324.0, 810324.0, 810324.0, 810324.0, 810324.0, 810324.0, 810324.0, 810324.0, 810324.0, 810324.0, 810324.0, 810324.0, 810324.0, 810324.0, 810324.0, 810324.0, 810324.0, 810324.0, 810324.0, 810324.0, 810324.0, 810324.0, 810324.0, 810324.0, 810324.0, 810324.0, 810324.0, 810324.0, 810324.0, 810324.0, 810324.0, 810324.0, 810324.0, 810324.0, 810324.0, 810324.0, 810324.0, 810324.0, 810324.0, 810324.0, 810324.0, 810324.0, 810324.0, 810324.0, 810324.0, 810324.0, 810324.0, 810324.0, 810324.0, 810324.0, 810324.0, 810324.0, 810324.0, 810324.0, 810324.0, 810324.0, 810324.0, 810324.0, 810324.0, 810324.0, 810324.0, 810324.0, 810324.0, 810324.0, 810324.0, 810324.0, 810324.0, 810324.0, 810324.0, 810324.0, 810324.0, 810324.0, 810324.0, 810324.0, 810324.0, 810324.0, 810324.0, 810324.0, 810324.0, 810324.0, 810324.0, 810324.0, 810324.0, 810324.0, 810324.0, 810324.0, 810324.0, 810324.0, 810324.0, 810324.0, 810324.0, 810324.0, 810324.0, 810324.0, 810324.0, 810324.0, 810324.0, 810324.0, 810324.0, 810324.0, 810324.0, 810324.0, 810324.0, 810324.0, 810324.0, 810324.0, 810324.0, 810324.0, 810324.0, 810324.0, 810324.0, 810324.0, 810324.0, 810324.0, 810324.0, 810324.0, 810324.0, 810324.0, 810324.0, 810324.0, 810324.0, 810324.0, 810324.0, 810324.0, 810324.0, 810324.0, 810324.0, 810324.0, 810324.0, 810324.0, 810324.0, 810324.0, 810324.0, 810324.0, 810324.0, 810324.0, 810324.0, 810324.0, 810324.0, 810324.0, 810324.0, 810324.0, 810324.0, 806033.2544083307, 806033.2544083307, 806033.2544083307, 806033.2544083307, 806033.2544083307, 806033.2544083307, 806033.2544083307, 806033.2544083307, 806033.2544083307, 806033.2544083307, 806033.2544083307, 806033.2544083307, 806033.2544083307, 806033.2544083307, 806033.2544083307, 806033.2544083307, 806033.2544083307, 806033.2544083307, 806033.2544083307, 806033.2544083307, 806033.2544083307, 806033.2544083307, 806033.2544083307, 806033.2544083307, 806033.2544083307, 806033.2544083307, 806033.2544083307, 806033.2544083307, 806033.2544083307, 806033.2544083307, 806033.2544083307, 806033.2544083307, 806033.2544083307, 806033.2544083307, 806033.2544083307, 809193.0660777007, 809193.0660777007, 809193.0660777007, 809193.0660777007, 810324.0, 810324.0, 810324.0, 810324.0, 810324.0, 810324.0, 810324.0, 810324.0, 810324.0, 810324.0, 810324.0, 810324.0, 810324.0, 810324.0, 810324.0, 810324.0, 810324.0, 810324.0, 810324.0, 810324.0, 810324.0, 810324.0, 810324.0, 810324.0, 810324.0, 810324.0, 810324.0, 810324.0, 810324.0, 810324.0, 810324.0, 810324.0, 810324.0, 810324.0, 810324.0, 810324.0, 810324.0, 810324.0, 810324.0, 810324.0, 810324.0, 810324.0, 810324.0, 810324.0, 810324.0, 810324.0, 810324.0, 810324.0, 810324.0, 810324.0, 810324.0, 810324.0, 805165.4298298687, 805165.4298298687, 805165.4298298687, 805165.4298298687, 805165.4298298687, 805165.4298298687, 805165.4298298687, 805165.4298298687, 805165.4298298687, 805165.4298298687, 805165.4298298687, 805165.4298298687, 805165.4298298687, 805165.4298298687, 805165.4298298687, 805165.4298298687, 805165.4298298687, 805165.4298298687, 805165.4298298687, 805165.4298298687, 805165.4298298687, 805165.4298298687, 805165.4298298687, 805165.4298298687, 807996.8854124947, 809778.2698001163, 810324.0, 810324.0, 810324.0, 810324.0, 810324.0, 810324.0, 810324.0, 810324.0, 810324.0, 810324.0, 810324.0, 810324.0, 810324.0, 810324.0, 810324.0, 810324.0, 810324.0, 810324.0, 810324.0, 810324.0, 810324.0, 810324.0, 810324.0, 810324.0, 810324.0, 810324.0, 810324.0, 810324.0, 810324.0, 810324.0, 810324.0, 810324.0, 810324.0, 810324.0, 810324.0, 810324.0, 810324.0, 810324.0, 810324.0, 810324.0, 810324.0, 810324.0, 810324.0, 810324.0, 810324.0, 810324.0, 810324.0, 810324.0, 810324.0, 810324.0, 810324.0, 810324.0, 810324.0, 810324.0, 810324.0, 810324.0, 810324.0, 810324.0, 810324.0, 810324.0, 810324.0, 810324.0, 810324.0, 810324.0, 810324.0, 810324.0, 810324.0, 810324.0, 810324.0, 810324.0, 810324.0, 810324.0, 810324.0, 810324.0, 810324.0, 810324.0, 810324.0, 810324.0, 810324.0, 810324.0, 810324.0, 810324.0, 810324.0, 810324.0, 810324.0, 810324.0, 810324.0, 810324.0, 810324.0, 810324.0, 810324.0, 810324.0, 810324.0, 810324.0, 810324.0, 810324.0, 810324.0, 810324.0, 810324.0, 810324.0, 810324.0, 810324.0, 810324.0, 810324.0, 810324.0, 810324.0, 810324.0, 810324.0, 810324.0, 810324.0, 810324.0, 810324.0, 810324.0, 810324.0, 810324.0, 810324.0, 810324.0, 810324.0, 810324.0, 810324.0, 810324.0, 810324.0, 810324.0, 810324.0, 810324.0, 810324.0, 810324.0, 810324.0, 810324.0, 810324.0, 810324.0, 810324.0, 810324.0, 810324.0, 810324.0, 810324.0, 810324.0, 810324.0, 810324.0, 810324.0, 810324.0, 810324.0, 810324.0, 810324.0, 810324.0, 810324.0, 810324.0, 810324.0, 810324.0, 810324.0, 810324.0, 810324.0, 810324.0, 810324.0, 810324.0, 810324.0, 810324.0, 810324.0, 810324.0, 810324.0, 810324.0, 810324.0, 810324.0, 810324.0, 810324.0, 810324.0, 810324.0, 810324.0, 810324.0, 810324.0, 810324.0, 810324.0, 810324.0, 810324.0, 810324.0, 810324.0, 810324.0, 810324.0, 810324.0, 810324.0, 810324.0, 810324.0, 810324.0, 810324.0, 810324.0, 810324.0, 810324.0, 810324.0, 810324.0, 810324.0, 810324.0, 810324.0, 810324.0, 810324.0, 810324.0, 810324.0, 810324.0, 810324.0, 810324.0, 810324.0, 810324.0, 810324.0, 810324.0, 810324.0, 810324.0, 810324.0, 810324.0, 810324.0, 810324.0, 810324.0, 810324.0, 810324.0, 810324.0, 810324.0, 810324.0, 810324.0, 810324.0, 810324.0, 810324.0, 810324.0, 810324.0, 810324.0, 810324.0, 810324.0, 810324.0, 810324.0, 810324.0, 810324.0, 810324.0, 810324.0, 810324.0, 810324.0, 810324.0, 810324.0, 810324.0, 810324.0, 810324.0, 810324.0, 810324.0, 810324.0, 810324.0, 810324.0, 810324.0, 810324.0, 810324.0, 810324.0, 810324.0, 810324.0, 810324.0, 810324.0, 810324.0, 810324.0, 810324.0, 810324.0, 810324.0, 810324.0, 810324.0, 810324.0, 810324.0, 810324.0, 810324.0, 810324.0, 810324.0, 810324.0, 810324.0, 810324.0, 810324.0, 810324.0, 810324.0, 810324.0, 810324.0, 810324.0, 810324.0, 810324.0, 810324.0, 810324.0, 810324.0, 810324.0, 810324.0, 810324.0, 810324.0, 810324.0, 810324.0, 810324.0, 810324.0, 810324.0, 810324.0, 810324.0, 810324.0, 810324.0, 810324.0, 810324.0, 810293.8951258981, 810293.8951258981, 810293.8951258981, 810293.8951258981, 810293.8951258981, 810293.8951258981, 810293.8951258981, 810293.8951258981, 810293.8951258981, 810293.8951258981, 810293.8951258981, 810293.8951258981, 810293.8951258981, 810293.8951258981, 810293.8951258981, 810293.8951258981, 810293.8951258981, 810293.8951258981, 810293.8951258981, 810293.8951258981, 810293.8951258981, 810293.8951258981, 810293.8951258981, 810293.8951258981, 810293.8951258981, 810293.8951258981, 810293.8951258981, 810293.8951258981, 810293.8951258981, 810293.8951258981, 810293.8951258981, 810293.8951258981, 810293.8951258981, 810293.8951258981, 810293.8951258981, 810293.8951258981, 810293.8951258981, 810293.8951258981, 810293.8951258981, 810293.8951258981, 810293.8951258981, 810293.8951258981, 810293.8951258981, 810293.8951258981, 810293.8951258981, 810293.8951258981, 810293.8951258981, 810293.8951258981, 810293.8951258981, 810293.8951258981, 810293.8951258981, 810293.8951258981, 810293.8951258981, 810293.8951258981, 810293.8951258981, 810293.8951258981, 810293.8951258981, 810293.8951258981, 810293.8951258981, 810293.8951258981, 810293.8951258981, 810293.8951258981, 810293.8951258981, 810293.8951258981, 810293.8951258981, 810293.8951258981, 810293.8951258981, 810293.8951258981, 810293.8951258981, 810293.8951258981, 810293.8951258981, 810293.8951258981, 810293.8951258981, 810293.8951258981, 810293.8951258981, 810293.8951258981, 810293.8951258981, 810293.8951258981, 810293.8951258981, 810293.8951258981, 810293.8951258981, 810037.0486354128, 810037.0486354128, 810037.0486354128, 810324.0, 810324.0, 810324.0, 810324.0, 810324.0, 810324.0, 810324.0, 810324.0, 810324.0, 810324.0, 810324.0, 810324.0, 810324.0, 810324.0, 810324.0, 810324.0, 810324.0, 810324.0, 810324.0, 810324.0, 810324.0, 810324.0, 810324.0, 810324.0, 810324.0, 810324.0, 810324.0, 810324.0, 810324.0, 810324.0, 810324.0, 810324.0, 810324.0, 810324.0, 810324.0, 810324.0, 810324.0, 810324.0, 810324.0, 810324.0, 810324.0, 810324.0, 810324.0, 810324.0, 810324.0, 810324.0, 810324.0, 810324.0, 810324.0, 810324.0, 810324.0, 810324.0, 810324.0, 810324.0, 810324.0, 810324.0, 810324.0, 810324.0, 810324.0, 810324.0, 810324.0, 810324.0, 810324.0, 810324.0, 810324.0, 810324.0, 810324.0, 810324.0, 810324.0, 810324.0, 810324.0, 810324.0, 810324.0, 810324.0, 810324.0, 810324.0, 810324.0, 810324.0, 810324.0, 810324.0, 810324.0, 810324.0, 810324.0, 810324.0, 810324.0, 810324.0, 810324.0, 810324.0, 810324.0, 810324.0, 810324.0, 810324.0, 810324.0, 810324.0, 810324.0, 810324.0, 810324.0, 810324.0, 810324.0, 810324.0, 810324.0, 810324.0, 810324.0, 810324.0, 810324.0, 810324.0, 810324.0, 810324.0, 810324.0, 810324.0, 810324.0, 810324.0, 810324.0, 810324.0, 810324.0, 810324.0, 810324.0, 810324.0, 810324.0, 810324.0, 810324.0, 810324.0, 810324.0, 810324.0, 810324.0, 810324.0, 810324.0, 810324.0, 810324.0, 810324.0, 810324.0, 810324.0, 810324.0, 810324.0, 810324.0, 810324.0, 810324.0, 810324.0, 810324.0, 810324.0, 810324.0, 810324.0, 810324.0, 810324.0, 810324.0, 810324.0, 810324.0, 810324.0, 810324.0, 810324.0, 810324.0, 810324.0, 810324.0, 810324.0, 810324.0, 810324.0, 810324.0, 810324.0, 810324.0, 810324.0, 810324.0, 810324.0, 810324.0, 810324.0, 810324.0, 810324.0, 810324.0, 810324.0, 810324.0, 810324.0, 810324.0, 810324.0, 810324.0, 810324.0, 810324.0, 810324.0, 810324.0, 810324.0, 810324.0, 810324.0, 810324.0, 810324.0, 810324.0, 810324.0, 810324.0, 810324.0, 810324.0, 810324.0, 810324.0, 810324.0, 810324.0, 810324.0, 810324.0, 810324.0, 810324.0, 810324.0, 810324.0, 810324.0, 810324.0, 810324.0, 810324.0, 810324.0, 810324.0, 810324.0, 810324.0, 810324.0, 810324.0, 810324.0, 810324.0, 810324.0, 810324.0, 810324.0, 810324.0, 810324.0, 810324.0, 810324.0, 810324.0, 810324.0, 810324.0, 810324.0, 810324.0, 810324.0, 810324.0, 810324.0, 810324.0, 810324.0, 810324.0, 810324.0, 810324.0, 810324.0, 810324.0, 810324.0, 810324.0, 810324.0, 810324.0, 810324.0, 810324.0, 810324.0, 810324.0, 810324.0, 810324.0, 810324.0, 810324.0, 810324.0, 810324.0, 810324.0, 810324.0, 810324.0, 810324.0, 810324.0, 810324.0, 810324.0, 810324.0, 810324.0, 810324.0, 810324.0, 810324.0, 810324.0, 810324.0, 810324.0, 810324.0, 810324.0, 810324.0, 810324.0, 810324.0, 810324.0, 810324.0, 810324.0, 810324.0, 810324.0, 810324.0, 810324.0, 810324.0, 810324.0, 810324.0, 810324.0, 810324.0, 810324.0, 810324.0, 810324.0, 810324.0, 810324.0, 810324.0, 810324.0, 810324.0, 810324.0, 810324.0, 810324.0, 810324.0, 810324.0, 810324.0, 810324.0, 810324.0, 810324.0, 810324.0, 810324.0, 810324.0, 810324.0, 810324.0, 810324.0, 810324.0, 810324.0, 810324.0, 810324.0, 810324.0, 810324.0, 810324.0, 810324.0, 810324.0, 810324.0, 810324.0, 810324.0, 810324.0, 810324.0, 810324.0, 810324.0, 810324.0, 810324.0, 810324.0, 810324.0, 810324.0, 810324.0, 810324.0, 810324.0, 810324.0, 810324.0, 810324.0, 810324.0, 810324.0, 810324.0, 810324.0, 810324.0, 810324.0, 810324.0, 810324.0, 810324.0, 810324.0, 810324.0, 810324.0, 810324.0, 810324.0, 810324.0, 810324.0, 810324.0, 810324.0, 810324.0, 810324.0, 810324.0, 810324.0, 810324.0, 810324.0, 810324.0, 810324.0, 810324.0, 810324.0, 810324.0, 810324.0, 810324.0, 810324.0, 810324.0, 810324.0, 810324.0, 810324.0, 810324.0, 810324.0, 810324.0, 810324.0, 810324.0, 810324.0, 810324.0, 810324.0, 810324.0, 810324.0, 810324.0, 810324.0, 810324.0, 810324.0, 810324.0, 810324.0, 810324.0, 810324.0, 810324.0, 810324.0, 810324.0, 810324.0, 810324.0, 810324.0, 810324.0, 810324.0, 810324.0, 810324.0, 810324.0, 810324.0, 810324.0, 810324.0, 810324.0, 810324.0, 810324.0, 810324.0, 810324.0, 810324.0, 810324.0, 810324.0, 810324.0, 810324.0, 810324.0, 810324.0, 810324.0, 810324.0, 810324.0, 810324.0, 810324.0, 810324.0, 810324.0, 810324.0, 805649.1954769773, 805649.1954769773, 805649.1954769773, 805649.1954769773, 805649.1954769773, 805649.1954769773, 805649.1954769773, 805649.1954769773, 805649.1954769773, 805649.1954769773, 805649.1954769773, 805649.1954769773, 805649.1954769773, 805649.1954769773, 805649.1954769773, 805649.1954769773, 805649.1954769773, 805649.1954769773, 805649.1954769773, 805649.1954769773, 805649.1954769773, 805649.1954769773, 805649.1954769773, 805649.1954769773, 805649.1954769773, 805649.1954769773, 805649.1954769773, 805649.1954769773, 805649.1954769773, 805649.1954769773, 805649.1954769773, 805649.1954769773, 805649.1954769773, 805649.1954769773, 805649.1954769773, 805649.1954769773, 805649.1954769773, 806979.4798203851, 806979.4798203851, 810324.0, 810324.0, 810324.0, 810324.0, 810324.0, 810324.0, 810324.0, 810324.0, 810324.0, 810324.0, 810324.0, 810324.0, 810324.0, 810324.0, 810324.0, 810324.0, 810324.0, 810324.0, 810324.0, 810324.0, 810324.0, 810324.0, 810324.0, 810324.0, 810324.0, 810324.0, 810324.0, 810324.0, 810324.0, 810324.0, 810324.0, 810324.0, 810324.0, 810324.0, 810324.0, 810324.0, 810324.0, 810324.0, 810324.0, 810324.0, 810324.0, 810324.0, 810324.0, 810324.0, 810324.0, 810324.0, 810324.0, 810324.0, 810324.0, 810324.0, 810324.0, 810324.0, 810324.0, 810324.0, 810324.0, 810324.0, 810324.0, 810324.0, 810324.0, 810324.0, 810324.0, 810324.0, 810324.0, 810324.0, 810324.0, 810324.0, 810324.0, 810324.0, 810324.0, 810324.0, 810324.0, 810324.0, 810324.0, 810324.0, 810324.0, 810324.0, 810324.0, 810324.0, 810324.0, 810324.0, 810324.0, 810324.0, 810324.0, 810324.0, 810324.0, 810324.0, 810324.0, 810324.0, 810324.0, 810324.0, 810324.0, 810324.0, 810324.0, 810324.0, 810324.0, 810324.0, 810324.0, 810324.0, 810324.0, 810324.0, 810324.0, 810324.0, 810324.0, 810324.0, 810324.0, 810324.0, 810324.0, 810324.0, 810324.0, 810324.0, 810324.0, 810324.0, 810324.0, 810324.0, 810324.0, 810324.0, 810324.0, 810324.0, 810324.0, 810324.0, 810324.0, 810324.0, 810324.0, 810324.0, 810324.0, 810324.0, 810324.0, 810324.0, 810324.0, 810324.0, 810324.0, 810324.0, 810324.0, 810324.0, 810324.0, 810324.0, 810324.0, 810324.0, 810324.0, 810324.0, 810324.0, 810324.0, 810324.0, 810324.0, 810324.0, 810324.0, 810324.0, 810324.0, 810324.0, 810324.0, 810324.0, 810324.0, 810324.0, 810324.0, 810324.0, 810324.0, 810324.0, 810324.0, 810324.0, 810324.0, 810324.0, 810324.0, 810324.0, 810324.0, 810324.0, 810324.0, 810324.0, 810324.0, 810324.0, 810324.0, 810324.0, 810324.0, 810324.0, 810324.0, 810324.0, 810324.0, 810324.0, 810324.0, 810324.0, 810324.0, 810324.0, 810324.0, 810324.0, 810324.0, 810324.0, 810324.0, 810324.0, 810324.0, 810324.0, 810324.0, 810324.0, 810324.0, 810324.0, 810324.0, 810324.0, 810324.0, 810324.0, 810324.0, 810324.0, 810324.0, 810324.0, 810324.0, 810324.0, 810324.0, 810324.0, 810324.0, 810324.0, 810324.0, 810324.0, 810324.0, 810324.0, 810324.0, 810324.0, 810324.0, 810324.0, 810324.0, 810324.0, 810324.0, 810324.0, 810324.0, 810324.0, 810324.0, 810324.0, 810324.0, 810324.0, 810324.0, 810324.0, 810324.0, 810324.0, 810324.0, 810324.0, 810324.0, 810324.0, 810324.0, 810324.0, 810324.0, 810324.0, 810324.0, 810324.0, 810324.0, 810324.0, 810324.0, 810324.0, 810324.0, 810324.0, 810324.0, 810324.0, 810324.0, 810324.0, 810324.0, 810324.0, 810324.0, 810324.0, 810324.0, 810324.0, 810324.0, 810324.0, 810324.0, 810324.0, 810324.0, 810324.0, 810324.0, 810324.0, 810324.0, 810324.0, 810324.0, 810324.0, 810324.0, 810324.0, 810324.0, 810324.0, 810324.0, 810324.0, 810324.0, 810324.0, 810324.0, 810324.0, 810324.0, 810324.0, 810324.0, 810324.0, 810324.0, 810324.0, 810324.0, 810324.0, 810324.0, 810324.0, 810324.0, 810324.0, 810324.0, 810324.0, 810324.0, 810324.0, 810324.0, 810324.0, 810324.0, 810324.0, 810324.0, 810324.0, 810324.0, 810324.0, 810324.0, 810324.0, 810324.0, 810324.0, 810324.0, 810324.0, 810324.0, 810324.0, 810324.0, 810324.0, 810324.0, 810324.0, 810324.0, 810324.0, 810324.0, 810324.0, 810324.0, 810324.0, 810324.0, 810324.0, 810324.0, 810324.0, 810324.0, 810324.0, 810324.0, 810324.0, 810324.0, 810324.0, 810324.0, 810324.0, 810324.0, 810324.0, 810324.0, 810324.0, 810324.0, 810324.0, 810324.0, 810324.0, 810324.0, 810324.0, 810324.0, 810324.0, 810324.0, 810324.0, 810324.0, 810324.0, 810324.0, 810324.0, 810324.0, 810324.0, 810324.0, 810324.0, 810324.0, 810324.0, 810324.0, 810324.0, 810324.0, 810324.0, 810324.0, 810324.0, 810324.0, 810324.0, 810324.0, 810324.0, 810324.0, 810324.0, 810324.0, 810324.0, 810324.0, 810324.0, 810324.0, 810324.0, 810324.0, 810324.0, 810324.0, 810324.0, 810324.0, 810324.0, 810324.0, 810324.0, 810324.0, 810324.0, 810324.0, 810324.0, 810324.0, 810324.0, 810324.0, 810324.0, 810324.0, 810324.0, 810324.0, 810324.0, 810324.0, 810324.0, 810324.0, 810324.0, 810324.0, 810324.0, 810324.0, 810324.0, 810324.0, 810324.0, 810324.0, 810324.0, 810324.0, 810324.0, 810324.0, 810324.0, 810324.0, 810324.0, 810324.0, 810324.0, 810324.0, 810324.0, 810324.0, 810324.0, 810324.0, 810324.0, 810324.0, 810324.0, 810324.0, 810324.0, 810324.0, 810324.0, 810324.0, 810324.0, 810324.0, 810324.0, 810324.0, 810324.0, 810324.0, 810324.0, 810324.0, 810324.0, 810324.0, 810324.0, 810324.0, 810324.0, 810324.0, 810324.0, 810324.0, 810324.0, 810324.0, 810324.0, 810324.0, 810324.0, 810324.0, 810324.0, 810324.0, 810324.0, 810324.0, 810324.0, 810324.0, 810324.0, 810324.0, 810324.0, 810324.0, 810324.0, 810324.0, 810324.0, 810324.0, 810324.0, 810324.0, 810324.0, 810324.0, 810324.0, 810324.0, 810324.0, 810324.0, 810324.0, 810324.0, 810324.0, 810324.0, 810324.0, 810324.0, 810324.0, 810324.0, 810324.0, 810324.0, 810324.0, 810324.0, 810324.0, 810324.0, 810324.0, 810324.0, 810324.0, 810324.0, 810324.0, 810324.0, 810324.0, 810324.0, 810324.0, 810324.0, 810324.0, 810324.0, 810324.0, 810324.0, 810324.0, 810324.0, 810324.0, 810324.0, 810324.0, 810324.0, 810324.0, 810324.0, 810324.0, 810324.0, 810324.0, 810324.0, 810324.0, 810324.0, 810324.0, 810324.0, 810324.0, 810324.0, 810324.0, 810324.0, 810324.0, 810324.0, 810324.0, 810324.0, 810324.0, 810324.0, 810324.0, 810324.0, 810324.0, 810324.0, 810324.0, 810324.0, 810324.0, 810324.0, 810324.0, 810324.0, 810324.0, 810324.0, 810324.0, 810324.0, 810324.0, 810324.0, 810324.0, 810324.0, 810324.0, 810324.0, 810324.0, 810324.0, 810324.0, 810324.0, 810324.0, 810324.0, 810324.0, 810324.0, 810324.0, 810324.0, 810324.0, 810324.0, 810324.0, 810324.0, 810324.0, 810324.0, 810324.0, 810324.0, 810324.0, 810324.0, 810324.0, 810324.0, 810324.0, 810324.0, 810324.0, 810324.0, 810324.0, 810324.0, 810324.0, 810324.0, 810324.0, 810324.0, 810324.0, 810324.0, 810324.0, 810324.0, 810324.0, 810324.0, 810324.0, 810324.0, 810324.0, 810324.0, 810324.0, 810324.0, 810324.0, 810324.0, 810324.0, 810324.0, 810324.0, 810324.0, 810324.0, 810324.0, 810324.0, 810324.0, 810324.0, 810324.0, 810324.0, 810324.0, 810324.0, 810324.0, 810324.0, 810324.0, 810324.0, 810324.0, 810324.0, 810324.0, 810324.0, 810324.0, 810324.0, 810324.0, 810324.0, 810324.0, 810324.0, 810324.0, 810324.0, 810324.0, 810324.0, 810324.0, 810324.0, 810324.0, 810324.0, 810324.0, 810324.0, 810324.0, 810324.0, 810324.0, 810324.0, 810324.0, 810324.0, 810324.0, 810324.0, 810324.0, 810324.0, 810324.0, 810324.0, 810324.0, 810324.0, 810324.0, 810324.0, 810324.0, 810324.0, 810324.0, 810324.0, 810324.0, 810324.0, 810324.0, 810324.0, 810324.0, 810324.0, 810324.0, 810324.0, 810324.0, 810324.0, 810324.0, 810324.0, 810324.0, 810324.0, 810324.0, 810324.0, 810324.0, 810324.0, 810324.0, 810324.0, 810324.0, 810324.0, 810324.0, 810324.0, 810324.0, 810324.0, 810324.0, 810324.0, 810324.0, 810324.0, 810324.0, 810324.0, 810324.0, 810324.0, 810324.0, 810324.0, 810324.0, 810324.0, 810324.0, 810324.0, 810324.0, 810324.0, 810324.0, 810324.0, 810324.0, 810324.0, 810324.0, 810324.0, 810324.0, 810324.0, 810324.0, 810324.0, 810324.0, 810324.0, 810324.0, 810324.0, 810324.0, 810324.0, 810324.0, 810324.0, 810324.0, 810324.0, 810324.0, 810324.0, 810324.0, 810324.0, 810324.0, 810324.0, 810324.0, 810324.0, 810324.0, 810324.0, 810324.0, 810324.0, 810324.0, 810324.0, 810324.0, 810324.0, 810324.0, 810324.0, 810324.0, 810324.0, 810324.0, 810324.0, 810324.0, 810324.0, 810324.0, 810324.0, 810324.0, 810324.0, 810324.0, 810324.0, 810324.0, 810324.0, 810324.0, 810324.0, 810324.0, 810324.0, 810324.0, 810324.0, 810324.0, 810324.0, 810324.0, 810324.0, 810324.0, 810324.0, 810324.0, 810324.0, 810324.0, 810324.0, 810324.0, 810324.0, 810324.0, 810324.0, 810324.0, 810324.0, 810324.0, 810324.0, 810324.0, 810324.0, 810324.0, 810324.0, 810324.0, 810324.0, 810324.0, 810324.0, 810324.0, 810324.0, 810324.0, 810324.0, 810324.0, 810324.0, 810324.0, 810324.0, 810324.0, 810324.0, 810324.0, 810324.0, 810324.0, 810324.0, 810324.0, 810324.0, 810324.0, 810324.0, 810324.0, 810324.0, 810324.0, 810324.0, 810324.0, 810324.0, 810324.0, 810324.0, 810324.0, 810324.0, 810324.0, 810324.0, 810324.0, 810324.0, 810324.0, 810324.0, 810324.0, 810324.0, 810324.0, 810324.0, 810324.0, 810324.0, 810324.0, 810324.0, 810324.0, 810324.0, 810324.0, 810324.0, 810324.0, 810324.0, 810324.0, 810324.0, 810324.0, 810324.0, 810324.0, 810324.0, 810324.0, 810324.0, 810324.0, 810324.0, 810324.0, 810324.0, 810324.0, 810324.0, 810324.0, 810324.0, 810324.0, 810324.0, 810324.0, 810324.0, 810324.0, 810324.0, 810324.0, 810324.0, 810324.0, 810324.0, 810324.0, 810324.0, 810324.0, 810324.0, 810324.0, 810324.0, 810324.0, 810324.0, 810324.0, 810324.0, 810324.0, 810324.0, 810324.0, 810324.0, 810324.0, 810324.0, 810324.0, 810324.0, 810324.0, 810324.0, 810324.0, 810324.0, 810324.0, 810324.0, 810324.0, 810324.0, 810324.0, 810324.0, 810324.0, 810324.0, 810324.0, 810324.0, 810324.0, 810324.0, 810324.0, 810324.0, 810324.0, 810324.0, 810324.0, 810324.0, 810324.0, 810324.0, 810324.0, 810324.0, 810324.0, 810324.0, 810324.0, 810324.0, 810324.0, 810324.0, 810324.0, 810324.0, 810324.0, 810324.0, 810324.0, 810324.0, 810324.0, 810324.0, 810324.0, 810324.0, 810324.0, 810324.0, 810324.0, 810324.0, 810324.0, 810324.0, 810324.0, 810324.0, 810324.0, 810324.0, 810324.0, 810324.0, 810324.0, 810324.0, 810324.0, 810324.0, 810324.0, 810324.0, 810324.0, 810324.0, 810324.0, 810324.0, 810324.0, 810324.0, 810324.0, 810324.0, 810324.0, 810324.0, 810324.0, 810324.0, 810324.0, 810324.0, 810324.0, 810324.0, 810324.0, 810324.0, 810324.0, 810324.0, 810324.0, 810324.0, 810324.0, 810324.0, 810324.0, 810324.0, 810324.0, 810324.0, 810324.0, 810324.0, 810324.0, 810324.0, 810324.0, 810324.0, 810324.0, 810324.0, 810324.0, 810324.0, 810324.0, 810324.0, 810324.0, 810324.0, 810324.0, 810324.0, 810324.0, 810324.0, 810324.0, 810324.0, 810324.0, 810324.0, 810324.0, 810324.0, 810324.0, 810324.0, 810324.0, 810324.0, 810324.0, 810324.0, 810324.0, 810324.0, 810324.0, 810324.0, 810324.0, 810324.0, 810324.0, 810324.0, 810324.0, 810324.0, 810324.0, 810324.0, 810324.0, 810324.0, 810324.0, 810324.0, 810324.0, 810324.0, 810324.0, 810324.0, 810324.0, 810324.0, 810324.0, 810324.0, 810324.0, 810324.0, 810324.0, 810324.0, 810324.0, 810324.0, 810324.0, 810324.0, 810324.0, 810324.0, 810324.0, 810324.0, 810324.0, 810324.0, 810324.0, 810324.0, 810324.0, 810324.0, 810324.0, 810324.0, 810324.0, 810324.0, 810324.0, 810324.0, 810324.0, 810324.0, 810324.0, 810324.0, 810324.0, 810324.0, 810324.0, 810324.0, 810324.0, 810324.0, 810324.0, 810324.0, 810324.0, 810324.0, 810324.0, 810324.0, 810324.0, 810324.0, 810324.0, 810324.0, 810324.0, 810324.0, 810324.0, 810324.0, 810324.0, 810324.0, 810324.0, 810324.0, 810324.0, 810324.0, 810324.0, 810324.0, 810324.0, 810324.0, 810324.0, 810324.0, 810324.0, 810324.0, 810324.0, 810324.0, 810324.0, 810324.0, 810324.0, 810324.0, 810324.0, 810324.0, 810324.0, 810324.0, 810324.0, 810324.0, 810324.0, 810324.0, 810324.0, 810324.0, 810324.0, 810324.0, 810324.0, 810324.0, 810324.0, 810324.0, 810324.0, 810324.0, 810324.0, 810324.0, 810324.0, 810324.0, 810324.0, 810324.0, 810324.0, 810324.0, 810324.0, 810324.0, 810324.0, 810324.0, 810324.0, 810324.0, 810324.0, 810324.0, 810324.0, 810324.0, 810324.0, 810324.0, 810324.0, 810324.0, 810324.0, 810324.0, 810324.0, 810324.0, 810324.0, 810324.0, 810324.0, 810324.0, 810324.0, 810324.0, 810324.0, 810324.0, 810324.0, 810324.0, 810324.0, 810324.0, 810324.0, 810324.0, 810324.0, 810324.0, 810324.0, 810324.0, 810324.0, 810324.0, 810324.0, 810324.0, 810324.0, 810324.0, 810324.0, 810324.0, 810324.0, 810324.0, 810324.0, 810324.0, 810324.0, 810324.0, 810324.0, 810324.0, 810324.0, 810324.0, 810324.0, 810324.0, 810324.0, 810324.0, 810324.0, 810324.0, 810324.0, 810324.0, 810324.0, 810324.0, 810324.0, 810324.0, 810324.0, 810324.0, 810324.0, 810324.0, 810324.0, 810324.0, 810324.0, 810324.0, 810324.0, 810324.0, 810324.0, 810324.0, 810324.0, 810324.0, 810324.0, 810324.0, 810324.0, 810324.0, 810324.0, 810324.0, 810324.0, 810324.0, 810324.0, 810324.0, 810324.0, 810324.0, 810324.0, 810324.0, 810324.0, 810324.0, 810324.0, 810324.0, 810324.0, 810324.0, 810324.0, 810324.0, 810324.0, 810324.0, 810324.0, 810324.0, 810324.0, 810324.0, 810324.0, 810324.0, 810324.0, 810324.0, 810324.0, 810324.0, 810324.0, 810324.0, 810324.0, 810324.0, 810324.0, 810324.0, 810324.0, 810324.0, 810324.0, 810324.0, 810324.0, 810324.0, 810324.0, 810324.0, 810324.0, 810324.0, 810324.0, 810324.0, 810324.0, 810324.0, 810324.0, 810324.0, 810324.0, 810324.0, 810324.0, 810324.0, 810324.0, 810324.0, 810324.0, 810324.0, 810324.0, 810324.0, 810324.0, 810324.0, 810324.0, 810324.0, 810324.0, 810324.0, 810324.0, 810324.0, 810324.0, 810324.0, 810324.0, 810324.0, 810324.0, 810324.0, 810324.0, 810324.0, 810324.0, 810324.0, 810324.0, 810324.0, 810324.0, 810324.0, 810324.0, 810324.0, 810324.0, 810324.0, 810324.0, 810324.0, 810324.0, 810324.0, 810324.0, 810324.0, 810324.0, 810324.0, 810324.0, 810324.0, 810324.0, 810324.0, 810324.0, 810324.0, 810324.0, 810324.0, 810324.0, 810324.0, 810324.0, 810324.0, 810324.0, 810324.0, 810324.0, 810324.0, 810324.0, 810324.0, 810324.0, 810324.0, 810324.0, 810324.0, 810324.0, 810324.0, 810324.0, 810324.0, 810324.0, 810324.0, 810324.0, 810324.0, 810324.0, 810324.0, 810324.0, 810324.0, 810324.0, 810324.0, 810324.0, 810324.0, 810324.0, 810324.0, 810324.0, 810324.0, 810324.0, 810324.0, 810324.0, 810324.0, 810324.0, 810324.0, 810324.0, 810324.0, 810324.0, 810324.0, 810324.0, 810324.0, 810324.0, 810324.0, 810324.0, 810324.0, 810324.0, 810324.0, 810324.0, 810324.0, 810324.0, 810324.0, 810324.0, 810324.0, 810324.0, 810324.0, 810324.0, 810324.0, 810324.0, 810324.0, 810324.0, 810324.0, 810324.0, 810324.0, 810324.0, 810324.0, 810324.0, 810324.0, 810324.0, 810324.0, 810324.0, 810324.0, 810324.0, 810324.0, 810324.0, 810324.0, 810324.0, 810324.0, 810324.0, 810324.0, 810324.0, 810324.0, 810324.0, 810324.0, 810324.0, 810324.0, 810324.0, 810324.0, 810324.0, 810324.0, 810324.0, 810324.0, 810324.0, 810324.0, 810324.0, 810324.0, 810324.0, 810324.0, 810324.0, 810324.0, 810324.0, 810324.0, 810324.0, 810324.0, 810324.0, 810324.0, 810324.0, 810324.0, 810324.0, 810324.0, 810324.0, 810324.0, 810324.0, 810324.0, 810324.0, 810324.0, 810324.0, 810324.0, 810324.0, 810324.0, 810324.0, 810324.0, 810324.0, 810324.0, 810324.0, 810324.0, 810324.0, 810324.0, 810324.0, 810324.0, 810324.0, 810324.0, 810324.0, 810324.0, 810324.0, 810324.0, 810324.0, 810324.0, 810324.0, 810324.0, 810324.0, 810324.0, 810324.0, 810324.0, 810324.0, 810324.0, 810324.0, 810324.0, 810324.0, 810324.0, 810324.0, 810324.0, 810324.0, 810324.0, 810324.0, 810324.0, 810324.0, 810324.0, 810324.0, 810324.0, 810324.0, 810324.0, 810324.0, 810324.0, 810324.0, 810324.0, 810324.0, 810324.0, 810324.0, 810324.0, 810324.0, 810324.0, 810324.0, 810324.0, 810324.0, 810324.0, 810324.0, 810324.0, 810324.0, 810324.0, 810324.0, 810324.0, 810324.0, 810324.0, 810324.0, 810324.0, 810324.0, 810324.0, 810324.0, 810324.0, 810324.0, 810324.0, 810324.0, 810324.0, 810324.0, 810324.0, 810324.0, 810324.0, 810324.0, 810324.0, 810324.0, 810324.0, 810324.0, 810324.0, 810324.0, 810324.0, 810324.0, 810324.0, 810324.0, 810324.0, 810324.0, 810324.0, 810324.0, 810324.0, 810324.0, 810324.0, 810324.0, 810324.0, 810324.0, 810324.0, 810324.0, 810324.0, 810324.0, 810324.0, 810324.0, 810324.0, 810324.0, 810324.0, 810324.0, 810324.0, 810324.0, 810324.0, 810324.0, 810324.0, 810324.0, 810324.0, 810324.0, 810324.0, 810324.0, 810324.0, 810324.0, 810324.0, 810324.0, 810324.0, 810324.0, 810324.0, 810324.0, 810324.0, 810324.0, 810324.0, 810324.0, 810324.0, 810324.0, 810324.0, 810324.0, 810324.0, 810324.0, 810324.0, 810324.0, 810324.0, 810324.0, 810324.0, 810324.0, 810324.0, 810324.0, 810324.0, 810324.0, 810324.0, 810324.0, 810324.0, 810324.0, 810324.0, 810324.0, 810324.0, 810324.0, 810324.0, 810324.0, 810324.0, 810324.0, 810324.0, 810324.0, 810324.0, 810324.0, 810324.0, 810324.0, 810324.0, 810324.0, 810324.0, 810324.0, 810324.0, 810324.0, 810324.0, 810324.0, 810324.0, 810324.0, 810324.0, 810324.0, 810324.0, 810324.0, 810324.0, 810324.0, 810324.0, 810324.0, 810324.0, 810324.0, 810324.0, 810324.0, 810324.0, 810324.0, 810324.0, 810324.0, 810324.0, 810324.0, 810324.0, 810324.0, 810324.0, 810324.0, 810324.0, 810324.0, 810324.0, 810324.0, 810324.0, 810324.0, 810324.0, 810324.0, 810324.0, 810324.0, 810324.0, 810324.0, 810324.0, 810324.0, 810324.0, 810324.0, 810324.0, 810324.0, 810324.0, 810324.0, 810324.0, 810324.0, 810324.0, 810324.0, 810324.0, 810324.0, 810324.0, 810324.0, 810324.0, 810324.0, 810324.0, 810324.0, 810324.0, 810324.0, 810324.0, 810324.0, 810324.0, 810324.0, 810324.0, 810324.0, 810324.0, 810324.0, 810324.0, 810324.0, 810324.0, 810324.0, 810324.0, 810324.0, 810324.0, 810324.0, 810324.0, 810324.0, 810324.0, 810324.0, 810324.0, 810324.0, 810324.0, 810324.0, 810324.0, 810324.0, 810324.0, 810324.0, 810324.0, 810324.0, 810324.0, 810324.0, 810324.0, 810324.0, 810324.0, 810324.0, 810324.0, 810324.0, 810324.0, 810324.0, 810324.0, 810324.0, 810324.0, 810324.0, 810324.0, 810324.0, 810324.0, 810324.0, 810324.0, 810324.0, 810324.0, 810324.0, 810324.0, 810324.0, 810324.0, 810324.0, 810324.0, 810324.0, 810324.0, 810324.0, 810324.0, 810324.0, 810324.0, 810324.0, 810324.0, 810324.0, 810324.0, 810324.0, 810324.0, 810324.0, 810324.0, 810324.0, 810324.0, 810324.0, 810324.0, 810324.0, 810324.0, 810324.0, 810324.0, 810324.0, 810324.0, 810324.0, 810324.0, 810324.0, 810324.0, 810324.0, 810324.0, 810324.0, 810324.0, 810324.0, 810324.0, 810324.0, 810324.0, 810324.0, 810324.0, 810324.0, 810324.0, 810324.0, 810324.0, 810324.0, 810324.0, 810324.0, 810324.0, 810324.0, 810324.0, 810324.0, 810324.0, 810324.0, 810324.0, 810324.0, 810324.0, 810324.0, 810324.0, 810324.0, 810324.0, 810324.0, 810324.0, 810324.0, 810324.0, 810324.0, 810324.0, 810324.0, 810324.0, 810324.0, 810324.0, 810324.0, 810324.0, 810324.0, 810324.0, 810324.0, 810324.0, 810324.0, 810324.0, 810324.0, 810324.0, 810324.0, 810324.0, 810324.0, 810324.0, 810324.0, 810324.0, 810324.0, 810324.0, 810324.0, 810324.0, 810324.0, 810324.0, 810324.0, 810324.0, 810324.0, 810324.0, 810324.0, 810324.0, 810324.0, 810324.0, 810324.0, 810324.0, 810324.0, 810324.0, 810324.0, 810324.0, 810324.0, 810324.0, 810324.0, 810324.0, 810324.0, 810324.0, 810324.0, 810324.0, 810324.0, 810324.0, 810324.0, 810324.0, 810324.0, 810324.0, 810324.0, 810324.0, 810324.0, 810324.0, 810324.0, 810324.0, 810324.0, 810324.0, 810324.0, 810324.0, 810324.0, 810324.0, 810324.0, 810324.0, 810324.0, 810324.0, 810324.0, 810324.0, 810324.0, 810324.0, 810324.0, 810324.0, 810324.0, 810324.0, 810324.0, 810324.0, 810324.0, 810324.0, 810324.0, 810324.0, 810324.0, 810324.0, 810324.0, 810324.0, 810324.0, 810324.0, 810324.0, 810324.0, 810324.0, 810324.0, 810324.0, 810324.0, 810324.0, 810324.0, 810324.0, 810324.0, 810324.0, 810324.0, 810324.0, 810324.0, 810324.0, 810324.0, 810324.0, 810324.0, 810324.0, 810324.0, 810324.0, 810324.0, 810324.0, 810324.0, 810324.0, 810324.0, 810324.0, 810324.0, 810324.0, 810324.0, 810324.0, 810324.0, 810324.0, 810324.0, 810324.0, 810324.0, 810324.0, 810324.0, 810324.0, 810324.0, 810324.0, 810324.0, 810324.0, 810324.0, 810324.0, 810324.0, 810324.0, 810324.0, 810324.0, 810324.0, 810324.0, 810324.0, 810324.0, 810324.0, 810324.0, 810324.0, 810324.0, 810324.0, 810324.0, 810324.0, 810324.0, 810324.0, 810324.0, 810324.0, 810324.0, 810324.0, 810324.0, 810324.0, 810324.0, 810324.0, 810324.0, 810324.0, 810324.0, 810324.0, 810324.0, 810324.0, 810324.0, 810324.0, 810324.0, 810324.0, 810324.0, 810324.0, 810324.0, 810324.0, 810324.0, 810324.0, 810324.0, 810324.0, 810324.0, 810324.0, 810324.0, 810324.0, 810324.0, 810324.0, 810324.0, 810324.0, 810324.0, 810324.0, 810324.0, 810324.0, 810324.0, 810324.0, 810324.0, 810324.0, 810324.0, 810324.0, 810324.0, 810324.0, 810324.0, 810324.0, 810324.0, 810324.0, 810324.0, 810324.0, 810324.0, 810324.0, 810324.0, 810324.0, 810324.0, 810324.0, 810324.0, 810324.0, 810324.0, 810324.0, 810324.0, 810324.0, 810324.0, 810324.0, 810324.0, 810324.0, 810324.0, 810324.0, 810324.0, 810324.0, 810324.0, 810324.0, 810324.0, 810324.0, 810324.0, 810324.0, 810324.0, 810324.0, 810324.0, 810324.0, 810324.0, 810324.0, 810324.0, 810324.0, 810324.0, 810324.0, 810324.0, 810324.0, 810324.0, 810324.0, 810324.0, 810324.0, 810324.0, 810324.0, 810324.0, 810324.0, 810324.0, 810324.0, 810324.0, 810324.0, 810324.0, 810324.0, 810324.0, 810324.0, 810324.0, 810324.0, 810324.0, 810324.0, 810324.0, 810324.0, 810324.0, 810324.0, 810324.0, 810324.0, 810324.0, 810324.0, 810324.0, 810324.0, 810324.0, 810324.0, 810324.0, 810324.0, 810324.0, 810324.0, 810324.0, 810324.0, 810324.0, 810324.0, 810324.0, 810324.0, 810324.0, 810324.0, 810324.0, 810324.0, 810324.0, 810324.0, 810324.0, 810324.0, 810324.0, 810324.0, 810324.0, 810324.0, 810324.0, 810324.0, 810324.0, 810324.0, 810324.0, 810324.0, 810324.0, 810324.0, 810324.0, 810324.0, 810324.0, 810324.0, 810324.0, 810324.0, 810324.0, 810324.0, 810324.0, 810324.0, 810324.0, 810324.0, 810324.0, 810324.0, 810324.0, 810324.0, 810324.0, 810324.0, 810324.0, 810324.0, 810324.0, 810324.0, 810324.0, 810324.0, 810324.0, 810324.0, 809558.7494709297, 809558.7494709297, 809558.7494709297, 809558.7494709297, 809558.7494709297, 809558.7494709297, 809558.7494709297, 809558.7494709297, 809558.7494709297, 809558.7494709297, 809558.7494709297, 809558.7494709297, 809558.7494709297, 809558.7494709297, 809558.7494709297, 809558.7494709297, 809558.7494709297, 809558.7494709297, 809558.7494709297, 809558.7494709297, 809558.7494709297, 809558.7494709297, 809558.7494709297, 809558.7494709297, 809558.7494709297, 809558.7494709297, 809558.7494709297, 809558.7494709297, 809558.7494709297, 809558.7494709297, 809558.7494709297, 809558.7494709297, 809558.7494709297, 809558.7494709297, 809558.7494709297, 809558.7494709297, 809558.7494709297, 809558.7494709297, 809558.7494709297, 809558.7494709297, 809558.7494709297, 809558.7494709297, 809558.7494709297, 809558.7494709297, 809558.7494709297, 809558.7494709297, 801904.9599649819, 801904.9599649819, 801904.9599649819, 801904.9599649819, 801904.9599649819, 801904.9599649819, 801904.9599649819, 801904.9599649819, 801904.9599649819, 801904.9599649819, 801904.9599649819, 801904.9599649819, 801904.9599649819, 801904.9599649819, 801904.9599649819, 801904.9599649819, 801904.9599649819, 801904.9599649819, 801904.9599649819, 801904.9599649819, 801904.9599649819, 801904.9599649819, 801904.9599649819, 801904.9599649819, 801904.9599649819, 801904.9599649819, 801904.9599649819, 801904.9599649819, 801904.9599649819, 801904.9599649819, 801904.9599649819, 801904.9599649819, 801904.9599649819, 801904.9599649819, 801904.9599649819, 801904.9599649819, 801904.9599649819, 801904.9599649819, 801904.9599649819, 801904.9599649819, 802643.1838713207, 802643.1838713207, 804350.9215564093, 804350.9215564093, 807947.5805097105, 807947.5805097105, 807947.5805097105, 807947.5805097105, 807947.5805097105, 807947.5805097105, 807947.5805097105, 807947.5805097105, 807947.5805097105, 807947.5805097105, 807947.5805097105, 807947.5805097105, 807947.5805097105, 807947.5805097105, 807947.5805097105, 807947.5805097105, 807947.5805097105, 807947.5805097105, 807947.5805097105, 807947.5805097105, 807947.5805097105, 807947.5805097105, 807947.5805097105, 807947.5805097105, 807947.5805097105, 807947.5805097105, 807947.5805097105, 807947.5805097105, 807947.5805097105, 807947.5805097105, 807947.5805097105, 807947.5805097105, 807947.5805097105, 807947.5805097105, 807947.5805097105, 807947.5805097105, 807947.5805097105, 807947.5805097105, 810324.0, 810324.0, 810324.0, 810324.0, 810324.0, 810324.0, 810324.0, 810324.0, 810324.0, 810324.0, 810324.0, 810324.0, 810324.0, 810324.0, 810324.0, 810324.0, 810324.0, 810324.0, 810324.0, 810324.0, 810324.0, 810324.0, 810324.0, 810324.0, 810324.0, 810324.0, 810324.0, 810324.0, 810324.0, 810324.0, 810324.0, 810324.0, 810324.0, 810324.0, 810324.0, 810324.0, 810324.0, 810324.0, 810324.0, 810324.0, 810324.0, 810324.0, 810324.0, 810324.0, 810324.0, 810324.0, 810324.0, 810324.0, 810324.0, 810324.0, 810324.0, 810324.0, 810324.0, 810324.0, 785187.0912613738, 785187.0912613738, 785187.0912613738, 785187.0912613738, 785187.0912613738, 785187.0912613738, 785187.0912613738, 785187.0912613738, 785187.0912613738, 785187.0912613738, 785187.0912613738, 785187.0912613738, 785187.0912613738, 785187.0912613738, 785187.0912613738, 785187.0912613738, 785187.0912613738, 785187.0912613738, 785187.0912613738, 785187.0912613738, 785187.0912613738, 785187.0912613738, 785187.0912613738, 785187.0912613738, 785187.0912613738, 785187.0912613738, 785187.0912613738, 785187.0912613738, 785187.0912613738, 785187.0912613738, 785187.0912613738, 785187.0912613738, 789887.1329888583, 789887.1329888583, 799064.6715209594, 799516.1393549709, 808519.1265495707, 808519.1265495707, 808519.1265495707, 808519.1265495707, 809347.4028061208, 809347.4028061208, 809347.4028061208, 809347.4028061208, 809728.492218324, 809702.611505521, 809702.611505521, 809702.611505521, 809702.611505521, 809702.611505521, 809702.611505521, 809702.611505521, 809702.611505521, 809702.611505521, 809702.611505521, 809702.611505521, 809702.611505521, 809702.611505521, 809702.611505521, 809702.611505521, 809702.611505521, 809702.611505521, 809702.611505521, 809702.611505521, 809702.611505521, 809702.611505521, 809702.611505521, 809702.611505521, 809702.611505521, 809702.611505521, 809702.611505521, 809702.611505521, 809702.611505521, 809702.611505521, 809702.611505521, 810324.0, 810324.0, 810324.0, 810324.0, 810324.0, 810324.0, 810324.0, 810324.0, 810324.0, 810324.0, 810324.0, 810324.0, 810324.0, 810324.0, 810324.0, 810324.0, 810324.0, 810324.0, 810324.0, 810324.0, 810324.0, 810324.0, 810324.0, 810324.0, 810324.0, 810324.0, 810324.0, 810324.0, 810324.0, 810324.0, 810324.0, 810324.0, 810324.0, 810324.0, 810324.0, 810324.0, 810324.0, 810324.0, 810324.0, 810324.0, 810324.0, 810324.0, 810324.0, 810324.0, 810324.0, 810324.0, 810324.0, 810324.0, 810324.0, 810324.0, 810324.0, 810324.0, 810324.0, 810324.0, 810324.0, 810324.0, 810324.0, 810324.0, 810324.0, 810324.0, 810324.0, 810324.0, 810324.0, 810324.0, 810324.0, 810324.0, 810324.0, 810324.0, 810324.0, 810324.0, 810324.0, 810324.0, 810324.0, 810324.0, 810324.0, 810324.0, 810324.0, 810324.0, 810324.0, 810324.0, 810324.0, 810324.0, 810324.0, 810324.0, 810324.0, 810324.0, 810324.0, 810324.0, 810324.0, 810324.0, 810324.0, 810324.0, 810324.0, 810324.0, 810324.0, 810324.0, 810324.0, 810324.0, 810324.0, 810324.0, 810324.0, 810324.0, 810324.0, 810324.0, 810324.0, 810324.0, 810324.0, 810300.4493877904, 810300.4493877904, 810300.4493877904, 810300.4493877904, 810300.4493877904, 810300.4493877904, 810300.4493877904, 810300.4493877904, 810300.4493877904, 810300.4493877904, 810300.4493877904, 810300.4493877904, 810300.4493877904, 810300.4493877904, 810300.4493877904, 810300.4493877904, 810300.4493877904, 810300.4493877904, 810300.4493877904, 810300.4493877904, 810300.4493877904, 810300.4493877904, 810300.4493877904, 810300.4493877904, 810300.4493877904, 810300.4493877904, 810300.4493877904, 810300.4493877904, 810300.4493877904, 810300.4493877904, 810300.4493877904, 810300.4493877904, 810300.4493877904, 810300.4493877904, 810300.4493877904, 810300.4493877904, 810300.4493877904, 810300.4493877904, 810300.4493877904, 810300.4493877904, 810300.4493877904, 810300.4493877904, 810300.4493877904, 810300.4493877904, 810300.4493877904, 810300.4493877904, 810300.4493877904, 810300.4493877904, 810300.4493877904, 810300.4493877904, 810300.4493877904, 810300.4493877904, 810300.4493877904, 810300.4493877904, 810300.4493877904, 810300.4493877904, 810300.4493877904, 810300.4493877904, 810300.4493877904, 810300.4493877904, 810300.4493877904, 810300.4493877904, 810300.4493877904, 810300.4493877904, 810300.4493877904, 810300.4493877904, 810300.4493877904, 810300.4493877904, 810300.4493877904, 810300.4493877904, 810300.4493877904, 810300.4493877904, 810300.4493877904, 810300.4493877904, 810300.4493877904, 810300.4493877904, 810300.4493877904, 810300.4493877904, 810300.4493877904, 810300.4493877904, 810300.4493877904, 810324.0, 810324.0, 810324.0, 810324.0, 810324.0, 810324.0, 810324.0, 810324.0, 810324.0, 810019.9303056182, 810019.9303056182, 810019.9303056182, 810019.9303056182, 810019.9303056182, 810019.9303056182, 810019.9303056182, 810019.9303056182, 810019.9303056182, 810019.9303056182, 810019.9303056182, 810019.9303056182, 810019.9303056182, 810019.9303056182, 810019.9303056182, 810019.9303056182, 810019.9303056182, 810019.9303056182, 810019.9303056182, 810019.9303056182, 810019.9303056182, 810019.9303056182, 810019.9303056182, 810019.9303056182, 810019.9303056182, 810019.9303056182, 810019.9303056182, 810019.9303056182, 810019.9303056182, 810019.9303056182, 810019.9303056182, 810019.9303056182, 810019.9303056182, 810019.9303056182, 810019.9303056182, 810019.9303056182, 810019.9303056182, 810019.9303056182, 810019.9303056182, 810019.9303056182, 810019.9303056182, 810019.9303056182, 810019.9303056182, 810019.9303056182, 810019.9303056182, 810019.9303056182, 810019.9303056182, 810019.9303056182, 810019.9303056182, 810019.9303056182, 810019.9303056182, 810019.9303056182, 810019.9303056182, 810019.9303056182, 810019.9303056182, 810019.9303056182, 810019.9303056182, 810019.9303056182, 810019.9303056182, 810019.9303056182, 810019.9303056182, 810019.9303056182, 810019.9303056182, 810019.9303056182, 810019.9303056182, 810019.9303056182, 810019.9303056182, 810019.9303056182, 810019.9303056182, 810019.9303056182, 810019.9303056182, 810019.9303056182, 810019.9303056182, 810019.9303056182, 810019.9303056182, 810019.9303056182, 810019.9303056182, 810019.9303056182, 810019.9303056182, 810019.9303056182, 810019.9303056182, 810019.9303056182, 810019.9303056182, 810019.9303056182, 810324.0, 810324.0, 810324.0, 810324.0, 810324.0, 810324.0, 810324.0, 810324.0, 810324.0, 810324.0, 810324.0, 810324.0, 810324.0, 810324.0, 810324.0, 810324.0, 810324.0, 810324.0, 810324.0, 810324.0, 810324.0, 810324.0, 810324.0, 810324.0, 810324.0, 810324.0, 810324.0, 810324.0, 810324.0, 810324.0, 810324.0, 810324.0, 810324.0, 810324.0, 810324.0, 810324.0, 810324.0, 810324.0, 810324.0, 810324.0, 810324.0, 810324.0, 810324.0, 810324.0, 810324.0, 810324.0, 810324.0, 810324.0, 810324.0, 810324.0, 810324.0, 810324.0, 810324.0, 810324.0, 810324.0, 810324.0, 810324.0, 810324.0, 810324.0, 810324.0, 810324.0, 810324.0, 810324.0, 810324.0, 810324.0, 810324.0, 810324.0, 810324.0, 810324.0, 810324.0, 810324.0, 810324.0, 810324.0, 810324.0, 810324.0, 810324.0, 810324.0, 810324.0, 810324.0, 810324.0, 810324.0, 810324.0, 810324.0, 810324.0, 810324.0, 810324.0, 810324.0, 810324.0, 810324.0, 810324.0, 810324.0, 810324.0, 810324.0, 810324.0, 810324.0, 810324.0, 810324.0, 810324.0, 810321.4098808245, 810321.4098808245, 810321.4098808245, 810321.4098808245, 810321.4098808245, 810321.4098808245, 810321.4098808245, 810321.4098808245, 810321.4098808245, 810321.4098808245, 810321.4098808245, 810321.4098808245, 810321.4098808245, 810321.4098808245, 810321.4098808245, 810321.4098808245, 810321.4098808245, 810321.4098808245, 810321.4098808245, 810321.4098808245, 810321.4098808245, 810321.4098808245, 810321.4098808245, 810321.4098808245, 810321.4098808245, 810321.4098808245, 810321.4098808245, 810321.4098808245, 810321.4098808245, 810321.4098808245, 810321.4098808245, 810321.4098808245, 810321.4098808245, 810321.4098808245, 810321.4098808245, 810321.4098808245, 810321.4098808245, 810321.4098808245, 810321.4098808245, 810321.4098808245, 810324.0, 810324.0, 810324.0, 810324.0, 810324.0, 810324.0, 810324.0, 810324.0, 810324.0, 810324.0, 810324.0, 810324.0, 810324.0, 810324.0, 810324.0, 810324.0, 810324.0, 810324.0, 810324.0, 810324.0, 810324.0, 810324.0, 810324.0, 810324.0, 810324.0, 810324.0, 810324.0, 810324.0, 810324.0, 810324.0, 810324.0, 810324.0, 810324.0, 810324.0, 810324.0, 810324.0, 810324.0, 810324.0, 810324.0, 810324.0, 810324.0, 810324.0, 810324.0, 810324.0, 810324.0, 810324.0, 810324.0, 810324.0, 810324.0, 810324.0, 810324.0, 810299.5927784713, 810299.5927784713, 810299.5927784713, 810299.5927784713, 810299.5927784713, 810299.5927784713, 810299.5927784713, 810299.5927784713, 810299.5927784713, 810299.5927784713, 810299.5927784713, 810299.5927784713, 810299.5927784713, 810299.5927784713, 810299.5927784713, 810299.5927784713, 810299.5927784713, 810299.5927784713, 810299.5927784713, 810299.5927784713, 810299.5927784713, 810299.5927784713, 810299.5927784713, 810299.5927784713, 810299.5927784713, 810299.5927784713, 810299.5927784713, 810299.5927784713, 810299.5927784713, 810299.5927784713, 810299.5927784713, 810299.5927784713, 810299.5927784713, 810299.5927784713, 810299.5927784713, 810299.5927784713, 810299.5927784713, 810299.5927784713, 810299.5927784713, 810299.5927784713, 810299.5927784713, 810299.5927784713, 810299.5927784713, 810299.5927784713, 810299.5927784713, 810324.0, 810324.0, 810324.0, 810324.0, 810324.0, 810324.0, 810324.0, 810324.0, 810324.0, 810324.0, 810324.0, 810324.0, 810324.0, 810324.0, 810324.0, 810324.0, 810324.0, 810324.0, 810324.0, 810324.0, 810324.0, 810324.0, 810324.0, 810324.0, 810324.0, 810324.0, 810324.0, 810324.0, 810324.0, 810324.0, 810324.0, 810324.0, 810324.0, 810324.0, 810324.0, 810324.0, 810324.0, 810324.0, 810324.0, 810324.0, 810324.0, 810324.0, 810324.0, 810324.0, 810324.0, 810324.0, 810324.0, 810324.0, 810324.0, 810324.0, 810324.0, 810324.0, 810324.0, 810324.0, 810324.0, 810324.0, 810324.0, 810324.0, 810324.0, 810324.0, 810324.0, 810324.0, 810324.0, 810324.0, 810324.0, 810324.0, 810324.0, 810324.0, 810324.0, 810324.0, 810324.0, 810324.0, 810324.0, 810324.0, 810324.0, 810324.0, 810324.0, 810324.0, 810324.0, 810324.0, 810324.0, 810324.0, 810324.0, 810324.0, 810324.0, 810324.0, 810324.0, 810324.0, 810324.0, 810324.0, 810324.0, 810324.0, 810324.0, 810324.0, 810324.0, 810324.0, 810324.0, 810324.0, 810324.0, 810324.0, 810324.0, 810324.0, 810324.0, 810324.0, 810324.0, 810324.0, 810324.0, 810324.0, 810324.0, 810324.0, 810324.0, 810324.0, 810324.0, 810324.0, 810324.0, 810324.0, 810324.0, 810324.0, 810324.0, 810324.0, 810324.0, 810324.0, 810324.0, 810324.0, 810324.0, 810324.0, 810324.0, 810324.0, 810324.0, 810324.0, 810324.0, 810324.0, 810324.0, 810324.0, 810324.0, 810324.0, 810324.0, 810324.0, 810324.0, 810324.0, 810324.0, 810324.0, 810324.0, 810324.0, 810324.0, 810324.0, 810324.0, 810324.0, 810324.0, 810324.0, 810324.0, 810324.0, 810324.0, 810324.0, 810324.0, 810324.0, 810324.0, 810324.0, 810324.0, 810324.0, 810324.0, 810324.0, 810324.0, 810324.0, 810324.0, 810324.0, 810324.0, 810324.0, 810324.0, 810324.0, 810324.0, 810324.0, 810324.0, 810324.0, 810324.0, 810324.0, 810324.0, 810324.0, 810324.0, 810324.0, 810324.0, 810324.0, 810324.0, 
19831.996366064872, 10884.507419252033, 10884.507419252033, 2218.5187182025074, 2218.5187182025074, 2218.5187182025074, 2218.5187182025074, 2218.5187182025074, 2218.5187182025074, 2218.5187182025074, 2218.5187182025074, 2218.5187182025074, 2218.5187182025074, 2218.5187182025074, 2218.5187182025074, 2218.5187182025074, 2218.5187182025074, 1446.4266940337482, 1446.4266940337482, 1446.4266940337482, 1446.4266940337482, 1398.8686761208576, 1059.8310899352932, 1059.8310899352932, 1059.8310899352932, 1059.8310899352932, 1059.8310899352932, 563.4863450602048, 513.6149081380702, 429.9348975734472, 429.9348975734472, 429.9348975734472, 380.4138618433628, 128.61380177613972, 96.50819659169417, 96.50819659169417, 96.50819659169417, 96.50819659169417, 96.50819659169417, 96.50819659169417, 96.50819659169417, 96.50819659169417, 96.50819659169417, 96.50819659169417, 84.50848396700442, 84.50848396700442, 82.1964490215927, 82.1964490215927, 82.1964490215927, 82.1964490215927, 82.1964490215927, 82.1964490215927, 46.19781987504449, 46.19781987504449, 46.19781987504449, 46.19781987504449, 46.19781987504449, 46.19781987504449, 46.19781987504449, 46.19781987504449, 43.909485499628865, 43.909485499628865, 43.909485499628865, 43.909485499628865, 37.902982944867226, 37.902982944867226, 37.902982944867226, 37.902982944867226, 37.902982944867226, 31.101790412991704, 31.101790412991704, 31.101790412991704, 31.101790412991704, 31.101790412991704, 29.75288963274061, 29.75288963274061, 29.75288963274061, 29.75288963274061, 29.75288963274061, 29.75288963274061, 29.75288963274061, 29.75288963274061, 29.75288963274061, 16.24786785411308, 16.24786785411308, 16.24786785411308, 16.24786785411308, 16.24786785411308, 16.24786785411308, 16.24786785411308, 16.24786785411308, 151217.88560221004, 151217.88560221004, 310892.06457502453, 310892.06457502453, 238959.1543970958, 365506.1691341, 365732.6077251311, 440159.62014462834, 336585.64213630056, 473619.8996897257, 473619.8996897257, 490984.4824486662, 490984.4824486662, 490984.4824486662, 578387.0765343485, 578387.0765343485, 578387.0765343485, 578387.0765343485, 661757.7884268989, 718586.6444121732, 705053.2058252454, 671349.3733870648, 724339.3028599648, 724339.3028599648, 724339.3028599648, 751269.8976752146, 764172.0823753366, 764172.0823753366, 783891.0613161338, 783891.0613161338, 800344.9912906404, 800344.9912906404, 800344.9912906404, 810324.0, 810324.0, 810324.0, 810324.0, 810324.0, 810324.0, 810324.0, 810324.0, 810324.0, 810324.0, 810324.0, 810324.0, 810324.0, 810324.0, 810324.0, 810324.0, 810324.0, 810324.0, 810324.0, 810324.0, 810324.0, 810324.0, 810324.0, 810324.0, 810324.0, 810324.0, 810324.0, 810324.0, 810324.0, 810324.0, 810324.0, 810324.0, 810324.0, 810324.0, 810324.0, 810324.0, 810324.0, 810324.0, 810324.0, 810324.0, 810324.0, 810324.0, 810324.0, 810324.0, 810324.0, 810324.0, 810324.0, 810324.0, 810324.0, 810324.0, 810324.0, 810324.0, 810324.0, 810324.0, 810324.0, 810324.0, 810324.0, 810324.0, 810324.0, 810324.0, 810324.0, 810324.0, 810324.0, 810324.0, 810324.0, 810324.0, 810324.0, 810324.0, 810324.0, 810324.0, 810324.0, 810324.0, 810324.0, 810324.0, 810324.0, 810324.0, 810324.0, 810324.0, 810324.0, 810324.0, 810324.0, 810324.0, 810324.0, 810324.0, 810324.0, 810324.0, 810324.0, 810324.0, 810324.0, 810324.0, 810324.0, 810324.0, 810324.0, 810324.0, 810324.0, 810324.0, 810324.0, 810324.0, 810324.0, 810324.0, 810324.0, 810324.0, 810324.0, 810324.0, 810324.0, 810324.0, 810324.0, 810324.0, 810324.0, 810324.0, 810324.0, 810324.0, 810324.0, 810324.0, 810324.0, 810324.0, 810324.0, 810324.0, 810324.0, 810324.0, 810324.0, 810324.0, 810324.0, 810324.0, 810324.0, 810324.0, 810324.0, 810324.0, 810324.0, 810324.0, 810324.0, 810324.0, 810324.0, 810324.0, 810324.0, 810324.0, 810324.0, 810324.0, 810324.0, 810324.0, 810324.0, 810324.0, 810324.0, 810324.0, 810324.0, 810324.0, 810324.0, 810324.0, 810324.0, 810324.0, 810324.0, 810324.0, 810324.0, 810324.0, 810324.0, 810324.0, 810324.0, 810324.0, 810324.0, 810324.0, 810324.0, 810324.0, 810324.0, 810324.0, 810324.0, 810324.0, 810324.0, 810324.0, 810324.0, 810324.0, 810324.0, 810324.0, 810324.0, 810324.0, 810324.0, 810324.0, 810324.0, 810324.0, 810324.0, 810324.0, 810324.0, 810324.0, 810324.0, 810324.0, 810324.0, 810324.0, 810324.0, 810324.0, 810324.0, 810324.0, 810324.0, 810324.0, 810324.0, 810324.0, 810324.0, 810324.0, 810324.0, 810324.0, 810324.0, 810324.0, 810324.0, 810324.0, 810324.0, 810324.0, 810324.0, 810324.0, 810324.0, 810324.0, 810324.0, 810324.0, 810324.0, 810324.0, 810324.0, 810324.0, 810324.0, 810324.0, 810324.0, 810324.0, 810324.0, 810324.0, 810324.0, 810324.0, 810324.0, 810324.0, 810324.0, 810324.0, 810324.0, 810324.0, 810324.0, 810324.0, 810324.0, 810324.0, 810324.0, 810324.0, 810324.0, 810324.0, 810324.0, 810324.0, 810324.0, 810324.0, 810324.0, 810324.0, 810324.0, 810324.0, 810324.0, 810324.0, 810324.0, 810324.0, 810324.0, 810324.0, 810324.0, 810324.0, 810324.0, 810324.0, 810324.0, 810324.0, 810324.0, 810324.0, 810324.0, 810324.0, 810324.0, 810324.0, 810324.0, 810324.0, 810324.0, 810324.0, 810324.0, 810324.0, 810324.0, 810324.0, 810324.0, 810324.0, 810324.0, 810324.0, 810324.0, 810324.0, 810324.0, 810324.0, 810324.0, 810324.0, 810324.0, 810324.0, 810324.0, 810324.0, 810324.0, 810324.0, 810324.0, 810324.0, 810324.0, 810324.0, 810324.0, 810324.0, 810324.0, 810324.0, 810324.0, 810324.0, 810324.0, 810324.0, 810324.0, 810324.0, 810324.0, 810324.0, 810324.0, 810324.0, 810324.0, 810324.0, 810324.0, 810324.0, 810324.0, 810324.0, 810324.0, 810324.0, 810324.0, 810324.0, 810324.0, 810324.0, 810324.0, 810324.0, 810324.0, 810324.0, 810324.0, 810324.0, 810324.0, 810324.0, 810324.0, 810324.0, 810324.0, 810324.0, 810324.0, 810324.0, 810324.0, 810324.0, 810324.0, 810324.0, 810324.0, 810324.0, 810324.0, 810324.0, 810324.0, 810324.0, 810324.0, 810324.0, 810324.0, 810324.0, 810324.0, 810324.0, 810324.0, 810324.0, 810324.0, 810324.0, 810324.0, 810324.0, 810324.0, 810324.0, 810324.0, 810324.0, 810324.0, 810324.0, 810324.0, 810324.0, 810324.0, 810324.0, 810324.0, 810324.0, 810324.0, 810324.0, 810324.0, 810324.0, 810324.0, 810324.0, 810324.0, 810324.0, 810324.0, 810324.0, 810324.0, 810324.0, 810324.0, 810324.0, 810324.0, 810324.0, 810324.0, 810324.0, 810324.0, 810324.0, 810324.0, 810324.0, 810324.0, 810324.0, 810324.0, 810324.0, 810324.0, 810324.0, 810324.0, 810324.0, 810324.0, 810324.0, 810324.0, 810324.0, 810324.0, 810324.0, 810324.0, 810324.0, 810324.0, 810324.0, 810324.0, 810324.0, 810324.0, 810324.0, 810324.0, 810324.0, 810324.0, 810324.0, 810324.0, 810324.0, 810324.0, 810324.0, 810324.0, 810324.0, 810324.0, 810324.0, 810324.0, 810324.0, 810324.0, 810324.0, 810324.0, 810324.0, 810324.0, 810324.0, 810324.0, 810324.0, 810324.0, 810324.0, 810324.0, 810324.0, 810324.0, 810324.0, 810324.0, 810324.0, 810324.0, 810324.0, 810324.0, 810324.0, 810324.0, 810324.0, 810324.0, 810324.0, 810324.0, 810324.0, 810324.0, 810324.0, 810324.0, 810324.0, 810324.0, 810324.0, 810324.0, 810324.0, 810324.0, 810324.0, 810324.0, 810324.0, 810324.0, 810324.0, 810324.0, 810324.0, 810324.0, 810324.0, 786736.9577597117, 786736.9577597117, 786736.9577597117, 786736.9577597117, 786736.9577597117, 786736.9577597117, 786736.9577597117, 786736.9577597117, 786736.9577597117, 786736.9577597117, 786736.9577597117, 786736.9577597117, 786736.9577597117, 786736.9577597117, 786736.9577597117, 786736.9577597117, 786736.9577597117, 786736.9577597117, 786736.9577597117, 786736.9577597117, 786736.9577597117, 786736.9577597117, 786736.9577597117, 786736.9577597117, 786736.9577597117, 786736.9577597117, 786736.9577597117, 786736.9577597117, 786736.9577597117, 791515.2043920071, 791515.2043920071, 791515.2043920071, 810324.0, 810324.0, 810324.0, 810324.0, 810324.0, 810324.0, 810324.0, 810324.0, 810324.0, 810324.0, 810324.0, 810324.0, 810324.0, 810324.0, 810324.0, 810324.0, 810324.0, 810324.0, 810324.0, 810324.0, 810324.0, 810324.0, 810324.0, 810324.0, 810324.0, 810324.0, 810324.0, 810324.0, 810324.0, 810324.0, 810324.0, 810324.0, 810324.0, 810324.0, 810324.0, 810324.0, 810324.0, 810324.0, 810324.0, 810324.0, 810324.0, 810324.0, 810324.0, 810324.0, 810324.0, 810324.0, 810324.0, 810324.0, 810324.0, 810324.0, 810324.0, 810324.0, 810324.0, 810324.0, 810324.0, 810324.0, 810324.0, 810324.0, 810324.0, 810324.0, 810324.0, 810324.0, 810324.0, 810324.0, 810324.0, 810324.0, 810324.0, 810324.0, 810324.0, 810324.0, 810324.0, 810324.0, 810324.0, 810324.0, 810324.0, 810324.0, 810324.0, 810324.0, 810324.0, 810324.0, 810324.0, 810324.0, 810324.0, 810324.0, 810324.0, 810324.0, 810324.0, 810324.0, 810324.0, 810324.0, 810324.0, 810324.0, 810324.0, 810324.0, 810324.0, 810324.0, 810324.0, 810324.0, 810324.0, 810324.0, 810324.0, 810324.0, 810324.0, 810324.0, 810324.0, 810324.0, 810324.0, 810324.0, 810324.0, 810324.0, 810324.0, 810324.0, 810324.0, 810324.0, 810324.0, 810324.0, 810324.0, 810324.0, 810324.0, 810324.0, 810324.0, 810324.0, 810324.0, 810324.0, 810324.0, 810324.0, 810324.0, 810324.0, 810324.0, 810324.0, 810324.0, 810324.0, 810324.0, 810324.0, 810324.0, 810324.0, 810324.0, 810324.0, 810324.0, 810324.0, 810324.0, 810324.0, 810324.0, 810324.0, 810324.0, 810324.0, 810324.0, 810324.0, 810324.0, 810324.0, 810324.0, 810324.0, 810324.0, 810324.0, 810324.0, 810324.0, 810324.0, 810324.0, 810324.0, 810324.0, 810324.0, 810324.0, 810324.0, 810324.0, 810324.0, 810324.0, 810324.0, 810324.0, 810324.0, 810324.0, 810324.0, 810324.0, 810324.0, 810324.0, 810324.0, 810324.0, 810324.0, 810324.0, 810324.0, 810324.0, 810324.0, 810324.0, 810324.0, 810324.0, 810324.0, 810324.0, 810324.0, 810324.0, 810324.0, 810324.0, 810324.0, 810324.0, 810324.0, 810324.0, 810324.0, 810324.0, 810324.0, 810324.0, 810324.0, 810324.0, 810324.0, 810324.0, 810324.0, 810324.0, 810324.0, 810324.0, 810324.0, 810324.0, 810324.0, 810324.0, 810324.0, 810324.0, 810324.0, 810324.0, 810324.0, 810324.0, 810324.0, 810324.0, 810324.0, 810324.0, 810324.0, 810324.0, 810324.0, 810324.0, 810324.0, 810324.0, 810324.0, 810324.0, 810324.0, 810324.0, 810324.0, 810324.0, 810324.0, 810324.0, 810324.0, 810324.0, 810324.0, 810324.0, 810324.0, 810324.0, 810324.0, 810324.0, 810324.0, 810324.0, 810324.0, 810324.0, 810324.0, 810324.0, 810324.0, 810324.0, 810324.0, 810324.0, 810324.0, 810324.0, 810324.0, 810324.0, 810324.0, 810324.0, 810324.0, 810324.0, 810324.0, 810324.0, 810324.0, 810324.0, 810324.0, 810324.0, 810324.0, 810324.0, 810324.0, 810324.0, 810324.0, 810324.0, 810324.0, 810324.0, 810324.0, 810324.0, 810324.0, 810324.0, 810324.0, 810324.0, 810324.0, 810324.0, 810324.0, 810324.0, 810324.0, 810324.0, 810324.0, 810324.0, 810324.0, 810324.0, 810324.0, 810324.0, 810324.0, 810324.0, 810324.0, 810324.0, 810324.0, 810324.0, 810324.0, 810324.0, 810324.0, 810324.0, 810324.0, 810324.0, 810324.0, 810324.0, 810324.0, 810324.0, 810324.0, 810324.0, 810324.0, 810324.0, 810324.0, 810324.0, 810324.0, 810324.0, 810324.0, 810324.0, 810324.0, 810324.0, 810324.0, 810324.0, 810324.0, 810324.0, 810324.0, 810324.0, 810324.0, 810324.0, 810324.0, 810324.0, 810324.0, 810324.0, 810324.0, 810324.0, 810324.0, 810324.0, 810324.0, 810324.0, 810324.0, 810324.0, 810324.0, 810324.0, 810324.0, 810324.0, 810324.0, 810324.0, 810324.0, 810324.0, 810324.0, 810324.0, 810324.0, 810324.0, 810324.0, 810324.0, 810324.0, 810324.0, 810324.0, 810324.0, 810324.0, 810324.0, 810324.0, 810324.0, 810324.0, 810324.0, 810324.0, 810324.0, 810324.0, 810324.0, 810324.0, 810324.0, 810324.0, 810324.0, 810324.0, 810324.0, 810324.0, 810324.0, 810324.0, 809939.4557068765, 809939.4557068765, 809939.4557068765, 809939.4557068765, 809939.4557068765, 809939.4557068765, 809939.4557068765, 809939.4557068765, 809939.4557068765, 809939.4557068765, 809939.4557068765, 809939.4557068765, 809939.4557068765, 809939.4557068765, 809939.4557068765, 809939.4557068765, 809939.4557068765, 809939.4557068765, 809939.4557068765, 809939.4557068765, 809939.4557068765, 809939.4557068765, 809939.4557068765, 809939.4557068765, 809939.4557068765, 809939.4557068765, 809939.4557068765, 809939.4557068765, 809939.4557068765, 809939.4557068765, 809939.4557068765, 809939.4557068765, 809939.4557068765, 809939.4557068765, 809939.4557068765, 809939.4557068765, 809939.4557068765, 809939.4557068765, 809939.4557068765, 809939.4557068765, 809939.4557068765, 809939.4557068765, 810192.5395571413, 810192.5395571413, 810192.5395571413, 810192.5395571413, 810192.5395571413, 810192.5395571413, 810192.5395571413, 810192.5395571413, 810192.5395571413, 810192.5395571413, 810192.5395571413, 810192.5395571413, 810192.5395571413, 810192.5395571413, 810192.5395571413, 810192.5395571413, 810192.5395571413, 810192.5395571413, 810192.5395571413, 810192.5395571413, 810192.5395571413, 810192.5395571413, 810192.5395571413, 810192.5395571413, 810192.5395571413, 810192.5395571413, 810192.5395571413, 810192.5395571413, 810192.5395571413, 810192.5395571413, 810192.5395571413, 810192.5395571413, 810192.5395571413, 810192.5395571413, 810192.5395571413, 810192.5395571413, 810192.5395571413, 810192.5395571413, 810192.5395571413, 810192.5395571413, 810324.0, 810324.0, 810324.0, 810324.0, 810324.0, 810324.0, 810324.0, 810324.0, 810324.0, 810324.0, 810324.0, 810324.0, 810324.0, 810324.0, 810324.0, 810324.0, 810324.0, 810324.0, 810324.0, 810324.0, 810324.0, 810324.0, 810324.0, 810324.0, 810324.0, 810324.0, 810324.0, 810324.0, 810324.0, 810324.0, 810324.0, 810324.0, 810324.0, 810324.0, 810324.0, 810324.0, 810324.0, 810324.0, 810324.0, 810324.0, 810324.0, 810324.0, 810324.0, 810324.0, 810324.0, 810324.0, 810324.0, 810324.0, 810324.0, 810324.0, 810324.0, 810324.0, 810324.0, 810324.0, 810324.0, 810324.0, 810324.0, 810324.0, 810324.0, 810324.0, 810324.0, 810324.0, 810324.0, 810324.0, 810324.0, 810324.0, 810324.0, 810324.0, 810324.0, 810324.0, 810324.0, 810324.0, 810324.0, 810324.0, 810324.0, 810324.0, 810324.0, 810324.0, 810324.0, 810324.0, 810324.0, 810324.0, 810324.0, 810324.0, 810324.0, 810324.0, 810324.0, 810324.0, 810324.0, 810324.0, 810324.0, 810324.0, 810324.0, 810324.0, 810324.0, 810324.0, 810324.0, 810324.0, 810324.0, 810324.0, 810324.0, 810324.0, 810324.0, 810324.0, 810324.0, 810324.0, 810324.0, 810324.0, 810324.0, 810324.0, 810324.0, 810324.0, 810324.0, 810324.0, 810324.0, 810324.0, 810324.0, 810324.0, 810324.0, 810324.0, 810324.0, 810324.0, 810324.0, 810324.0, 810324.0, 810324.0, 810324.0, 810324.0, 810324.0, 810324.0, 810324.0, 810324.0, 810324.0, 810324.0, 810324.0, 810324.0, 810324.0, 810324.0, 810324.0, 810324.0, 810324.0, 810324.0, 810324.0, 810324.0, 810324.0, 810324.0, 810324.0, 810324.0, 810324.0, 810324.0, 810324.0, 810324.0, 810324.0, 810324.0, 810324.0, 810324.0, 810324.0, 810324.0, 810324.0, 810324.0, 810324.0, 810324.0, 810324.0, 810324.0, 810324.0, 810324.0, 810324.0, 810324.0, 810324.0, 810324.0, 810324.0, 810324.0, 810324.0, 810324.0, 810324.0, 810324.0, 810324.0, 810324.0, 810324.0, 810324.0, 810324.0, 810324.0, 810324.0, 810324.0, 810324.0, 810324.0, 810324.0, 810324.0, 810324.0, 810324.0, 810324.0, 810324.0, 810324.0, 810324.0, 810324.0, 810324.0, 810324.0, 810324.0, 810324.0, 810324.0, 810324.0, 810324.0, 810324.0, 810324.0, 810324.0, 810324.0, 810324.0, 810324.0, 810324.0, 810324.0, 810324.0, 810324.0, 810324.0, 810324.0, 810324.0, 810324.0, 810324.0, 810324.0, 810324.0, 810324.0, 810324.0, 810324.0, 810324.0, 810324.0, 810324.0, 810324.0, 810324.0, 810324.0, 810324.0, 810324.0, 810324.0, 810324.0, 810324.0, 810324.0, 810324.0, 810324.0, 810324.0, 810324.0, 810324.0, 810324.0, 810324.0, 810324.0, 810324.0, 810324.0, 810324.0, 810324.0, 810324.0, 810324.0, 810324.0, 810324.0, 810324.0, 810324.0, 810324.0, 810324.0, 810324.0, 810324.0, 810324.0, 810324.0, 810324.0, 810324.0, 810324.0, 810324.0, 810324.0, 810324.0, 810324.0, 810324.0, 810324.0, 810324.0, 810324.0, 810324.0, 810324.0, 810324.0, 810324.0, 810324.0, 810324.0, 810324.0, 810324.0, 810324.0, 810324.0, 810324.0, 810324.0, 810324.0, 810324.0, 810324.0, 810324.0, 810324.0, 810324.0, 810324.0, 810324.0, 810324.0, 810324.0, 810324.0, 810324.0, 810324.0, 810324.0, 810324.0, 810324.0, 810324.0, 810324.0, 810324.0, 810324.0, 810324.0, 810324.0, 810324.0, 810324.0, 810324.0, 810324.0, 810324.0, 810324.0, 810324.0, 810324.0, 810324.0, 810324.0, 810324.0, 810324.0, 810324.0, 810324.0, 810324.0, 810324.0, 810324.0, 810324.0, 810324.0, 810324.0, 810324.0, 810324.0, 810324.0, 810324.0, 810324.0, 810324.0, 810324.0, 810324.0, 810324.0, 810324.0, 810324.0, 810324.0, 810324.0, 810324.0, 810324.0, 810324.0, 810324.0, 810324.0, 810324.0, 810324.0, 810324.0, 810324.0, 810324.0, 810324.0, 810324.0, 810324.0, 810324.0, 810324.0, 810324.0, 810324.0, 810324.0, 810324.0, 810324.0, 810324.0, 810324.0, 810324.0, 810324.0, 810324.0, 810324.0, 810324.0, 810324.0, 810324.0, 810324.0, 810324.0, 810324.0, 810324.0, 810324.0, 810324.0, 810324.0, 810324.0, 810324.0, 810324.0, 810324.0, 810324.0, 810324.0, 810324.0, 810324.0, 810324.0, 810324.0, 810324.0, 810324.0, 810324.0, 810324.0, 810324.0, 810324.0, 810324.0, 810324.0, 810324.0, 810324.0, 810324.0, 810324.0, 810324.0, 810324.0, 810324.0, 810324.0, 810324.0, 810324.0, 810324.0, 810324.0, 810324.0, 810324.0, 810324.0, 810324.0, 810324.0, 810324.0, 810324.0, 810324.0, 810324.0, 810324.0, 810324.0, 810324.0, 810324.0, 810324.0, 810324.0, 808997.6221193423, 808997.6221193423, 808997.6221193423, 808997.6221193423, 808997.6221193423, 808997.6221193423, 808997.6221193423, 808997.6221193423, 808997.6221193423, 808997.6221193423, 808997.6221193423, 808997.6221193423, 808997.6221193423, 808997.6221193423, 808997.6221193423, 808997.6221193423, 808997.6221193423, 808997.6221193423, 808997.6221193423, 808997.6221193423, 808997.6221193423, 808997.6221193423, 808997.6221193423, 808997.6221193423, 808997.6221193423, 808997.6221193423, 808997.6221193423, 808997.6221193423, 808997.6221193423, 808997.6221193423, 808997.6221193423, 808997.6221193423, 809204.7334828548, 809204.7334828548, 810324.0, 810324.0, 810324.0, 810324.0, 810324.0, 810324.0, 810324.0, 810324.0, 810324.0, 810324.0, 810324.0, 810324.0, 810324.0, 810324.0, 810324.0, 810324.0, 810324.0, 810324.0, 810324.0, 810324.0, 810324.0, 810324.0, 810324.0, 810324.0, 810324.0, 810324.0, 810324.0, 810324.0, 810324.0, 810324.0, 810324.0, 810324.0, 810324.0, 810324.0, 810324.0, 810324.0, 810324.0, 810324.0, 810324.0, 810324.0, 810324.0, 810324.0, 810324.0, 810324.0, 810324.0, 810324.0, 810324.0, 810324.0, 810324.0, 810324.0, 810324.0, 810324.0, 810324.0, 810324.0, 810324.0, 810324.0, 810324.0, 810324.0, 810324.0, 810324.0, 810324.0, 810324.0, 810324.0, 810324.0, 810324.0, 810324.0, 810324.0, 810324.0, 810324.0, 810324.0, 810324.0, 810324.0, 810324.0, 810324.0, 810324.0, 810324.0, 810324.0, 810324.0, 810324.0, 810324.0, 810324.0, 810324.0, 810324.0, 810324.0, 810324.0, 810324.0, 810324.0, 810324.0, 810324.0, 810324.0, 810324.0, 810324.0, 810324.0, 810324.0, 810324.0, 810324.0, 810324.0, 810324.0, 810324.0, 810324.0, 810324.0, 810324.0, 810324.0, 810324.0, 810324.0, 810324.0, 810324.0, 810324.0, 810324.0, 810324.0, 810324.0, 810324.0, 810324.0, 810324.0, 810324.0, 810324.0, 810324.0, 810324.0, 810324.0, 810324.0, 810324.0, 810324.0, 810324.0, 810324.0, 810324.0, 810324.0, 810324.0, 810324.0, 810324.0, 810324.0, 810324.0, 810324.0, 810324.0, 810324.0, 810324.0, 810324.0, 810324.0, 810324.0, 810324.0, 810324.0, 810324.0, 810324.0, 810324.0, 810324.0, 810324.0, 810324.0, 810324.0, 810324.0, 810324.0, 810324.0, 810324.0, 810324.0, 810324.0, 810324.0, 810324.0, 810324.0, 810324.0, 810324.0, 810324.0, 810324.0, 810324.0, 810324.0, 810324.0, 810324.0, 810324.0, 810324.0, 810324.0, 810324.0, 810324.0, 810324.0, 810324.0, 810324.0, 810324.0, 810324.0, 810324.0, 810324.0, 810324.0, 810324.0, 810324.0, 810324.0, 810324.0, 810324.0, 810324.0, 810324.0, 810324.0, 810324.0, 810324.0, 810324.0, 810324.0, 810324.0, 810324.0, 810324.0, 810324.0, 810324.0, 810324.0, 810324.0, 810324.0, 810324.0, 810324.0, 810324.0, 810324.0, 810324.0, 810324.0, 810324.0, 810324.0, 810324.0, 810324.0, 810324.0, 810324.0, 810324.0, 810324.0, 810324.0, 810324.0, 810324.0, 810324.0, 810324.0, 810324.0, 810324.0, 810324.0, 810324.0, 810324.0, 810324.0, 810324.0, 810324.0, 810324.0, 810324.0, 810324.0, 810324.0, 810324.0, 810324.0, 810324.0, 810324.0, 810324.0, 810324.0, 810324.0, 810324.0, 810324.0, 810324.0, 810324.0, 810324.0, 810324.0, 810324.0, 810324.0, 810324.0, 810324.0, 810324.0, 810324.0, 810324.0, 810324.0, 810324.0, 810324.0, 810324.0, 810324.0, 810324.0, 810324.0, 810324.0, 810324.0, 810324.0, 810324.0, 810324.0, 810324.0, 810324.0, 810324.0, 810324.0, 810324.0, 810324.0, 810324.0, 810324.0, 810324.0, 810324.0, 810324.0, 810324.0, 810324.0, 810324.0, 810324.0, 810324.0, 810324.0, 810324.0, 810324.0, 810324.0, 810324.0, 810324.0, 810324.0, 810324.0, 810324.0, 810324.0, 810324.0, 810324.0, 810324.0, 810324.0, 810324.0, 810324.0, 810324.0, 810324.0, 810324.0, 810324.0, 810324.0, 810324.0, 810324.0, 810324.0, 810324.0, 810324.0, 810324.0, 810324.0, 810324.0, 810324.0, 810324.0, 810324.0, 810324.0, 810324.0, 810324.0, 810324.0, 810324.0, 810324.0, 810324.0, 810324.0, 810324.0, 810324.0, 810324.0, 810324.0, 810324.0, 810324.0, 810324.0, 810324.0, 810324.0, 810324.0, 810324.0, 810324.0, 810324.0, 790434.3453599932, 790434.3453599932, 790434.3453599932, 790434.3453599932, 790434.3453599932, 790434.3453599932, 790434.3453599932, 790434.3453599932, 790434.3453599932, 790434.3453599932, 790434.3453599932, 790434.3453599932, 790434.3453599932, 790434.3453599932, 790434.3453599932, 790434.3453599932, 790434.3453599932, 790434.3453599932, 790434.3453599932, 790434.3453599932, 790434.3453599932, 790434.3453599932, 790434.3453599932, 790434.3453599932, 790434.3453599932, 790434.3453599932, 790434.3453599932, 790434.3453599932, 790434.3453599932, 790434.3453599932, 790434.3453599932, 790434.3453599932, 790434.3453599932, 800674.4170369474, 805375.6083527355, 805375.6083527355, 809518.8907504492, 809518.8907504492, 809518.8907504492, 809518.8907504492, 810324.0, 810324.0, 810324.0, 810324.0, 810324.0, 810324.0, 810324.0, 810324.0, 810324.0, 810324.0, 810324.0, 810324.0, 810324.0, 810324.0, 810324.0, 810324.0, 810324.0, 810324.0, 810324.0, 810324.0, 810324.0, 810324.0, 810324.0, 810324.0, 810324.0, 810324.0, 810324.0, 810324.0, 810324.0, 810324.0, 810324.0, 810324.0, 810324.0, 810324.0, 810324.0, 810324.0, 810324.0, 810324.0, 810324.0, 810324.0, 810324.0, 810324.0, 810324.0, 810324.0, 810324.0, 810324.0, 810324.0, 810324.0, 810324.0, 810324.0, 810324.0, 810324.0, 810324.0, 810324.0, 810324.0, 810324.0, 810324.0, 810324.0, 810324.0, 810324.0, 810324.0, 810324.0, 810324.0, 810324.0, 810324.0, 810324.0, 810324.0, 810324.0, 810324.0, 810324.0, 810324.0, 810324.0, 810324.0, 810324.0, 810324.0, 810324.0, 810324.0, 810324.0, 810324.0, 810324.0, 810324.0, 810324.0, 810324.0, 810324.0, 810324.0, 810324.0, 810324.0, 810324.0, 810324.0, 810324.0, 810324.0, 810324.0, 810324.0, 810324.0, 810324.0, 810324.0, 810324.0, 810324.0, 810324.0, 810324.0, 810324.0, 810324.0, 810324.0, 810324.0, 810324.0, 810324.0, 810324.0, 810324.0, 810324.0, 810324.0, 810324.0, 810324.0, 810324.0, 810324.0, 810324.0, 810324.0, 810324.0, 810324.0, 810324.0, 810324.0, 810324.0, 810324.0, 810324.0, 810324.0, 810324.0, 810324.0, 810324.0, 810324.0, 810324.0, 810324.0, 810324.0, 810324.0, 810324.0, 810324.0, 810324.0, 810324.0, 810324.0, 810324.0, 810324.0, 810324.0, 810324.0, 810324.0, 810324.0, 810324.0, 810324.0, 810324.0, 810324.0, 810324.0, 810324.0, 810324.0, 810324.0, 810324.0, 810324.0, 810324.0, 810324.0, 810324.0, 810324.0, 810324.0, 810324.0, 810324.0, 810324.0, 810324.0, 810324.0, 810324.0, 810324.0, 810324.0, 810324.0, 810324.0, 810324.0, 810324.0, 810324.0, 810324.0, 810324.0, 810324.0, 810324.0, 810324.0, 810324.0, 810324.0, 810324.0, 810324.0, 810324.0, 810324.0, 810324.0, 810324.0, 810324.0, 810324.0, 810324.0, 810324.0, 810324.0, 810324.0, 810324.0, 810324.0, 810324.0, 810324.0, 810324.0, 810324.0, 810324.0, 810324.0, 810324.0, 810324.0, 810324.0, 810324.0, 810324.0, 810324.0, 810324.0, 810324.0, 810324.0, 810324.0, 810324.0, 810324.0, 810324.0, 810324.0, 810324.0, 810324.0, 810324.0, 810324.0, 810324.0, 810324.0, 810324.0, 810324.0, 810324.0, 810324.0, 810324.0, 810324.0, 810324.0, 810324.0, 810324.0, 810324.0, 810324.0, 810324.0, 810324.0, 810324.0, 810324.0, 810324.0, 810324.0, 810324.0, 810324.0, 810324.0, 810324.0, 810324.0, 810324.0, 810324.0, 810324.0, 810324.0, 810324.0, 810324.0, 810324.0, 810324.0, 810324.0, 810324.0, 810324.0, 810324.0, 810324.0, 810324.0, 810324.0, 810324.0, 810324.0, 810324.0, 810324.0, 810324.0, 810324.0, 810324.0, 810324.0, 810324.0, 810324.0, 810324.0, 810324.0, 810324.0, 810324.0, 810324.0, 810324.0, 810324.0, 810324.0, 810324.0, 810324.0, 810324.0, 810324.0, 810324.0, 810324.0, 810324.0, 810324.0, 810324.0, 810324.0, 810324.0, 810324.0, 810324.0, 810324.0, 810324.0, 810324.0, 810324.0, 810324.0, 810324.0, 810324.0, 810324.0, 810324.0, 810324.0, 810324.0, 810324.0, 810324.0, 810324.0, 810324.0, 810324.0, 810324.0, 810324.0, 810324.0, 810324.0, 810324.0, 810324.0, 810324.0, 810324.0, 810324.0, 810324.0, 810324.0, 810324.0, 810324.0, 810324.0, 810324.0, 810324.0, 810324.0, 810324.0, 810324.0, 810324.0, 810324.0, 810324.0, 810324.0, 810324.0, 810324.0, 810324.0, 810324.0, 810324.0, 810324.0, 810324.0, 810324.0, 810324.0, 810324.0, 810324.0, 810324.0, 810324.0, 810324.0, 810324.0, 810324.0, 810324.0, 810324.0, 810324.0, 810324.0, 810324.0, 810324.0, 810324.0, 810324.0, 810324.0, 810324.0, 810324.0, 810324.0, 810324.0, 810324.0, 810324.0, 810324.0, 810324.0, 810324.0, 810324.0, 810324.0, 810324.0, 810324.0, 810324.0, 810324.0, 810324.0, 810324.0, 810324.0, 810324.0, 810324.0, 810324.0, 810324.0, 810324.0, 810324.0, 810324.0, 810324.0, 810324.0, 810324.0, 810324.0, 810324.0, 810324.0, 810324.0, 810324.0, 810324.0, 810324.0, 810324.0, 810324.0, 810324.0, 810324.0, 810324.0, 810324.0, 810324.0, 810324.0, 810324.0, 810324.0, 810324.0, 810324.0, 810324.0, 810324.0, 810324.0, 810324.0, 810324.0, 810324.0, 810324.0, 810324.0, 810324.0, 810324.0, 810324.0, 810324.0, 810324.0, 810324.0, 810324.0, 810324.0, 810324.0, 810324.0, 810324.0, 810324.0, 810324.0, 810324.0, 810324.0, 810324.0, 810324.0, 810324.0, 810324.0, 810324.0, 810324.0, 810324.0, 810324.0, 810324.0, 810324.0, 810324.0, 810324.0, 810324.0, 810324.0, 810324.0, 810324.0, 810324.0, 810324.0, 810324.0, 810324.0, 810324.0, 810324.0, 810324.0, 810324.0, 810324.0, 810324.0, 810324.0, 810324.0, 810324.0, 810324.0, 810324.0, 810324.0, 810324.0, 810324.0, 810324.0, 810324.0, 810324.0, 810324.0, 810324.0, 810324.0, 810324.0, 810324.0, 810324.0, 810324.0, 810324.0, 810324.0, 810324.0, 810324.0, 810324.0, 810324.0, 810324.0, 810324.0, 810324.0, 810324.0, 810324.0, 810324.0, 810324.0, 810324.0, 810324.0, 810324.0, 810324.0, 810324.0, 810324.0, 810324.0, 810324.0, 810324.0, 810324.0, 810324.0, 810324.0, 810324.0, 810324.0, 810324.0, 810324.0, 810324.0, 810324.0, 810324.0, 810324.0, 810324.0, 810324.0, 810324.0, 810324.0, 810324.0, 810324.0, 810324.0, 810324.0, 810324.0, 810324.0, 810324.0, 810324.0, 810324.0, 810324.0, 810324.0, 810324.0, 810324.0, 810324.0, 810324.0, 810324.0, 810324.0, 810324.0, 810324.0, 810324.0, 810324.0, 810324.0, 810324.0, 810324.0, 810324.0, 810324.0, 810324.0, 810324.0, 810324.0, 810324.0, 810324.0, 810324.0, 810324.0, 810324.0, 810324.0, 810324.0, 810324.0, 810324.0, 810324.0, 810324.0, 810324.0, 810324.0, 810324.0, 810324.0, 810324.0, 810324.0, 810324.0, 810324.0, 810324.0, 810324.0, 810324.0, 810324.0, 810324.0, 810324.0, 810324.0, 810324.0, 810324.0, 810324.0, 810324.0, 810324.0, 810324.0, 810324.0, 810324.0, 810324.0, 810324.0, 810324.0, 810324.0, 810324.0, 810324.0, 810324.0, 810324.0, 810324.0, 810324.0, 810324.0, 810324.0, 810324.0, 810324.0, 810324.0, 810324.0, 810324.0, 810324.0, 810324.0, 810324.0, 810324.0, 810324.0, 810324.0, 810324.0, 810324.0, 810324.0, 810324.0, 810324.0, 810324.0, 810324.0, 810324.0, 810324.0, 810324.0, 810324.0, 810324.0, 810324.0, 810324.0, 810324.0, 810324.0, 810324.0, 810324.0, 810324.0, 810324.0, 810324.0, 810324.0, 810324.0, 810324.0, 810324.0, 810324.0, 810324.0, 810324.0, 810324.0, 810324.0, 810324.0, 810324.0, 810324.0, 810324.0, 810324.0, 810324.0, 810324.0, 810324.0, 810324.0, 810324.0, 810324.0, 810324.0, 810324.0, 810324.0, 810324.0, 810324.0, 810324.0, 810324.0, 810324.0, 810324.0, 810324.0, 810324.0, 810324.0, 810324.0, 810324.0, 810324.0, 810324.0, 810324.0, 810324.0, 810324.0, 810324.0, 810324.0, 810324.0, 810324.0, 810324.0, 810324.0, 810324.0, 810324.0, 810324.0, 810324.0, 810324.0, 810324.0, 810324.0, 810324.0, 810324.0, 810324.0, 810324.0, 810324.0, 810324.0, 810324.0, 810324.0, 810324.0, 810324.0, 810324.0, 810324.0, 810324.0, 810324.0, 810324.0, 810324.0, 810324.0, 810324.0, 810324.0, 810324.0, 810324.0, 810324.0, 810324.0, 810324.0, 810324.0, 810324.0, 810324.0, 810324.0, 810324.0, 810324.0, 810324.0, 810324.0, 810324.0, 810324.0, 810324.0, 810324.0, 810324.0, 810324.0, 810324.0, 810324.0, 810324.0, 810324.0, 810324.0, 810324.0, 810324.0, 810324.0, 810324.0, 810324.0, 810324.0, 810324.0, 810324.0, 810324.0, 810324.0, 810324.0, 810324.0, 810324.0, 810324.0, 810324.0, 810324.0, 810324.0, 810324.0, 810324.0, 810324.0, 810324.0, 810324.0, 810324.0, 810324.0, 810324.0, 810324.0, 810324.0, 810324.0, 810324.0, 810324.0, 810324.0, 810324.0, 810324.0, 810324.0, 810324.0, 810324.0, 810324.0, 810324.0, 810324.0, 810324.0, 810324.0, 810324.0, 810324.0, 810324.0, 810324.0, 810324.0, 810324.0, 810324.0, 810324.0, 810324.0, 810324.0, 810324.0, 810324.0, 810324.0, 810324.0, 810324.0, 810324.0, 810324.0, 810324.0, 810324.0, 810324.0, 810324.0, 810324.0, 810324.0, 810324.0, 810324.0, 810324.0, 810324.0, 810324.0, 810324.0, 810324.0, 810324.0, 810324.0, 810324.0, 810324.0, 810324.0, 810324.0, 810324.0, 810324.0, 810324.0, 810324.0, 810324.0, 810324.0, 810324.0, 810324.0, 810324.0, 810324.0, 810324.0, 810324.0, 810324.0, 810324.0, 810324.0, 810324.0, 810324.0, 810324.0, 810324.0, 810324.0, 810324.0, 810324.0, 810324.0, 810324.0, 810324.0, 810324.0, 810324.0, 810324.0, 810324.0, 810324.0, 810324.0, 810324.0, 810324.0, 810324.0, 810324.0, 810324.0, 810324.0, 810324.0, 810324.0, 810324.0, 810324.0, 810324.0, 810324.0, 810307.9372551453, 810307.9372551453, 810307.9372551453, 810307.9372551453, 810307.9372551453, 810307.9372551453, 810307.9372551453, 810307.9372551453, 810307.9372551453, 810307.9372551453, 810307.9372551453, 810307.9372551453, 810307.9372551453, 810307.9372551453, 810307.9372551453, 810307.9372551453, 810307.9372551453, 810307.9372551453, 810307.9372551453, 810307.9372551453, 810307.9372551453, 810307.9372551453, 810307.9372551453, 810307.9372551453, 810307.9372551453, 810307.9372551453, 810307.9372551453, 810307.9372551453, 810307.9372551453, 810307.9372551453, 810307.9372551453, 810307.9372551453, 810307.9372551453, 810307.9372551453, 810307.9372551453, 810307.9372551453, 810307.9372551453, 810324.0, 810324.0, 810324.0, 810324.0, 810324.0, 810324.0, 810324.0, 810324.0, 810324.0, 810324.0, 810324.0, 810324.0, 810324.0, 810324.0, 810324.0, 810324.0, 810324.0, 810324.0, 810324.0, 810324.0, 810324.0, 810324.0, 810324.0, 810324.0, 810324.0, 810324.0, 810324.0, 810324.0, 810324.0, 810324.0, 810324.0, 810324.0, 810324.0, 810324.0, 810324.0, 810324.0, 810324.0, 810324.0, 810324.0, 810324.0, 810324.0, 810324.0, 810324.0, 810324.0, 810324.0, 810324.0, 810324.0, 810324.0, 810324.0, 810324.0, 810324.0, 810324.0, 810324.0, 810324.0, 810324.0, 810324.0, 810324.0, 810324.0, 810324.0, 810324.0, 810324.0, 810324.0, 810324.0, 810324.0, 810324.0, 810324.0, 810324.0, 810324.0, 810324.0, 810324.0, 810324.0, 810324.0, 810324.0, 810324.0, 810324.0, 810324.0, 810324.0, 810324.0, 810324.0, 810324.0, 810324.0, 810324.0, 810324.0, 810324.0, 810324.0, 810324.0, 810324.0, 810324.0, 810324.0, 810324.0, 810324.0, 810324.0, 810324.0, 810324.0, 810324.0, 810324.0, 810324.0, 810324.0, 810324.0, 810324.0, 810324.0, 810324.0, 810324.0, 810324.0, 810324.0, 810324.0, 810324.0, 810324.0, 810324.0, 810324.0, 810324.0, 810324.0, 810324.0, 810324.0, 810324.0, 810324.0, 810324.0, 810324.0, 810324.0, 810324.0, 810324.0, 810324.0, 810324.0, 810324.0, 810324.0, 810324.0, 810324.0, 810324.0, 810324.0, 810324.0, 810324.0, 810324.0, 810324.0, 810324.0, 810324.0, 810324.0, 810324.0, 810324.0, 810324.0, 810324.0, 810324.0, 810324.0, 810324.0, 810324.0, 810324.0, 810324.0, 810324.0, 810324.0, 810324.0, 810324.0, 810324.0, 810324.0, 810324.0, 810324.0, 810324.0, 810324.0, 810324.0, 810324.0, 810324.0, 810324.0, 810324.0, 810324.0, 810324.0, 810324.0, 810324.0, 810324.0, 810324.0, 810324.0, 810324.0, 810324.0, 810324.0, 810324.0, 810324.0, 810324.0, 810324.0, 810324.0, 810324.0, 810324.0, 810324.0, 810324.0, 810324.0, 810324.0, 810324.0, 810324.0, 810324.0, 810324.0, 810324.0, 810324.0, 810324.0, 810324.0, 808880.4820218987, 808880.4820218987, 808880.4820218987, 808880.4820218987, 808880.4820218987, 808880.4820218987, 808880.4820218987, 808880.4820218987, 808880.4820218987, 808880.4820218987, 808880.4820218987, 808880.4820218987, 808880.4820218987, 808880.4820218987, 808880.4820218987, 808880.4820218987, 808880.4820218987, 808880.4820218987, 808880.4820218987, 808880.4820218987, 808880.4820218987, 808880.4820218987, 808880.4820218987, 808880.4820218987, 808880.4820218987, 808880.4820218987, 808880.4820218987, 808880.4820218987, 808880.4820218987, 808880.4820218987, 808880.4820218987, 808880.4820218987, 808880.4820218987, 810324.0, 810324.0, 810324.0, 810324.0, 810324.0, 810324.0, 810324.0, 810324.0, 810324.0, 810324.0, 810324.0, 810324.0, 810324.0, 810171.8820150505, 810171.8820150505, 810171.8820150505, 810171.8820150505, 810171.8820150505, 810171.8820150505, 810171.8820150505, 810171.8820150505, 810171.8820150505, 810171.8820150505, 810171.8820150505, 810171.8820150505, 810171.8820150505, 810171.8820150505, 810171.8820150505, 810171.8820150505, 810171.8820150505, 810171.8820150505, 810171.8820150505, 810171.8820150505, 810171.8820150505, 810171.8820150505, 810171.8820150505, 810171.8820150505, 810171.8820150505, 810171.8820150505, 810171.8820150505, 810171.8820150505, 810171.8820150505, 810171.8820150505, 810171.8820150505, 810171.8820150505, 810171.8820150505, 810171.8820150505, 810171.8820150505, 810171.8820150505, 810171.8820150505, 810171.8820150505, 810171.8820150505, 810171.8820150505, 810171.8820150505, 810171.8820150505, 810171.8820150505, 810324.0, 810324.0, 810324.0, 810324.0, 810324.0, 810324.0, 810324.0, 810324.0, 810324.0, 810324.0, 810324.0, 810324.0, 810324.0, 810324.0, 810324.0, 810324.0, 810324.0, 810324.0, 810324.0, 810324.0, 810324.0, 810324.0, 810324.0, 810324.0, 810324.0, 810324.0, 810324.0, 810324.0, 810324.0, 810324.0, 810324.0, 810324.0, 810324.0, 810324.0, 810324.0, 810324.0, 810324.0, 810324.0, 810324.0, 810324.0, 810324.0, 810324.0, 810324.0, 810324.0, 810324.0, 810324.0, 810324.0, 810324.0, 810324.0, 810324.0, 810324.0, 810324.0, 810324.0, 810324.0, 810324.0, 810324.0, 810324.0, 810324.0, 810324.0, 810324.0, 810324.0, 810324.0, 810324.0, 810324.0, 810324.0, 810324.0, 810324.0, 810324.0, 810324.0, 810324.0, 810324.0, 810324.0, 810324.0, 810324.0, 810324.0, 810324.0, 810324.0, 810324.0, 810324.0, 810324.0, 810324.0, 810324.0, 810324.0, 810324.0, 810324.0, 810324.0, 810324.0, 810324.0, 810324.0, 810324.0, 810324.0, 810324.0, 810324.0, 810324.0, 810324.0, 810324.0, 810324.0, 810324.0, 810324.0, 810324.0, 810324.0, 810324.0, 810324.0, 810324.0, 810324.0, 810324.0, 810324.0, 810324.0, 810324.0, 810324.0, 810324.0, 810324.0, 810324.0, 810324.0, 810324.0, 810324.0, 810324.0, 810324.0, 810324.0, 810324.0, 810324.0, 810324.0, 810324.0, 810324.0, 810324.0, 810324.0, 810324.0, 810324.0, 810324.0, 810324.0, 810324.0, 810324.0, 810324.0, 810324.0, 810324.0, 810324.0, 810324.0, 810324.0, 810324.0, 810324.0, 810324.0, 810324.0, 810324.0, 810324.0, 810324.0, 810324.0, 810324.0, 810324.0, 810324.0, 810324.0, 810324.0, 810324.0, 810324.0, 810324.0, 810324.0, 810324.0, 810324.0, 810324.0, 810324.0, 810324.0, 810324.0, 810324.0, 810324.0, 810324.0, 810324.0, 810324.0, 810324.0, 810324.0, 810324.0, 810324.0, 810324.0, 810324.0, 810324.0, 810324.0, 810324.0, 810324.0, 810324.0, 810324.0, 810324.0, 810324.0, 810324.0, 810324.0, 810324.0, 810324.0, 810324.0, 810324.0, 810324.0, 810324.0, 810324.0, 810324.0, 810324.0, 810324.0, 810324.0, 810324.0, 810324.0, 810324.0, 810324.0, 810324.0, 810324.0, 810324.0, 810324.0, 810324.0, 810324.0, 810324.0, 810324.0, 810324.0, 810324.0, 810324.0, 810324.0, 810324.0, 810324.0, 810324.0, 810324.0, 810324.0, 810324.0, 810324.0, 810324.0, 810324.0, 810324.0, 810324.0, 810324.0, 810324.0, 810324.0, 810324.0, 810324.0, 810324.0, 810324.0, 810324.0, 810324.0, 810324.0, 810324.0, 810324.0, 810324.0, 810324.0, 810324.0, 810324.0, 810324.0, 810324.0, 810324.0, 810324.0, 810324.0, 810324.0, 810324.0, 810324.0, 810324.0, 810324.0, 810324.0, 810324.0, 810324.0, 810324.0, 810324.0, 810324.0, 810324.0, 810324.0, 810324.0, 810324.0, 810324.0, 810324.0, 810324.0, 810324.0, 810324.0, 810324.0, 810324.0, 810324.0, 810324.0, 810324.0, 810324.0, 810324.0, 810324.0, 810324.0, 810324.0, 810324.0, 810324.0, 810324.0, 810324.0, 810324.0, 810324.0, 810324.0, 810324.0, 810324.0, 810324.0, 810324.0, 810324.0, 810324.0, 810324.0, 810324.0, 810324.0, 810324.0, 810324.0, 810324.0, 810324.0, 810324.0, 810324.0, 810324.0, 810324.0, 810324.0, 810324.0, 810324.0, 810324.0, 810324.0, 810324.0, 810324.0, 810324.0, 810324.0, 810324.0, 810324.0, 810324.0, 810324.0, 810324.0, 810324.0, 810324.0, 810324.0, 810324.0, 810324.0, 810324.0, 810324.0, 810324.0, 810324.0, 810324.0, 810324.0, 810324.0, 810324.0, 810324.0, 810324.0, 810324.0, 810324.0, 810324.0, 810324.0, 810324.0, 810324.0, 810324.0, 810324.0, 810324.0, 810324.0, 810324.0, 810324.0, 810324.0, 810324.0, 810324.0, 810324.0, 810324.0, 810324.0, 810324.0, 810324.0, 810324.0, 810324.0, 810324.0, 810324.0, 810324.0, 810324.0, 810324.0, 810324.0, 810324.0, 810324.0, 810324.0, 810324.0, 810324.0, 810324.0, 810324.0, 810324.0, 810324.0, 810324.0, 810324.0, 810324.0, 810324.0, 810252.0997882717, 810252.0997882717, 810252.0997882717, 810252.0997882717, 810252.0997882717, 810252.0997882717, 810252.0997882717, 810252.0997882717, 810252.0997882717, 810252.0997882717, 810252.0997882717, 810252.0997882717, 810252.0997882717, 810252.0997882717, 810252.0997882717, 810252.0997882717, 810252.0997882717, 810252.0997882717, 810252.0997882717, 810252.0997882717, 810252.0997882717, 810252.0997882717, 810252.0997882717, 810252.0997882717, 810252.0997882717, 810252.0997882717, 810252.0997882717, 810252.0997882717, 810252.0997882717, 810252.0997882717, 810252.0997882717, 810252.0997882717, 810252.0997882717, 810252.0997882717, 810252.0997882717, 810252.0997882717, 810252.0997882717, 810252.0997882717, 810252.0997882717, 810252.0997882717, 810252.0997882717, 810252.0997882717, 810324.0, 810324.0, 810324.0, 810324.0, 810324.0, 810324.0, 810324.0, 810324.0, 810324.0, 810324.0, 810324.0, 810324.0, 810324.0, 810324.0, 810324.0, 810324.0, 810324.0, 810324.0, 810324.0, 810324.0, 810324.0, 810324.0, 810324.0, 810324.0, 810324.0, 810324.0, 810324.0, 810324.0, 810324.0, 810324.0, 810324.0, 810324.0, 810324.0, 810324.0, 810324.0, 810324.0, 810324.0, 810324.0, 810324.0, 810324.0, 810324.0, 810324.0, 810324.0, 810324.0, 810324.0, 810324.0, 810324.0, 810324.0, 810324.0, 810324.0, 810324.0, 810324.0, 810324.0, 810324.0, 810324.0, 810324.0, 810324.0, 810324.0, 810324.0, 810324.0, 810324.0, 810324.0, 810324.0, 810324.0, 810324.0, 810324.0, 810324.0, 810324.0, 810324.0, 810324.0, 810324.0, 810324.0, 810324.0, 810324.0, 810324.0, 810324.0, 810324.0, 810324.0, 810324.0, 810324.0, 810324.0, 810324.0, 810324.0, 810324.0, 810324.0, 810324.0, 810324.0, 810324.0, 810324.0, 810324.0, 810324.0, 810324.0, 810324.0, 810324.0, 810324.0, 810324.0, 810324.0, 810324.0, 810324.0, 810324.0, 810324.0, 810324.0, 810324.0, 810324.0, 810324.0, 810324.0, 810324.0, 810324.0, 810324.0, 810324.0, 810324.0, 810324.0, 810324.0, 810324.0, 810324.0, 810324.0, 810324.0, 810324.0, 810324.0, 810324.0, 810324.0, 810324.0, 810324.0, 810324.0, 810324.0, 810324.0, 810324.0, 810324.0, 810324.0, 810324.0, 810324.0, 810324.0, 810324.0, 810324.0, 810324.0, 810324.0, 810324.0, 810324.0, 810324.0, 810324.0, 810324.0, 810324.0, 810324.0, 810324.0, 810324.0, 810324.0, 810324.0, 810324.0, 810324.0, 810324.0, 810324.0, 810324.0, 810324.0, 810324.0, 810324.0, 810324.0, 810324.0, 810324.0, 810324.0, 810324.0, 810324.0, 810324.0, 810324.0, 810324.0, 810324.0, 810324.0, 810324.0, 810324.0, 810324.0, 810324.0, 810324.0, 810324.0, 810324.0, 810324.0, 810324.0, 810324.0, 810324.0, 810324.0, 810324.0, 810324.0, 810324.0, 810324.0, 810324.0, 810324.0, 810324.0, 808636.3266155387, 808636.3266155387, 808636.3266155387, 808636.3266155387, 808636.3266155387, 808636.3266155387, 808636.3266155387, 808636.3266155387, 808636.3266155387, 808636.3266155387, 808636.3266155387, 808636.3266155387, 808636.3266155387, 808636.3266155387, 808636.3266155387, 808636.3266155387, 808636.3266155387, 808636.3266155387, 808636.3266155387, 808636.3266155387, 808636.3266155387, 808636.3266155387, 808636.3266155387, 808636.3266155387, 808636.3266155387, 808636.3266155387, 808636.3266155387, 808636.3266155387, 808636.3266155387, 808636.3266155387, 808636.3266155387, 808636.3266155387, 808636.3266155387, 808636.3266155387, 808970.5030756554, 810324.0, 810324.0, 810324.0, 810324.0, 810324.0, 810324.0, 810324.0, 810324.0, 810324.0, 810324.0, 810324.0, 810324.0, 810324.0, 810324.0, 810324.0, 810324.0, 810324.0, 810324.0, 810324.0, 810324.0, 810324.0, 810324.0, 810324.0, 810324.0, 810324.0, 810324.0, 810324.0, 810324.0, 810324.0, 810324.0, 810324.0, 810324.0, 810324.0, 810324.0, 810324.0, 810324.0, 810324.0, 810324.0, 810324.0, 810324.0, 810324.0, 810324.0, 810324.0, 810324.0, 810324.0, 810324.0, 810324.0, 810324.0, 810324.0, 810324.0, 810324.0, 810324.0, 810324.0, 810324.0, 810324.0, 810324.0, 810324.0, 810324.0, 810324.0, 810324.0, 810324.0, 810324.0, 810324.0, 810324.0, 810324.0, 810324.0, 810324.0, 810324.0, 810324.0, 810324.0, 810324.0, 810324.0, 810324.0, 810324.0, 810324.0, 810324.0, 810324.0, 810324.0, 810324.0, 810324.0, 810324.0, 810324.0, 810324.0, 810324.0, 810324.0, 810324.0, 810324.0, 810324.0, 810324.0, 810324.0, 810324.0, 810324.0, 810324.0, 810324.0, 810324.0, 810324.0, 810324.0, 810324.0, 810324.0, 810324.0, 810324.0, 810324.0, 810324.0, 810324.0, 810324.0, 810324.0, 810324.0, 810324.0, 810324.0, 810324.0, 810324.0, 810324.0, 810324.0, 810324.0, 810324.0, 810324.0, 810324.0, 810324.0, 810324.0, 810324.0, 810324.0, 810324.0, 810324.0, 810324.0, 810324.0, 810324.0, 810324.0, 810324.0, 810324.0, 810324.0, 810324.0, 810324.0, 810324.0, 810324.0, 810324.0, 810324.0, 810324.0, 810324.0, 810324.0, 810324.0, 810324.0, 810324.0, 810324.0, 810324.0, 810324.0, 810324.0, 810324.0, 809706.160295822, 809706.160295822, 809706.160295822, 809706.160295822, 809706.160295822, 809706.160295822, 809706.160295822, 809706.160295822, 809706.160295822, 809706.160295822, 809706.160295822, 809706.160295822, 809706.160295822, 809706.160295822, 809706.160295822, 809706.160295822, 809706.160295822, 809706.160295822, 809706.160295822, 809706.160295822, 809706.160295822, 809706.160295822, 809706.160295822, 809706.160295822, 809706.160295822, 809706.160295822, 809706.160295822, 809706.160295822, 809706.160295822, 809706.160295822, 809706.160295822, 809706.160295822, 809706.160295822, 810022.4115326385, 810022.4115326385, 810257.3345185411, 810257.3345185411, 810257.3345185411, 810257.3345185411, 810324.0, 810324.0, 810324.0, 810324.0, 810324.0, 810324.0, 810324.0, 810324.0, 810324.0, 810324.0, 810324.0, 810324.0, 810324.0, 810324.0, 810324.0, 810324.0, 810324.0, 810324.0, 810324.0, 810324.0, 810324.0, 810324.0, 810324.0, 810324.0, 810324.0, 810324.0, 810324.0, 810324.0, 810324.0, 810324.0, 810324.0, 810324.0, 810324.0, 810324.0, 810324.0, 810324.0, 810324.0, 810324.0, 810324.0, 810324.0, 810324.0, 810324.0, 810324.0, 810324.0, 810324.0, 810324.0, 810324.0, 810324.0, 810324.0, 810324.0, 810324.0, 810324.0, 810324.0, 810324.0, 810324.0, 810324.0, 810324.0, 810324.0, 810324.0, 810324.0, 810324.0, 810324.0, 810324.0, 810324.0, 810324.0, 810324.0, 810324.0, 810324.0, 810324.0, 810324.0, 810324.0, 810324.0, 810324.0, 810324.0, 810324.0, 810324.0, 810324.0, 810324.0, 810324.0, 810324.0, 810324.0, 810324.0, 810324.0, 810324.0, 810324.0, 810324.0, 810324.0, 810324.0, 810324.0, 810324.0, 810324.0, 810324.0, 810324.0, 810324.0, 810324.0, 810324.0, 810324.0, 810324.0, 810324.0, 810324.0, 810324.0, 810324.0, 810324.0, 810324.0, 810324.0, 810324.0, 810324.0, 810324.0, 810324.0, 810324.0, 810324.0, 810324.0, 810324.0, 810324.0, 810324.0, 810324.0, 810324.0, 810324.0, 810324.0, 810324.0, 810324.0, 810324.0, 810324.0, 810324.0, 810324.0, 810324.0, 810324.0, 810324.0, 810324.0, 810324.0, 810324.0, 810324.0, 810324.0, 810324.0, 810324.0, 810324.0, 810324.0, 810324.0, 810324.0, 810324.0, 810324.0, 810324.0, 810324.0, 810324.0, 810324.0, 810324.0, 810324.0, 810324.0, 810324.0, 810324.0, 810324.0, 810324.0, 810324.0, 810324.0, 810324.0, 810324.0, 810324.0, 810324.0, 810324.0, 810324.0, 810324.0, 810324.0, 810324.0, 810324.0, 810324.0, 810324.0, 810324.0, 810324.0, 810324.0, 810324.0, 810324.0, 810324.0, 810324.0, 810324.0, 810324.0, 810324.0, 810324.0, 810324.0, 810324.0, 810324.0, 810324.0, 810324.0, 810324.0, 810324.0, 810324.0, 810324.0, 810324.0, 810324.0, 810324.0, 810324.0, 810324.0, 810324.0, 810324.0, 810324.0, 810324.0, 810324.0, 810324.0, 810324.0, 810324.0, 810324.0, 810324.0, 810324.0, 810324.0, 810324.0, 810324.0, 810324.0, 810324.0, 810324.0, 810324.0, 810324.0, 810324.0, 810324.0, 810324.0, 810324.0, 810324.0, 810324.0, 810324.0, 810324.0, 810324.0, 810324.0, 810324.0, 810324.0, 810324.0, 810324.0, 810324.0, 810324.0, 810324.0, 810324.0, 810324.0, 810324.0, 810324.0, 810324.0, 810324.0, 797403.754357248, 797403.754357248, 797403.754357248, 797403.754357248, 797403.754357248, 797403.754357248, 797403.754357248, 797403.754357248, 797403.754357248, 797403.754357248, 797403.754357248, 797403.754357248, 797403.754357248, 797403.754357248, 797403.754357248, 797403.754357248, 797403.754357248, 797403.754357248, 797403.754357248, 797403.754357248, 797403.754357248, 797403.754357248, 797403.754357248, 797403.754357248, 797403.754357248, 797403.754357248, 797403.754357248, 797403.754357248, 797403.754357248, 797403.754357248, 809669.8727493795, 809669.8727493795, 809669.8727493795, 809669.8727493795, 809669.8727493795, 809669.8727493795, 809669.8727493795, 809669.8727493795, 809669.8727493795, 809669.8727493795, 809669.8727493795, 809669.8727493795, 809669.8727493795, 810324.0, 810324.0, 810324.0, 810324.0, 810324.0, 810324.0, 810324.0, 810324.0, 810324.0, 810324.0, 810324.0, 810324.0, 810324.0, 810324.0, 810324.0, 810324.0, 810324.0, 810324.0, 810324.0, 810324.0, 810324.0, 810324.0, 810324.0, 810324.0, 810324.0, 810324.0, 810324.0, 810324.0, 810324.0, 810324.0, 810324.0, 810324.0, 810324.0, 810324.0, 810324.0, 810324.0, 810324.0, 810324.0, 810324.0, 810324.0, 810324.0, 810324.0, 810324.0, 810324.0, 810324.0, 810324.0, 810324.0, 810324.0, 810324.0, 810324.0, 810324.0, 810324.0, 810324.0, 810324.0, 810324.0, 810324.0, 810324.0, 810324.0, 810324.0, 810324.0, 810324.0, 810324.0, 810324.0, 810324.0, 810324.0, 810324.0, 810324.0, 810324.0, 810324.0, 810324.0, 810324.0, 810324.0, 810324.0, 810324.0, 810324.0, 810324.0, 810324.0, 810324.0, 810324.0, 810324.0, 810324.0, 810324.0, 810324.0, 810324.0, 810324.0, 810324.0, 810324.0, 810324.0, 810324.0, 810324.0, 810324.0, 810324.0, 810324.0, 810324.0, 810324.0, 810324.0, 810324.0, 810324.0, 810324.0, 810324.0, 810324.0, 810324.0, 810324.0, 810324.0, 810324.0, 810324.0, 810324.0, 810324.0, 810324.0, 810324.0, 810324.0, 810324.0, 810324.0, 810324.0, 810324.0, 810324.0, 810324.0, 810324.0, 810324.0, 810324.0, 810324.0, 810324.0, 810324.0, 810324.0, 810324.0, 810324.0, 810324.0, 810324.0, 810324.0, 810324.0, 810324.0, 810324.0, 810324.0, 810324.0, 810324.0, 810324.0, 810324.0, 810324.0, 810324.0, 800124.5574767006, 800124.5574767006, 800124.5574767006, 800124.5574767006, 800124.5574767006, 800124.5574767006, 800124.5574767006, 800124.5574767006, 800124.5574767006, 800124.5574767006, 800124.5574767006, 800124.5574767006, 800124.5574767006, 800124.5574767006, 800124.5574767006, 800124.5574767006, 800124.5574767006, 800124.5574767006, 800124.5574767006, 800124.5574767006, 800124.5574767006, 800124.5574767006, 800124.5574767006, 800124.5574767006, 800124.5574767006, 800124.5574767006, 800124.5574767006, 800124.5574767006, 800124.5574767006, 800124.5574767006, 800124.5574767006, 800124.5574767006, 800124.5574767006, 806620.1504759878, 806850.9425487312, 806850.9425487312, 806850.9425487312, 806850.9425487312, 809785.0207955398, 809785.0207955398, 809851.1420157095, 810034.4298083533, 810324.0, 810324.0, 810324.0, 810324.0, 810324.0, 810324.0, 810324.0, 810324.0, 810324.0, 810324.0, 810324.0, 810324.0, 810324.0, 810324.0, 810324.0, 810324.0, 810324.0, 810324.0, 810324.0, 810324.0, 810324.0, 810324.0, 810324.0, 810324.0, 810324.0, 810324.0, 810324.0, 810324.0, 810324.0, 810324.0, 810324.0, 810324.0, 810324.0, 810324.0, 810324.0, 810324.0, 810324.0, 810324.0, 810324.0, 810324.0, 810324.0, 810324.0, 810324.0, 810324.0, 810324.0, 810324.0, 810324.0, 810324.0, 810324.0, 810324.0, 810324.0, 810324.0, 810324.0, 810324.0, 810324.0, 810324.0, 810324.0, 810324.0, 810324.0, 810324.0, 810324.0, 810324.0, 810324.0, 810324.0, 810324.0, 810324.0, 810324.0, 810324.0, 810324.0, 810324.0, 810324.0, 810324.0, 810324.0, 810324.0, 810324.0, 810324.0, 810324.0, 810324.0, 810324.0, 810324.0, 810324.0, 810324.0, 810324.0, 810324.0, 810324.0, 810324.0, 810324.0, 810324.0, 810324.0, 810324.0, 810324.0, 810324.0, 810324.0, 810324.0, 810324.0, 810324.0, 810324.0, 810324.0, 810324.0, 810324.0, 810324.0, 810324.0, 810324.0, 810324.0, 810324.0, 810324.0, 810324.0, 810324.0, 810324.0, 810324.0, 810324.0, 810324.0, 810324.0, 810324.0, 810324.0, 810324.0, 810324.0, 810324.0, 810324.0, 810324.0, 810324.0, 810324.0, 810324.0, 810324.0, 810324.0, 810324.0, 810324.0, 810324.0, 810324.0, 810324.0, 810324.0, 810324.0, 810324.0, 810324.0, 810324.0, 810324.0, 810324.0, 810324.0, 810324.0, 810324.0, 810324.0, 810324.0, 810324.0, 810324.0, 810324.0, 810324.0, 810324.0, 810324.0, 810324.0, 810324.0, 810324.0, 810324.0, 810324.0, 810324.0, 810324.0, 810324.0, 810324.0, 810324.0, 810324.0, 810324.0, 810324.0, 810324.0, 810324.0, 810324.0, 810324.0, 810324.0, 810324.0, 810324.0, 810324.0, 810324.0, 810324.0, 810324.0, 810324.0, 810324.0, 810324.0, 810324.0, 810324.0, 810324.0, 810324.0, 810324.0, 810324.0, 810324.0, 810324.0, 810324.0, 810324.0, 810158.7188914835, 810158.7188914835, 810158.7188914835, 810158.7188914835, 810158.7188914835, 810158.7188914835, 810158.7188914835, 810158.7188914835, 810158.7188914835, 810158.7188914835, 810158.7188914835, 810158.7188914835, 810158.7188914835, 810158.7188914835, 810158.7188914835, 810158.7188914835, 810158.7188914835, 810158.7188914835, 810158.7188914835, 810158.7188914835, 810158.7188914835, 810158.7188914835, 810158.7188914835, 810158.7188914835, 810158.7188914835, 810158.7188914835, 810158.7188914835, 810158.7188914835, 810158.7188914835, 810158.7188914835, 810158.7188914835, 810158.7188914835, 810158.7188914835, 810324.0, 810324.0, 810324.0, 810324.0, 810324.0, 810324.0, 810324.0, 810324.0, 810324.0, 810324.0, 810324.0, 810324.0, 810324.0, 810324.0, 810324.0, 810324.0, 810324.0, 810324.0, 810324.0, 810324.0, 810324.0, 810324.0, 810324.0, 810324.0, 810324.0, 810324.0, 810324.0, 810324.0, 810324.0, 810324.0, 810324.0, 810324.0, 810324.0, 810324.0, 810324.0, 810324.0, 810324.0, 810324.0, 810324.0, 810324.0, 810324.0, 810324.0, 810324.0, 810324.0, 810324.0, 810324.0, 810324.0, 810324.0, 810324.0, 810324.0, 810324.0, 810324.0, 810324.0, 810324.0, 810324.0, 810324.0, 810324.0, 810324.0, 810324.0, 
30770.89418925758, 30770.89418925758, 18582.884510255717, 18582.884510255717, 16111.891454782452, 16053.872690586206, 8838.209480920083, 6175.578604539278, 6175.578604539278, 6175.578604539278, 6175.578604539278, 4765.571764748366, 4217.826484821742, 4217.826484821742, 4217.826484821742, 2535.176008846074, 1254.4523936979965, 1254.4523936979965, 1254.4523936979965, 1254.4523936979965, 281.33702709728806, 281.33702709728806, 281.33702709728806, 281.33702709728806, 281.33702709728806, 281.33702709728806, 281.33702709728806, 281.33702709728806, 266.83146110235106, 191.25387828294612, 191.25387828294612, 191.25387828294612, 191.25387828294612, 191.25387828294612, 191.25387828294612, 128.74764078637781, 128.74764078637781, 109.85582003083437, 109.85582003083437, 109.85582003083437, 109.85582003083437, 99.06416892379623, 99.06416892379623, 68.3646862393222, 68.3646862393222, 68.3646862393222, 68.3646862393222, 68.3646862393222, 68.3646862393222, 68.3646862393222, 68.3646862393222, 68.3646862393222, 67.9995429400837, 67.9995429400837, 67.9995429400837, 63.12543604131843, 50.99260416979004, 50.99260416979004, 50.99260416979004, 25.72800965175052, 25.72800965175052, 25.72800965175052, 25.72800965175052, 25.72800965175052, 25.72800965175052, 25.72800965175052, 25.72800965175052, 25.72800965175052, 25.72800965175052, 25.72800965175052, 24.73125725722224, 24.73125725722224, 24.73125725722224, 24.73125725722224, 19.049328868980552, 19.049328868980552, 17.56117047756111, 17.56117047756111, 17.56117047756111, 17.56117047756111, 12.937199685823138, 12.937199685823138, 12.937199685823138, 12.937199685823138, 12.937199685823138, 11.747620414575703, 11.747620414575703, 11.747620414575703, 11.747620414575703, 11.104652497245784, 11.104652497245784, 200004.19289301682, 290839.2917303576, 290839.2917303576, 290839.2917303576, 328676.725498242, 305486.8223160344, 305486.8223160344, 305486.8223160344, 393626.9873679408, 393626.9873679408, 393626.9873679408, 341706.30401135754, 442201.84812123724, 429149.34730337595, 481142.17291650444, 481142.17291650444, 481142.17291650444, 600489.13830426, 643942.0651401536, 617335.0339078688, 617335.0339078688, 617335.0339078688, 617335.0339078688, 656812.4755058916, 709852.1561811023, 709852.1561811023, 709852.1561811023, 731057.9864207131, 731057.9864207131, 731758.8167726406, 765689.1930867606, 779635.968612907, 788907.1404784949, 788907.1404784949, 799142.1785495898, 802724.5286929393, 802724.5286929393, 802943.0069528795, 802943.0069528795, 807134.0256983251, 810070.8385665386, 810080.9949684051, 810080.9949684051, 810237.5144033781, 810237.5144033781, 810237.5144033781, 810237.5144033781, 810237.5144033781, 810237.5144033781, 810237.5144033781, 810237.5144033781, 810237.5144033781, 810237.5144033781, 810237.5144033781, 810237.5144033781, 810237.5144033781, 810237.5144033781, 810237.5144033781, 810237.5144033781, 810237.5144033781, 810237.5144033781, 810237.5144033781, 810237.5144033781, 810237.5144033781, 810237.5144033781, 810237.5144033781, 810237.5144033781, 810237.5144033781, 810237.5144033781, 810237.5144033781, 810237.5144033781, 810237.5144033781, 810237.5144033781, 810237.5144033781, 810237.5144033781, 810237.5144033781, 810237.5144033781, 810324.0, 810324.0, 810324.0, 810324.0, 810324.0, 810324.0, 810324.0, 810324.0, 810324.0, 810324.0, 810324.0, 810324.0, 810324.0, 810324.0, 810324.0, 810324.0, 810324.0, 810324.0, 810324.0, 810324.0, 810324.0, 810324.0, 810324.0, 810324.0, 810324.0, 810324.0, 810324.0, 810324.0, 810324.0, 810324.0, 810324.0, 810324.0, 810324.0, 810324.0, 810324.0, 810324.0, 810324.0, 810324.0, 810324.0, 810324.0, 810324.0, 810324.0, 810324.0, 810324.0, 810324.0, 810324.0, 810324.0, 810324.0, 810324.0, 810324.0, 810324.0, 810324.0, 810324.0, 810324.0, 810324.0, 810324.0, 810324.0, 810324.0, 810324.0, 810324.0, 810324.0, 810324.0, 810324.0, 810324.0, 810324.0, 810324.0, 810324.0, 810324.0, 810324.0, 810324.0, 810324.0, 810324.0, 810324.0, 810324.0, 810324.0, 810324.0, 810324.0, 810324.0, 810324.0, 810324.0, 810324.0, 810324.0, 810324.0, 810324.0, 810324.0, 810324.0, 810324.0, 810324.0, 810324.0, 810324.0, 810324.0, 810324.0, 810324.0, 810324.0, 810324.0, 810324.0, 810324.0, 810324.0, 810324.0, 810324.0, 810324.0, 810324.0, 810324.0, 810324.0, 810324.0, 810324.0, 810324.0, 810324.0, 810324.0, 810324.0, 810324.0, 810324.0, 810324.0, 810324.0, 810324.0, 810324.0, 810324.0, 810324.0, 810324.0, 810324.0, 810324.0, 810324.0, 810324.0, 810324.0, 810324.0, 810324.0, 810324.0, 810324.0, 810324.0, 810324.0, 810324.0, 810324.0, 810324.0, 810324.0, 810324.0, 810324.0, 810324.0, 810324.0, 810324.0, 810324.0, 810324.0, 810324.0, 810324.0, 810324.0, 810324.0, 810324.0, 810324.0, 810324.0, 810324.0, 810324.0, 810324.0, 810324.0, 810324.0, 810324.0, 810324.0, 810324.0, 810324.0, 810324.0, 810324.0, 810324.0, 810324.0, 810324.0, 810324.0, 810324.0, 810324.0, 810324.0, 810324.0, 810324.0, 810324.0, 810324.0, 810324.0, 810324.0, 810324.0, 810324.0, 810324.0, 810324.0, 810324.0, 810324.0, 810324.0, 810324.0, 810324.0, 810324.0, 810324.0, 810324.0, 810324.0, 810324.0, 810324.0, 810324.0, 810324.0, 810324.0, 810324.0, 810324.0, 810324.0, 810324.0, 810324.0, 810324.0, 810324.0, 810324.0, 810324.0, 810324.0, 810324.0, 810324.0, 810324.0, 810324.0, 810324.0, 810324.0, 810324.0, 810324.0, 810324.0, 810324.0, 810324.0, 810324.0, 810324.0, 810324.0, 810324.0, 810324.0, 810324.0, 810324.0, 810324.0, 810324.0, 810324.0, 810324.0, 810324.0, 810324.0, 810324.0, 810324.0, 810324.0, 810324.0, 810324.0, 810324.0, 810324.0, 810324.0, 810324.0, 810324.0, 810324.0, 810324.0, 810324.0, 810324.0, 810324.0, 810324.0, 810324.0, 810324.0, 810324.0, 810324.0, 810324.0, 810324.0, 810324.0, 810324.0, 810324.0, 810324.0, 810324.0, 810324.0, 810324.0, 810324.0, 810324.0, 810324.0, 810324.0, 810324.0, 810324.0, 810324.0, 810324.0, 810324.0, 810324.0, 810324.0, 810324.0, 810324.0, 810324.0, 810324.0, 810324.0, 810324.0, 810324.0, 810324.0, 810324.0, 810324.0, 810324.0, 810324.0, 810324.0, 810324.0, 810324.0, 810324.0, 810324.0, 810324.0, 810324.0, 810324.0, 810324.0, 810324.0, 810324.0, 810324.0, 810324.0, 810324.0, 810324.0, 810324.0, 810324.0, 810324.0, 810324.0, 810324.0, 810324.0, 810324.0, 810324.0, 810324.0, 810324.0, 810324.0, 810324.0, 810324.0, 810324.0, 810324.0, 810324.0, 810324.0, 810324.0, 810324.0, 810324.0, 810324.0, 810324.0, 810324.0, 810324.0, 810324.0, 810324.0, 810324.0, 810324.0, 810324.0, 810324.0, 810324.0, 810324.0, 810324.0, 810324.0, 810324.0, 810324.0, 810324.0, 810324.0, 810324.0, 810324.0, 810324.0, 810324.0, 810324.0, 810324.0, 810324.0, 810324.0, 810324.0, 810324.0, 810324.0, 810324.0, 810324.0, 810324.0, 810324.0, 810324.0, 810324.0, 810324.0, 810324.0, 810324.0, 810324.0, 810324.0, 810324.0, 810324.0, 810324.0, 810324.0, 810324.0, 810324.0, 810324.0, 810324.0, 810324.0, 810324.0, 810324.0, 810324.0, 810324.0, 810324.0, 810324.0, 810324.0, 810324.0, 810324.0, 810324.0, 810324.0, 810324.0, 810324.0, 810324.0, 810324.0, 810324.0, 810324.0, 810324.0, 810324.0, 810324.0, 810324.0, 810324.0, 810324.0, 810324.0, 810324.0, 810324.0, 810324.0, 810324.0, 810324.0, 810324.0, 810324.0, 810324.0, 810324.0, 810324.0, 810324.0, 810324.0, 810324.0, 810324.0, 810324.0, 810324.0, 810324.0, 810324.0, 810324.0, 810324.0, 810324.0, 810324.0, 810324.0, 810324.0, 810324.0, 810324.0, 810324.0, 810324.0, 810324.0, 810324.0, 810324.0, 810324.0, 810324.0, 810324.0, 810324.0, 810324.0, 810324.0, 810324.0, 807999.435399115, 807999.435399115, 807999.435399115, 807999.435399115, 807999.435399115, 807999.435399115, 807999.435399115, 807999.435399115, 807999.435399115, 807999.435399115, 807999.435399115, 807999.435399115, 807999.435399115, 807999.435399115, 807999.435399115, 807999.435399115, 807999.435399115, 807999.435399115, 807999.435399115, 807999.435399115, 807999.435399115, 807999.435399115, 807999.435399115, 807999.435399115, 807999.435399115, 807999.435399115, 807999.435399115, 807999.435399115, 807999.435399115, 807999.435399115, 807999.435399115, 810324.0, 810324.0, 810324.0, 810324.0, 810324.0, 810324.0, 810324.0, 810324.0, 810324.0, 810324.0, 810324.0, 810324.0, 810324.0, 810324.0, 810324.0, 810324.0, 810324.0, 810324.0, 810324.0, 810324.0, 810324.0, 810324.0, 810324.0, 810324.0, 810324.0, 810324.0, 810324.0, 810324.0, 810324.0, 810324.0, 810324.0, 810324.0, 810324.0, 810324.0, 810324.0, 810324.0, 810324.0, 810324.0, 810324.0, 810324.0, 810324.0, 810324.0, 810324.0, 810324.0, 810324.0, 810324.0, 810324.0, 810324.0, 810324.0, 810324.0, 810324.0, 810324.0, 810324.0, 810324.0, 810324.0, 810324.0, 810324.0, 810324.0, 810324.0, 810324.0, 809666.9643174661, 809666.9643174661, 809666.9643174661, 809666.9643174661, 809666.9643174661, 809666.9643174661, 809666.9643174661, 809666.9643174661, 809666.9643174661, 809666.9643174661, 809666.9643174661, 809666.9643174661, 809666.9643174661, 809666.9643174661, 809666.9643174661, 809666.9643174661, 809666.9643174661, 809666.9643174661, 809666.9643174661, 809666.9643174661, 809666.9643174661, 809666.9643174661, 809666.9643174661, 809666.9643174661, 809666.9643174661, 809666.9643174661, 809666.9643174661, 809666.9643174661, 809666.9643174661, 809666.9643174661, 809666.9643174661, 809666.9643174661, 809666.9643174661, 809666.9643174661, 809666.9643174661, 809666.9643174661, 809666.9643174661, 809666.9643174661, 809666.9643174661, 809666.9643174661, 809666.9643174661, 809666.9643174661, 809666.9643174661, 810324.0, 810324.0, 810324.0, 810324.0, 810324.0, 810324.0, 810324.0, 810324.0, 810324.0, 810324.0, 810324.0, 810324.0, 810324.0, 810324.0, 810324.0, 810324.0, 810324.0, 810324.0, 810324.0, 810324.0, 810324.0, 810324.0, 810324.0, 810324.0, 810324.0, 810324.0, 810324.0, 810324.0, 810324.0, 810324.0, 810324.0, 810324.0, 810324.0, 810324.0, 810324.0, 810324.0, 810324.0, 810324.0, 810324.0, 810324.0, 810324.0, 810324.0, 810324.0, 810324.0, 810324.0, 810324.0, 810324.0, 810324.0, 810324.0, 810324.0, 810324.0, 810324.0, 810324.0, 810324.0, 810324.0, 810324.0, 810324.0, 810324.0, 810324.0, 810324.0, 810324.0, 810324.0, 810324.0, 810324.0, 810324.0, 810324.0, 810324.0, 810324.0, 810324.0, 810324.0, 810324.0, 810324.0, 810324.0, 810324.0, 810324.0, 810324.0, 810324.0, 810324.0, 810324.0, 810324.0, 810324.0, 810324.0, 810324.0, 810324.0, 810324.0, 810324.0, 810324.0, 810324.0, 810324.0, 810324.0, 810324.0, 810324.0, 810324.0, 810324.0, 810324.0, 810324.0, 810324.0, 810324.0, 810324.0, 810324.0, 810324.0, 810324.0, 810324.0, 810324.0, 810324.0, 810324.0, 810324.0, 810324.0, 810324.0, 810324.0, 810324.0, 810324.0, 810324.0, 810324.0, 810324.0, 810324.0, 810324.0, 810324.0, 810324.0, 810324.0, 810324.0, 810324.0, 810324.0, 810324.0, 810324.0, 810324.0, 810324.0, 810324.0, 810324.0, 810324.0, 810324.0, 810324.0, 810324.0, 810324.0, 810324.0, 810324.0, 810324.0, 810324.0, 810324.0, 810324.0, 810324.0, 810324.0, 810324.0, 810324.0, 810324.0, 810324.0, 810324.0, 810324.0, 810324.0, 810324.0, 810324.0, 810324.0, 810324.0, 810324.0, 810324.0, 810324.0, 810324.0, 810324.0, 810324.0, 810324.0, 810324.0, 810324.0, 810324.0, 810324.0, 810324.0, 810324.0, 810324.0, 810324.0, 810324.0, 810324.0, 810324.0, 810324.0, 810324.0, 810324.0, 810324.0, 810324.0, 810324.0, 810324.0, 810324.0, 810324.0, 810324.0, 810324.0, 810324.0, 810324.0, 810324.0, 810324.0, 810324.0, 810324.0, 810324.0, 810324.0, 810324.0, 810324.0, 810324.0, 810324.0, 810324.0, 810324.0, 810324.0, 810324.0, 810324.0, 810324.0, 810324.0, 810324.0, 810324.0, 810324.0, 810324.0, 810324.0, 810324.0, 810324.0, 810324.0, 810324.0, 810324.0, 810324.0, 810324.0, 810324.0, 810324.0, 810324.0, 810324.0, 810324.0, 810324.0, 810324.0, 810324.0, 810324.0, 810324.0, 810324.0, 810324.0, 810324.0, 810324.0, 810324.0, 810324.0, 808354.8005203959, 808354.8005203959, 808354.8005203959, 808354.8005203959, 808354.8005203959, 808354.8005203959, 808354.8005203959, 808354.8005203959, 808354.8005203959, 808354.8005203959, 808354.8005203959, 808354.8005203959, 808354.8005203959, 808354.8005203959, 808354.8005203959, 808354.8005203959, 808354.8005203959, 808354.8005203959, 808354.8005203959, 808354.8005203959, 808354.8005203959, 808354.8005203959, 808354.8005203959, 808354.8005203959, 808354.8005203959, 808354.8005203959, 808354.8005203959, 808354.8005203959, 808354.8005203959, 808354.8005203959, 808354.8005203959, 808354.8005203959, 808354.8005203959, 808354.8005203959, 808354.8005203959, 808354.8005203959, 808354.8005203959, 808354.8005203959, 808354.8005203959, 808354.8005203959, 808354.8005203959, 808354.8005203959, 808354.8005203959, 808354.8005203959, 808354.8005203959, 808354.8005203959, 804185.208988134, 804185.208988134, 804185.208988134, 804185.208988134, 804185.208988134, 804185.208988134, 804185.208988134, 804185.208988134, 804185.208988134, 804185.208988134, 804185.208988134, 804185.208988134, 804185.208988134, 804185.208988134, 804185.208988134, 804185.208988134, 804185.208988134, 804185.208988134, 804185.208988134, 804185.208988134, 804185.208988134, 804185.208988134, 804185.208988134, 804185.208988134, 804185.208988134, 804185.208988134, 804185.208988134, 804185.208988134, 804185.208988134, 804185.208988134, 804185.208988134, 804185.208988134, 804185.208988134, 804185.208988134, 804185.208988134, 806496.8071818736, 806496.8071818736, 806496.8071818736, 806496.8071818736, 806496.8071818736, 807084.6880004378, 807357.5873526693, 808043.0653349501, 808284.2303403636, 810324.0, 810324.0, 810324.0, 810324.0, 810324.0, 810324.0, 810324.0, 810324.0, 810324.0, 810324.0, 810324.0, 810324.0, 810324.0, 810324.0, 810324.0, 810324.0, 810324.0, 810324.0, 810324.0, 810324.0, 810324.0, 810324.0, 810324.0, 810324.0, 810324.0, 810324.0, 810324.0, 810324.0, 810324.0, 810324.0, 810324.0, 810324.0, 810324.0, 810324.0, 810324.0, 810324.0, 810324.0, 810324.0, 810324.0, 810324.0, 810324.0, 810324.0, 810324.0, 810324.0, 810324.0, 810324.0, 810324.0, 810324.0, 810324.0, 810324.0, 810324.0, 810324.0, 810324.0, 810324.0, 810324.0, 810324.0, 810324.0, 810324.0, 810324.0, 810324.0, 810324.0, 810324.0, 810324.0, 810324.0, 810324.0, 810324.0, 810324.0, 810324.0, 810324.0, 810324.0, 810324.0, 810324.0, 810324.0, 810324.0, 810324.0, 810324.0, 810324.0, 810324.0, 810324.0, 810324.0, 810324.0, 810324.0, 810324.0, 810324.0, 810324.0, 810324.0, 810324.0, 810324.0, 810324.0, 810324.0, 810324.0, 810324.0, 810324.0, 810324.0, 810324.0, 810324.0, 810324.0, 810324.0, 810324.0, 810324.0, 810324.0, 810324.0, 810324.0, 810324.0, 810324.0, 810324.0, 810324.0, 810324.0, 810324.0, 810324.0, 810324.0, 810324.0, 810324.0, 810324.0, 810324.0, 810324.0, 810324.0, 810324.0, 810324.0, 810324.0, 810324.0, 810324.0, 810324.0, 810324.0, 810324.0, 810324.0, 810324.0, 810324.0, 810324.0, 810324.0, 810324.0, 810324.0, 810324.0, 810324.0, 810324.0, 810324.0, 810324.0, 810324.0, 810324.0, 810324.0, 810324.0, 810324.0, 810324.0, 810324.0, 810324.0, 810324.0, 810324.0, 810324.0, 810324.0, 810324.0, 810324.0, 810324.0, 810324.0, 810324.0, 810324.0, 810324.0, 810324.0, 810324.0, 810324.0, 810324.0, 810324.0, 810324.0, 810324.0, 810324.0, 810324.0, 810324.0, 810324.0, 810324.0, 810324.0, 810324.0, 810324.0, 810324.0, 810324.0, 810324.0, 810324.0, 810324.0, 810324.0, 810324.0, 810324.0, 810324.0, 810324.0, 810324.0, 810324.0, 810324.0, 810324.0, 810324.0, 810324.0, 810324.0, 810324.0, 810324.0, 810324.0, 810324.0, 810324.0, 810324.0, 810324.0, 810324.0, 810324.0, 810324.0, 810324.0, 810324.0, 810324.0, 810324.0, 810324.0, 810324.0, 810324.0, 810324.0, 810324.0, 810324.0, 810324.0, 810324.0, 810324.0, 810324.0, 810324.0, 810324.0, 810324.0, 810324.0, 810324.0, 810324.0, 810324.0, 810324.0, 810324.0, 810324.0, 810324.0, 810324.0, 810324.0, 810324.0, 810324.0, 810324.0, 810324.0, 810324.0, 810324.0, 810324.0, 810324.0, 810324.0, 810324.0, 810324.0, 810324.0, 810324.0, 810324.0, 810324.0, 810324.0, 810324.0, 810324.0, 810324.0, 810324.0, 810324.0, 810324.0, 810324.0, 810324.0, 810324.0, 810324.0, 810324.0, 810324.0, 810324.0, 810324.0, 810324.0, 810324.0, 810324.0, 810324.0, 810324.0, 810324.0, 810324.0, 810324.0, 810324.0, 810324.0, 810324.0, 810324.0, 810324.0, 810324.0, 810324.0, 810324.0, 810324.0, 810324.0, 810324.0, 810324.0, 810324.0, 810324.0, 810324.0, 810324.0, 810324.0, 810324.0, 810324.0, 810324.0, 810324.0, 810324.0, 810324.0, 810324.0, 810324.0, 810324.0, 810324.0, 810324.0, 810324.0, 810324.0, 810324.0, 810324.0, 810324.0, 810324.0, 810324.0, 810324.0, 810324.0, 810324.0, 810324.0, 810324.0, 810324.0, 810324.0, 810324.0, 810324.0, 810324.0, 810324.0, 810324.0, 810324.0, 810324.0, 810324.0, 810324.0, 810324.0, 810324.0, 810324.0, 810324.0, 810324.0, 810324.0, 810324.0, 810324.0, 810324.0, 810324.0, 810324.0, 810324.0, 810324.0, 810324.0, 810324.0, 810324.0, 810324.0, 810324.0, 810324.0, 810324.0, 810324.0, 810324.0, 810324.0, 810324.0, 810324.0, 810324.0, 810324.0, 810324.0, 810324.0, 810324.0, 810324.0, 810324.0, 810324.0, 810324.0, 810324.0, 810324.0, 810324.0, 810324.0, 810324.0, 810324.0, 810324.0, 810324.0, 810324.0, 810324.0, 810324.0, 810324.0, 810324.0, 810324.0, 810324.0, 810324.0, 810324.0, 810324.0, 810324.0, 810324.0, 810324.0, 810324.0, 810324.0, 810324.0, 810324.0, 810324.0, 810324.0, 810324.0, 810324.0, 810324.0, 810324.0, 810324.0, 810324.0, 810324.0, 810324.0, 810324.0, 810324.0, 810324.0, 810324.0, 810324.0, 810324.0, 810324.0, 810324.0, 810324.0, 810324.0, 810324.0, 810324.0, 810324.0, 810324.0, 810324.0, 810324.0, 810324.0, 810324.0, 810324.0, 810324.0, 810324.0, 810324.0, 810324.0, 810324.0, 810324.0, 810324.0, 810324.0, 810324.0, 810324.0, 810324.0, 810324.0, 810324.0, 810324.0, 810324.0, 810324.0, 810324.0, 810324.0, 810324.0, 810324.0, 810324.0, 810324.0, 810324.0, 810324.0, 810324.0, 810324.0, 810324.0, 810324.0, 810324.0, 810324.0, 810324.0, 810324.0, 810324.0, 810324.0, 810324.0, 810324.0, 810324.0, 810324.0, 810324.0, 810324.0, 810324.0, 810324.0, 810324.0, 810324.0, 810324.0, 810324.0, 810324.0, 810324.0, 810324.0, 810324.0, 810324.0, 810324.0, 810324.0, 804577.2830445075, 804577.2830445075, 804577.2830445075, 804577.2830445075, 804577.2830445075, 804577.2830445075, 804577.2830445075, 804577.2830445075, 804577.2830445075, 804577.2830445075, 804577.2830445075, 804577.2830445075, 804577.2830445075, 804577.2830445075, 804577.2830445075, 804577.2830445075, 804577.2830445075, 804577.2830445075, 804577.2830445075, 804577.2830445075, 804577.2830445075, 804577.2830445075, 804577.2830445075, 804577.2830445075, 804577.2830445075, 804577.2830445075, 804577.2830445075, 804577.2830445075, 804577.2830445075, 804577.2830445075, 804577.2830445075, 804577.2830445075, 804577.2830445075, 804577.2830445075, 804577.2830445075, 810324.0, 810324.0, 810324.0, 810324.0, 810324.0, 810324.0, 810324.0, 810324.0, 810324.0, 810324.0, 810324.0, 810324.0, 810324.0, 810324.0, 810324.0, 810324.0, 810324.0, 810324.0, 810324.0, 810324.0, 810324.0, 810324.0, 810324.0, 810324.0, 810324.0, 810324.0, 810324.0, 810324.0, 810324.0, 810324.0, 810324.0, 810324.0, 810324.0, 810324.0, 810324.0, 810324.0, 810324.0, 810324.0, 810324.0, 810324.0, 810324.0, 810324.0, 810324.0, 810324.0, 810324.0, 810324.0, 810324.0, 810324.0, 810324.0, 810324.0, 810324.0, 810324.0, 810324.0, 810324.0, 810324.0, 810324.0, 810324.0, 810324.0, 810324.0, 810324.0, 810324.0, 810324.0, 810324.0, 810324.0, 810324.0, 810324.0, 810324.0, 810324.0, 810324.0, 810324.0, 810324.0, 810324.0, 810324.0, 810324.0, 810324.0, 810324.0, 810324.0, 810324.0, 810324.0, 810324.0, 810324.0, 810324.0, 810324.0, 810324.0, 810324.0, 810324.0, 810324.0, 810324.0, 810324.0, 810324.0, 810324.0, 810324.0, 810324.0, 810324.0, 810324.0, 810324.0, 810324.0, 810324.0, 810324.0, 810324.0, 810324.0, 810324.0, 810324.0, 810324.0, 810324.0, 810324.0, 810324.0, 810324.0, 810324.0, 810324.0, 810324.0, 810324.0, 810324.0, 810324.0, 810324.0, 810324.0, 810324.0, 810324.0, 810324.0, 810324.0, 810324.0, 810324.0, 810324.0, 810324.0, 810324.0, 810324.0, 810324.0, 810324.0, 810324.0, 810324.0, 810324.0, 810324.0, 810324.0, 810324.0, 810324.0, 810324.0, 810324.0, 810324.0, 810324.0, 810324.0, 810324.0, 810324.0, 810324.0, 810324.0, 810324.0, 810324.0, 810324.0, 810324.0, 810324.0, 810324.0, 810324.0, 810324.0, 810324.0, 810324.0, 810324.0, 810324.0, 810324.0, 810324.0, 810324.0, 810324.0, 810324.0, 810324.0, 810324.0, 810324.0, 810324.0, 810324.0, 810324.0, 810324.0, 810324.0, 810324.0, 810324.0, 810324.0, 810324.0, 810324.0, 810324.0, 810324.0, 810324.0, 810324.0, 810324.0, 810324.0, 810324.0, 810324.0, 810324.0, 810324.0, 810324.0, 810324.0, 810324.0, 810324.0, 810324.0, 810324.0, 810324.0, 810324.0, 810324.0, 810324.0, 810324.0, 810324.0, 810324.0, 810324.0, 810324.0, 810324.0, 810324.0, 810324.0, 810324.0, 810324.0, 810324.0, 810324.0, 810324.0, 810324.0, 810324.0, 810324.0, 810324.0, 810324.0, 810324.0, 810324.0, 810324.0, 810324.0, 810324.0, 810324.0, 810324.0, 810324.0, 810324.0, 810324.0, 810324.0, 810324.0, 810324.0, 810324.0, 810324.0, 810324.0, 810324.0, 810324.0, 810324.0, 810324.0, 810324.0, 810324.0, 810324.0, 810324.0, 810324.0, 810324.0, 810324.0, 810324.0, 810324.0, 810324.0, 810324.0, 810324.0, 810324.0, 810324.0, 810324.0, 810324.0, 810324.0, 810324.0, 810324.0, 810324.0, 810324.0, 810324.0, 810324.0, 810324.0, 810324.0, 810324.0, 810324.0, 810324.0, 810324.0, 810324.0, 810324.0, 810324.0, 810324.0, 810324.0, 810324.0, 810324.0, 810324.0, 810324.0, 810324.0, 810324.0, 810324.0, 810324.0, 810324.0, 810324.0, 810324.0, 810324.0, 810324.0, 810324.0, 810324.0, 810324.0, 810324.0, 810324.0, 810324.0, 810324.0, 810324.0, 810324.0, 810324.0, 810324.0, 810324.0, 810324.0, 810324.0, 810324.0, 810324.0, 810324.0, 810324.0, 810324.0, 810324.0, 810324.0, 810324.0, 810324.0, 810324.0, 810324.0, 810324.0, 810324.0, 810324.0, 810324.0, 810324.0, 810324.0, 810324.0, 810324.0, 810324.0, 810324.0, 810324.0, 810324.0, 810324.0, 810324.0, 810324.0, 810324.0, 810324.0, 810324.0, 810324.0, 810324.0, 810324.0, 810324.0, 810324.0, 810324.0, 802395.8247538627, 802395.8247538627, 802395.8247538627, 802395.8247538627, 802395.8247538627, 802395.8247538627, 802395.8247538627, 802395.8247538627, 802395.8247538627, 802395.8247538627, 802395.8247538627, 802395.8247538627, 802395.8247538627, 802395.8247538627, 802395.8247538627, 802395.8247538627, 802395.8247538627, 802395.8247538627, 802395.8247538627, 802395.8247538627, 802395.8247538627, 802395.8247538627, 802395.8247538627, 802395.8247538627, 802395.8247538627, 802395.8247538627, 802395.8247538627, 802395.8247538627, 802395.8247538627, 802395.8247538627, 802395.8247538627, 802395.8247538627, 802395.8247538627, 802395.8247538627, 802395.8247538627, 802395.8247538627, 802395.8247538627, 802395.8247538627, 802395.8247538627, 802847.1889254781, 802847.1889254781, 808739.8938686022, 808739.8938686022, 808739.8938686022, 808739.8938686022, 808739.8938686022, 808739.8938686022, 808739.8938686022, 808739.8938686022, 808739.8938686022, 808739.8938686022, 808739.8938686022, 808739.8938686022, 808739.8938686022, 808739.8938686022, 808739.8938686022, 808739.8938686022, 808739.8938686022, 808739.8938686022, 808739.8938686022, 808739.8938686022, 808739.8938686022, 808739.8938686022, 808739.8938686022, 808739.8938686022, 808739.8938686022, 808739.8938686022, 808739.8938686022, 808739.8938686022, 808739.8938686022, 808739.8938686022, 808739.8938686022, 808739.8938686022, 808739.8938686022, 808739.8938686022, 808739.8938686022, 808739.8938686022, 808739.8938686022, 808739.8938686022, 808739.8938686022, 808739.8938686022, 808739.8938686022, 808739.8938686022, 808739.8938686022, 810324.0, 810324.0, 810324.0, 810324.0, 810324.0, 810324.0, 810324.0, 810324.0, 810324.0, 810324.0, 810324.0, 810324.0, 810324.0, 810324.0, 810324.0, 810324.0, 810324.0, 810324.0, 810324.0, 810324.0, 810324.0, 810324.0, 810324.0, 810324.0, 810324.0, 810324.0, 810324.0, 810324.0, 810324.0, 810324.0, 810324.0, 810324.0, 810324.0, 810324.0, 810324.0, 810324.0, 810324.0, 810324.0, 810324.0, 810324.0, 810324.0, 810324.0, 810324.0, 810324.0, 810324.0, 810324.0, 810324.0, 810324.0, 810324.0, 810324.0, 810324.0, 810324.0, 810324.0, 810324.0, 810324.0, 810324.0, 810324.0, 810324.0, 810324.0, 810324.0, 810324.0, 810324.0, 810324.0, 810324.0, 810324.0, 810324.0, 810324.0, 810324.0, 810324.0, 810324.0, 810324.0, 810324.0, 810324.0, 810324.0, 810324.0, 810324.0, 810324.0, 810324.0, 810324.0, 810324.0, 810324.0, 810324.0, 810324.0, 810324.0, 810324.0, 810324.0, 810324.0, 810324.0, 810324.0, 810324.0, 810324.0, 810324.0, 810324.0, 810324.0, 810324.0, 810324.0, 810324.0, 810324.0, 810324.0, 810324.0, 810324.0, 810324.0, 810324.0, 810324.0, 810324.0, 810324.0, 810324.0, 810324.0, 810324.0, 810324.0, 810324.0, 810324.0, 810324.0, 810324.0, 810324.0, 810324.0, 810324.0, 810324.0, 810324.0, 810324.0, 810324.0, 810324.0, 810324.0, 810324.0, 810324.0, 810324.0, 810324.0, 810324.0, 810324.0, 810324.0, 810324.0, 810324.0, 810324.0, 810324.0, 810324.0, 810324.0, 810324.0, 810324.0, 810324.0, 810324.0, 810324.0, 810324.0, 810324.0, 810324.0, 810324.0, 810324.0, 810324.0, 810324.0, 810324.0, 810324.0, 810324.0, 810324.0, 810324.0, 810324.0, 810324.0, 810324.0, 810324.0, 810324.0, 810324.0, 810324.0, 810324.0, 810324.0, 810324.0, 810324.0, 810324.0, 810324.0, 810324.0, 810324.0, 810324.0, 810324.0, 810324.0, 810324.0, 810324.0, 810324.0, 810324.0, 810324.0, 810324.0, 810324.0, 810324.0, 810324.0, 810324.0, 810324.0, 810324.0, 810324.0, 810324.0, 810324.0, 810324.0, 810324.0, 810324.0, 810324.0, 810324.0, 810324.0, 810324.0, 810324.0, 810324.0, 810324.0, 810324.0, 810324.0, 810324.0, 810324.0, 810324.0, 810324.0, 810324.0, 810324.0, 810324.0, 810324.0, 810324.0, 810324.0, 810324.0, 810324.0, 810324.0, 810324.0, 810324.0, 810324.0, 810324.0, 810324.0, 810324.0, 810324.0, 810324.0, 810324.0, 810324.0, 810324.0, 810324.0, 810324.0, 810324.0, 810324.0, 810324.0, 810324.0, 810324.0, 810324.0, 810324.0, 810324.0, 810324.0, 810324.0, 810324.0, 810324.0, 810324.0, 810324.0, 810324.0, 810324.0, 810324.0, 810324.0, 810324.0, 810324.0, 810324.0, 810324.0, 810324.0, 810324.0, 810324.0, 810324.0, 810324.0, 810324.0, 810324.0, 810324.0, 810324.0, 810324.0, 810324.0, 810324.0, 810324.0, 810324.0, 810324.0, 810324.0, 810324.0, 810324.0, 810324.0, 810324.0, 810324.0, 810324.0, 810324.0, 810324.0, 810324.0, 810324.0, 810324.0, 810324.0, 810324.0, 810324.0, 810324.0, 810324.0, 810324.0, 810324.0, 810324.0, 810324.0, 810324.0, 810324.0, 810324.0, 810324.0, 810324.0, 810324.0, 810324.0, 810324.0, 810324.0, 810324.0, 810324.0, 810324.0, 810324.0, 810324.0, 810324.0, 810324.0, 810324.0, 810324.0, 810324.0, 810324.0, 810324.0, 810324.0, 810324.0, 810324.0, 810324.0, 810324.0, 810324.0, 810324.0, 810324.0, 810324.0, 810324.0, 810324.0, 810324.0, 810324.0, 810324.0, 810324.0, 810324.0, 810324.0, 810324.0, 810324.0, 810324.0, 810324.0, 810324.0, 810324.0, 810324.0, 810324.0, 810324.0, 810324.0, 810324.0, 810324.0, 810324.0, 810324.0, 810324.0, 810324.0, 810324.0, 810324.0, 810324.0, 810324.0, 810324.0, 810324.0, 810324.0, 810324.0, 810324.0, 810324.0, 810324.0, 810324.0, 810324.0, 810324.0, 810324.0, 810324.0, 810324.0, 810324.0, 810324.0, 810324.0, 810324.0, 810324.0, 810324.0, 810324.0, 810324.0, 810324.0, 810324.0, 810324.0, 810324.0, 810324.0, 810324.0, 810324.0, 810324.0, 810324.0, 810324.0, 810324.0, 810324.0, 810324.0, 810324.0, 810324.0, 810324.0, 810324.0, 810324.0, 810324.0, 810324.0, 810324.0, 810324.0, 810324.0, 810324.0, 810324.0, 810324.0, 810324.0, 810324.0, 810324.0, 810324.0, 810324.0, 810324.0, 810324.0, 810324.0, 810324.0, 810324.0, 810324.0, 810324.0, 810324.0, 810324.0, 810324.0, 810324.0, 810324.0, 810324.0, 810324.0, 810324.0, 810324.0, 810324.0, 810324.0, 810324.0, 810324.0, 810324.0, 810324.0, 810324.0, 810324.0, 810324.0, 810324.0, 810324.0, 810324.0, 810324.0, 810324.0, 810324.0, 810324.0, 810324.0, 810324.0, 810324.0, 810324.0, 810324.0, 810324.0, 810324.0, 810324.0, 810324.0, 810324.0, 810324.0, 810324.0, 810324.0, 810324.0, 810324.0, 810324.0, 810324.0, 810324.0, 810324.0, 810324.0, 810324.0, 810324.0, 810324.0, 810324.0, 810324.0, 810324.0, 810324.0, 810324.0, 810324.0, 810324.0, 810324.0, 810324.0, 810324.0, 810324.0, 810324.0, 810324.0, 810324.0, 810324.0, 810324.0, 810324.0, 810324.0, 810324.0, 810324.0, 810324.0, 810324.0, 810324.0, 810324.0, 810324.0, 810324.0, 810324.0, 810324.0, 810324.0, 810324.0, 810324.0, 810324.0, 810324.0, 810324.0, 810324.0, 810324.0, 810324.0, 810324.0, 810324.0, 810324.0, 810324.0, 810324.0, 810324.0, 810324.0, 810324.0, 810324.0, 810324.0, 810324.0, 810324.0, 810324.0, 810324.0, 810324.0, 810324.0, 810324.0, 810324.0, 810324.0, 810324.0, 810324.0, 810324.0, 810324.0, 810324.0, 810324.0, 810324.0, 810324.0, 810324.0, 810324.0, 810324.0, 810324.0, 810324.0, 810324.0, 810324.0, 810324.0, 810324.0, 810324.0, 810324.0, 810324.0, 810324.0, 810324.0, 810324.0, 810324.0, 810324.0, 810324.0, 810324.0, 810324.0, 810324.0, 810324.0, 810324.0, 810324.0, 810324.0, 810324.0, 810324.0, 810324.0, 810324.0, 810324.0, 810324.0, 810324.0, 810324.0, 810324.0, 810324.0, 810324.0, 810324.0, 810324.0, 810324.0, 810324.0, 810324.0, 810324.0, 810324.0, 810324.0, 810324.0, 810324.0, 810324.0, 810324.0, 810324.0, 810324.0, 810324.0, 810324.0, 810324.0, 810324.0, 810324.0, 810324.0, 810324.0, 810324.0, 810324.0, 810324.0, 810324.0, 810324.0, 810324.0, 810324.0, 810324.0, 810324.0, 810324.0, 810324.0, 810324.0, 810324.0, 810324.0, 810324.0, 810324.0, 810324.0, 810324.0, 810324.0, 810324.0, 810324.0, 810324.0, 810324.0, 810324.0, 810324.0, 810324.0, 810324.0, 810324.0, 810324.0, 810324.0, 810324.0, 810324.0, 810324.0, 810324.0, 810324.0, 810324.0, 810324.0, 810324.0, 810324.0, 810324.0, 810324.0, 810324.0, 810324.0, 810324.0, 810324.0, 810324.0, 810324.0, 810324.0, 810324.0, 810324.0, 810324.0, 810324.0, 810324.0, 810324.0, 810324.0, 810324.0, 810324.0, 810324.0, 810324.0, 810324.0, 810324.0, 810324.0, 810324.0, 810324.0, 810324.0, 810324.0, 810324.0, 810324.0, 810324.0, 810324.0, 810324.0, 810324.0, 810324.0, 810324.0, 810324.0, 810324.0, 810324.0, 810324.0, 810324.0, 810324.0, 810324.0, 810324.0, 810324.0, 810324.0, 810324.0, 810324.0, 810324.0, 810324.0, 810324.0, 810324.0, 810324.0, 810324.0, 810324.0, 810324.0, 810324.0, 810324.0, 810324.0, 810324.0, 810324.0, 810324.0, 810324.0, 810324.0, 810324.0, 810324.0, 810324.0, 810324.0, 810324.0, 810324.0, 810324.0, 810324.0, 810324.0, 810324.0, 810324.0, 810324.0, 810324.0, 810324.0, 810324.0, 810324.0, 810324.0, 810324.0, 810324.0, 810324.0, 810324.0, 810324.0, 810324.0, 810324.0, 810324.0, 810324.0, 810324.0, 810324.0, 810324.0, 810324.0, 810324.0, 810324.0, 810324.0, 810324.0, 810324.0, 810324.0, 810324.0, 810324.0, 810324.0, 810324.0, 810324.0, 810324.0, 810324.0, 810324.0, 810324.0, 810324.0, 810324.0, 810324.0, 810324.0, 810324.0, 810324.0, 810324.0, 810324.0, 810324.0, 810324.0, 810324.0, 810324.0, 810324.0, 810324.0, 810324.0, 810324.0, 810324.0, 810324.0, 810324.0, 810324.0, 810324.0, 810324.0, 810324.0, 810324.0, 810324.0, 810324.0, 810324.0, 810324.0, 810324.0, 810324.0, 810324.0, 810324.0, 810324.0, 810324.0, 810324.0, 810324.0, 810324.0, 810324.0, 810324.0, 810324.0, 810324.0, 810324.0, 810324.0, 810324.0, 810324.0, 810324.0, 810324.0, 810324.0, 810324.0, 810324.0, 810324.0, 810324.0, 810324.0, 810324.0, 810324.0, 810324.0, 810324.0, 810324.0, 810324.0, 810324.0, 810324.0, 810324.0, 810324.0, 810324.0, 810324.0, 810324.0, 810324.0, 810324.0, 810324.0, 810324.0, 810324.0, 810324.0, 810324.0, 810324.0, 810324.0, 810324.0, 810324.0, 810324.0, 810324.0, 810324.0, 810324.0, 810324.0, 810324.0, 810324.0, 810324.0, 810324.0, 810324.0, 810324.0, 810324.0, 810324.0, 810324.0, 810324.0, 810324.0, 810324.0, 810324.0, 810324.0, 810324.0, 810324.0, 810324.0, 810324.0, 810324.0, 810324.0, 810324.0, 810324.0, 810324.0, 810324.0, 810324.0, 810324.0, 810324.0, 810324.0, 810269.6747854499, 810269.6747854499, 810269.6747854499, 810269.6747854499, 810269.6747854499, 810269.6747854499, 810269.6747854499, 810269.6747854499, 810269.6747854499, 810269.6747854499, 810269.6747854499, 810269.6747854499, 810269.6747854499, 810269.6747854499, 810269.6747854499, 810269.6747854499, 810269.6747854499, 810269.6747854499, 810269.6747854499, 810269.6747854499, 810269.6747854499, 810269.6747854499, 810269.6747854499, 810269.6747854499, 810269.6747854499, 810269.6747854499, 810269.6747854499, 810269.6747854499, 810269.6747854499, 810269.6747854499, 810269.6747854499, 810324.0, 810324.0, 810324.0, 810324.0, 810324.0, 810324.0, 810324.0, 810324.0, 810324.0, 810324.0, 810324.0, 810324.0, 810324.0, 810324.0, 810324.0, 810324.0, 810324.0, 810324.0, 810324.0, 810324.0, 810324.0, 810324.0, 810324.0, 810324.0, 810324.0, 810324.0, 810324.0, 810324.0, 810324.0, 810324.0, 810324.0, 810324.0, 810324.0, 810324.0, 810324.0, 810324.0, 810324.0, 810324.0, 810324.0, 810324.0, 810324.0, 810324.0, 810324.0, 810324.0, 810324.0, 810324.0, 810324.0, 810324.0, 810324.0, 810324.0, 810324.0, 810324.0, 810324.0, 810324.0, 810324.0, 810324.0, 810324.0, 810324.0, 810324.0, 810324.0, 810324.0, 810324.0, 810324.0, 810324.0, 810324.0, 810324.0, 810324.0, 810324.0, 810324.0, 810324.0, 810324.0, 810324.0, 810324.0, 810324.0, 810324.0, 810324.0, 810324.0, 810324.0, 810324.0, 810324.0, 810324.0, 810324.0, 810324.0, 810324.0, 810324.0, 810324.0, 810324.0, 810324.0, 810324.0, 810324.0, 810324.0, 810324.0, 810324.0, 810324.0, 810324.0, 810324.0, 810324.0, 810324.0, 810324.0, 810324.0, 810324.0, 810324.0, 810324.0, 810324.0, 810324.0, 810324.0, 810324.0, 810324.0, 810324.0, 810324.0, 810324.0, 810324.0, 810324.0, 810324.0, 810324.0, 810324.0, 810324.0, 810324.0, 810324.0, 810324.0, 810324.0, 810324.0, 810324.0, 810324.0, 810324.0, 810324.0, 810324.0, 810324.0, 810324.0, 810324.0, 810324.0, 810324.0, 810324.0, 810324.0, 810324.0, 810324.0, 810324.0, 810324.0, 810324.0, 810324.0, 810324.0, 810324.0, 810324.0, 810324.0, 810324.0, 810324.0, 810324.0, 810324.0, 810324.0, 810324.0, 809655.9889509135, 809655.9889509135, 809655.9889509135, 809655.9889509135, 809655.9889509135, 809655.9889509135, 809655.9889509135, 809655.9889509135, 809655.9889509135, 809655.9889509135, 809655.9889509135, 809655.9889509135, 809655.9889509135, 809655.9889509135, 809655.9889509135, 809655.9889509135, 809655.9889509135, 809655.9889509135, 809655.9889509135, 809655.9889509135, 809655.9889509135, 809655.9889509135, 809655.9889509135, 809655.9889509135, 809655.9889509135, 809655.9889509135, 809655.9889509135, 809655.9889509135, 809655.9889509135, 809655.9889509135, 809655.9889509135, 809655.9889509135, 809655.9889509135, 809655.9889509135, 809655.9889509135, 809655.9889509135, 809655.9889509135, 809655.9889509135, 810324.0, 810324.0, 810324.0, 810324.0, 810324.0, 810324.0, 810324.0, 810324.0, 805871.4733739693, 805871.4733739693, 805871.4733739693, 805871.4733739693, 805871.4733739693, 805871.4733739693, 805871.4733739693, 805871.4733739693, 805871.4733739693, 805871.4733739693, 805871.4733739693, 805871.4733739693, 805871.4733739693, 805871.4733739693, 805871.4733739693, 805871.4733739693, 805871.4733739693, 805871.4733739693, 805871.4733739693, 805871.4733739693, 805871.4733739693, 805871.4733739693, 805871.4733739693, 805871.4733739693, 805871.4733739693, 805871.4733739693, 805871.4733739693, 805871.4733739693, 805871.4733739693, 805871.4733739693, 805871.4733739693, 805871.4733739693, 805871.4733739693, 805871.4733739693, 805871.4733739693, 805871.4733739693, 808559.2968931404, 808559.2968931404, 808559.2968931404, 808559.2968931404, 809158.5303867442, 809158.5303867442, 809158.5303867442, 809869.8752181614, 810324.0, 810324.0, 810324.0, 810324.0, 810324.0, 810324.0, 810324.0, 810324.0, 810324.0, 810324.0, 810324.0, 810324.0, 810324.0, 810324.0, 810324.0, 810324.0, 810324.0, 810324.0, 810324.0, 810324.0, 810324.0, 810324.0, 810324.0, 810324.0, 810324.0, 810324.0, 810324.0, 810324.0, 810324.0, 810324.0, 810324.0, 810324.0, 810324.0, 810324.0, 810324.0, 810324.0, 810324.0, 810324.0, 810324.0, 810324.0, 810324.0, 810324.0, 810324.0, 810324.0, 810324.0, 810324.0, 810324.0, 810324.0, 810324.0, 810324.0, 810324.0, 810324.0, 810324.0, 810324.0, 810324.0, 810324.0, 810324.0, 810324.0, 810324.0, 810324.0, 810324.0, 810324.0, 810324.0, 810324.0, 810324.0, 810324.0, 810324.0, 810324.0, 810324.0, 810324.0, 810324.0, 810324.0, 810324.0, 810324.0, 810324.0, 810324.0, 810324.0, 810324.0, 810324.0, 810324.0, 810324.0, 810324.0, 810324.0, 810324.0, 810324.0, 810324.0, 810324.0, 810324.0, 810324.0, 810324.0, 810324.0, 810324.0, 810324.0, 810324.0, 810324.0, 810324.0, 810324.0, 810324.0, 810324.0, 810324.0, 810324.0, 810324.0, 810324.0, 810324.0, 810324.0, 810324.0, 810324.0, 810324.0, 810324.0, 810324.0, 810324.0, 810324.0, 810324.0, 810324.0, 810324.0, 810324.0, 810324.0, 810324.0, 810324.0, 810324.0, 810324.0, 810324.0, 810324.0, 810324.0, 810324.0, 810324.0, 810324.0, 810324.0, 810324.0, 810324.0, 810324.0, 810324.0, 810324.0, 810324.0, 810324.0, 810324.0, 810324.0, 810324.0, 810324.0, 810324.0, 810324.0, 810324.0, 810324.0, 810324.0, 810324.0, 810324.0, 810324.0, 810324.0, 810324.0, 810324.0, 810324.0, 810324.0, 810324.0, 810324.0, 810324.0, 810324.0, 810324.0, 810324.0, 810324.0, 810324.0, 810324.0, 810324.0, 810324.0, 810324.0, 810324.0, 810324.0, 810324.0, 810324.0, 810324.0, 810324.0, 810324.0, 810324.0, 810324.0, 810324.0, 810324.0, 810324.0, 810324.0, 810324.0, 810324.0, 810324.0, 810324.0, 810324.0, 810324.0, 810324.0, 810324.0, 810324.0, 810324.0, 810324.0, 810324.0, 810324.0, 810324.0, 810324.0, 810324.0, 810324.0, 810324.0, 810324.0, 810324.0, 810324.0, 810324.0, 810324.0, 810324.0, 810324.0, 810324.0, 810324.0, 810324.0, 810324.0, 810324.0, 810324.0, 810324.0, 810324.0, 810324.0, 810324.0, 810324.0, 810324.0, 810324.0, 810324.0, 810324.0, 810324.0, 810324.0, 810324.0, 810324.0, 810324.0, 810324.0, 810324.0, 810324.0, 810324.0, 810324.0, 810324.0, 810324.0, 810324.0, 810324.0, 810324.0, 810324.0, 810324.0, 810324.0, 810324.0, 810324.0, 810324.0, 810324.0, 810324.0, 810324.0, 810324.0, 810324.0, 810324.0, 810324.0, 810324.0, 810324.0, 810324.0, 810324.0, 810324.0, 810324.0, 810324.0, 810324.0, 810324.0, 810324.0, 810324.0, 810324.0, 810324.0, 810324.0, 810324.0, 810324.0, 810324.0, 810324.0, 810324.0, 810324.0, 810324.0, 810324.0, 810324.0, 810324.0, 810324.0, 810324.0, 810324.0, 810324.0, 810324.0, 810324.0, 810324.0, 810324.0, 810324.0, 810324.0, 810324.0, 810324.0, 810324.0, 810324.0, 810324.0, 810324.0, 810324.0, 810324.0, 810324.0, 810324.0, 810324.0, 810324.0, 810324.0, 810324.0, 810324.0, 810324.0, 810324.0, 810324.0, 810324.0, 810324.0, 810324.0, 810324.0, 810324.0, 810324.0, 810324.0, 810324.0, 810324.0, 810324.0, 810324.0, 810324.0, 810324.0, 810324.0, 810324.0, 810324.0, 810324.0, 810324.0, 810324.0, 810324.0, 810324.0, 810324.0, 810324.0, 810324.0, 810324.0, 810324.0, 810324.0, 810324.0, 810324.0, 810324.0, 810324.0, 810324.0, 810324.0, 810324.0, 810324.0, 810324.0, 810324.0, 810324.0, 810324.0, 810324.0, 810324.0, 810324.0, 810324.0, 810324.0, 810324.0, 810324.0, 810324.0, 810324.0, 810324.0, 810324.0, 810324.0, 810324.0, 810324.0, 810324.0, 810324.0, 810324.0, 810324.0, 810324.0, 810324.0, 810324.0, 810324.0, 810324.0, 810324.0, 810324.0, 810324.0, 810324.0, 810324.0, 808421.1013626737, 808421.1013626737, 808421.1013626737, 808421.1013626737, 808421.1013626737, 808421.1013626737, 808421.1013626737, 808421.1013626737, 808421.1013626737, 808421.1013626737, 808421.1013626737, 808421.1013626737, 808421.1013626737, 808421.1013626737, 808421.1013626737, 808421.1013626737, 808421.1013626737, 808421.1013626737, 808421.1013626737, 808421.1013626737, 808421.1013626737, 808421.1013626737, 808421.1013626737, 808421.1013626737, 808421.1013626737, 808421.1013626737, 808421.1013626737, 808421.1013626737, 808421.1013626737, 808421.1013626737, 808421.1013626737, 810280.1587920113, 810280.1587920113, 810280.1587920113, 810280.1587920113, 810280.1587920113, 810280.1587920113, 810280.1587920113, 810280.1587920113, 810280.1587920113, 810324.0, 810324.0, 810324.0, 810324.0, 810324.0, 810324.0, 810324.0, 810324.0, 810324.0, 810324.0, 810324.0, 810324.0, 810324.0, 810324.0, 810324.0, 810324.0, 810324.0, 810324.0, 810324.0, 810324.0, 810324.0, 810324.0, 810324.0, 810324.0, 810324.0, 810324.0, 810324.0, 810324.0, 810324.0, 810324.0, 810324.0, 810324.0, 810324.0, 810324.0, 810324.0, 810324.0, 810324.0, 810324.0, 810324.0, 810324.0, 810324.0, 810324.0, 810324.0, 810324.0, 810324.0, 810324.0, 810324.0, 810324.0, 810324.0, 810324.0, 810324.0, 810324.0, 810324.0, 810324.0, 810324.0, 810324.0, 810324.0, 810324.0, 810324.0, 810324.0, 810324.0, 810324.0, 810324.0, 810324.0, 810324.0, 810324.0, 810324.0, 810324.0, 810324.0, 810324.0, 810324.0, 810324.0, 810324.0, 810324.0, 810324.0, 810324.0, 810324.0, 810324.0, 810324.0, 810324.0, 810324.0, 810324.0, 810324.0, 810324.0, 810324.0, 810324.0, 810324.0, 810324.0, 810324.0, 810324.0, 810324.0, 810324.0, 810324.0, 810324.0, 810324.0, 810324.0, 810324.0, 810324.0, 810324.0, 810324.0, 810324.0, 810324.0, 810324.0, 810324.0, 810324.0, 810324.0, 810324.0, 810324.0, 810324.0, 810324.0, 810324.0, 810324.0, 810324.0, 810324.0, 810324.0, 810324.0, 810324.0, 810324.0, 810324.0, 810324.0, 810324.0, 810324.0, 810324.0, 810324.0, 810324.0, 810324.0, 810324.0, 810324.0, 810324.0, 810324.0, 810324.0, 810324.0, 810324.0, 810324.0, 810324.0, 810324.0, 810324.0, 810324.0, 810324.0, 810324.0, 810324.0, 810324.0, 810324.0, 810324.0, 810324.0, 810324.0, 810324.0, 810324.0, 810324.0, 810324.0, 810324.0, 810324.0, 810324.0, 810324.0, 810324.0, 810324.0, 810324.0, 810324.0, 810324.0, 810324.0, 810324.0, 810324.0, 810324.0, 810324.0, 810324.0, 810324.0, 810324.0, 810324.0, 810324.0, 810324.0, 810324.0, 810324.0, 810324.0, 810324.0, 810324.0, 810324.0, 810324.0, 810324.0, 810324.0, 810324.0, 810324.0, 810324.0, 810324.0, 810324.0, 810324.0, 810324.0, 810324.0, 805905.2552954793, 805905.2552954793, 805905.2552954793, 805905.2552954793, 805905.2552954793, 805905.2552954793, 805905.2552954793, 805905.2552954793, 805905.2552954793, 805905.2552954793, 805905.2552954793, 805905.2552954793, 805905.2552954793, 805905.2552954793, 805905.2552954793, 805905.2552954793, 805905.2552954793, 805905.2552954793, 805905.2552954793, 805905.2552954793, 805905.2552954793, 805905.2552954793, 805905.2552954793, 805905.2552954793, 805905.2552954793, 805905.2552954793, 805905.2552954793, 805905.2552954793, 805905.2552954793, 805905.2552954793, 805905.2552954793, 805905.2552954793, 805905.2552954793, 805905.2552954793, 805905.2552954793, 805905.2552954793, 805905.2552954793, 805905.2552954793, 805905.2552954793, 808404.3760734254, 808404.3760734254, 808404.3760734254, 808404.3760734254, 810094.9447772475, 810094.9447772475, 809905.1579877187, 808487.4756775026, 808487.4756775026, 808487.4756775026, 808487.4756775026, 808487.4756775026, 808487.4756775026, 808487.4756775026, 808487.4756775026, 808487.4756775026, 808487.4756775026, 808487.4756775026, 808487.4756775026, 808487.4756775026, 808487.4756775026, 808487.4756775026, 808487.4756775026, 808487.4756775026, 808487.4756775026, 808487.4756775026, 808487.4756775026, 808487.4756775026, 808487.4756775026, 808487.4756775026, 808487.4756775026, 808487.4756775026, 808487.4756775026, 808487.4756775026, 808487.4756775026, 808487.4756775026, 808487.4756775026, 808487.4756775026, 808721.8061289864, 808721.8061289864, 809304.1755475895, 809304.1755475895, 809304.1755475895, 809304.1755475895, 810324.0, 810324.0, 810324.0, 810324.0, 810324.0, 810324.0, 810324.0, 810324.0, 810324.0, 810324.0, 810324.0, 810324.0, 810324.0, 810324.0, 810324.0, 810324.0, 810324.0, 810324.0, 810324.0, 810324.0, 810324.0, 810324.0, 810324.0, 810324.0, 810324.0, 810324.0, 810324.0, 810324.0, 810324.0, 810324.0, 810324.0, 810324.0, 810324.0, 810324.0, 810324.0, 810324.0, 810324.0, 810324.0, 810324.0, 810324.0, 810324.0, 810324.0, 810324.0, 810324.0, 810324.0, 810324.0, 810324.0, 810324.0, 810324.0, 810324.0, 810324.0, 810324.0, 810324.0, 810324.0, 810324.0, 810324.0, 810324.0, 810324.0, 810324.0, 810324.0, 810324.0, 810324.0, 810324.0, 810324.0, 810324.0, 810324.0, 810324.0, 810324.0, 810324.0, 810324.0, 810324.0, 810324.0, 810324.0, 810324.0, 810324.0, 810324.0, 810324.0, 810324.0, 810324.0, 810324.0, 810324.0, 810324.0, 810324.0, 810324.0, 810324.0, 810324.0, 810324.0, 810324.0, 810324.0, 810324.0, 810324.0, 810324.0, 810324.0, 810324.0, 810324.0, 810324.0, 810324.0, 810324.0, 810324.0, 795274.2905817766, 795274.2905817766, 795274.2905817766, 795274.2905817766, 795274.2905817766, 795274.2905817766, 795274.2905817766, 795274.2905817766, 795274.2905817766, 795274.2905817766, 795274.2905817766, 795274.2905817766, 795274.2905817766, 795274.2905817766, 795274.2905817766, 795274.2905817766, 795274.2905817766, 795274.2905817766, 795274.2905817766, 795274.2905817766, 795274.2905817766, 795274.2905817766, 795274.2905817766, 795274.2905817766, 795274.2905817766, 795274.2905817766, 795274.2905817766, 795274.2905817766, 795274.2905817766, 795274.2905817766, 795274.2905817766, 795274.2905817766, 803291.0278213925, 803291.0278213925, 803291.0278213925, 803291.0278213925, 805146.6146579855, 805146.6146579855, 805146.6146579855, 808551.3462196483, 810324.0, 810324.0, 810324.0, 810324.0, 810324.0, 807958.8780351148, 807958.8780351148, 807958.8780351148, 807958.8780351148, 807958.8780351148, 807958.8780351148, 807958.8780351148, 807958.8780351148, 807958.8780351148, 807958.8780351148, 807958.8780351148, 807958.8780351148, 807958.8780351148, 807958.8780351148, 807958.8780351148, 807958.8780351148, 807958.8780351148, 807958.8780351148, 807958.8780351148, 807958.8780351148, 807958.8780351148, 807958.8780351148, 807958.8780351148, 807958.8780351148, 807958.8780351148, 807958.8780351148, 807958.8780351148, 807958.8780351148, 807958.8780351148, 807958.8780351148, 807958.8780351148, 807958.8780351148, 807958.8780351148, 807958.8780351148, 807958.8780351148, 807958.8780351148, 807958.8780351148, 807958.8780351148, 807958.8780351148, 807958.8780351148, 810324.0, 810324.0, 810324.0, 810324.0, 810324.0, 810324.0, 810324.0, 810324.0, 810324.0, 810324.0, 810324.0, 810324.0, 810324.0, 810324.0, 810324.0, 810324.0, 810324.0, 810324.0, 810324.0, 810324.0, 810324.0, 810324.0, 810324.0, 810324.0, 810324.0, 810324.0, 810324.0, 810324.0, 810324.0, 810324.0, 810324.0, 810324.0, 810324.0, 810324.0, 810324.0, 810324.0, 810324.0, 810324.0, 810324.0, 810324.0, 810324.0, 810324.0, 810324.0, 810324.0, 810324.0, 810324.0, 810324.0, 810324.0, 810324.0, 810324.0, 810324.0, 810324.0, 810324.0, 810324.0, 810324.0, 810324.0, 810324.0, 810324.0, 810324.0, 810324.0, 810324.0, 810324.0, 810324.0, 810324.0, 810324.0, 810324.0, 810324.0, 810324.0, 810324.0, 810324.0, 810324.0, 810324.0, 810324.0, 810324.0, 810324.0, 810324.0, 810324.0, 810324.0, 810324.0, 810324.0, 810324.0, 810324.0, 810324.0, 810324.0, 810324.0, 810324.0, 810324.0, 810324.0, 810324.0, 810324.0, 810324.0, 810324.0, 810324.0, 810324.0, 810324.0, 810324.0, 810324.0, 810324.0, 810324.0, 810324.0, 810324.0, 810324.0, 810324.0, 810324.0, 810324.0, 810324.0, 810324.0, 810324.0, 810324.0, 810324.0, 810324.0, 810324.0, 810324.0, 810324.0, 810324.0, 810324.0, 810324.0, 810324.0, 810324.0, 810324.0, 810324.0, 810324.0, 810324.0, 810324.0, 810324.0, 810324.0, 810324.0, 810324.0, 810324.0, 810324.0, 810324.0, 810324.0, 810324.0, 810324.0, 810324.0, 810324.0, 810324.0, 810324.0, 810324.0, 810324.0, 810324.0, 810324.0, 810324.0, 810324.0, 810324.0, 810324.0, 810324.0, 810324.0, 810324.0, 810324.0, 810324.0, 810324.0, 810324.0, 810324.0, 810324.0, 810324.0, 810324.0, 810324.0, 810324.0, 810324.0, 810324.0, 810324.0, 810324.0, 810324.0, 810324.0, 810324.0, 810324.0, 810324.0, 810324.0, 810324.0, 810324.0, 810324.0, 810324.0, 810324.0, 810324.0, 810324.0, 810324.0, 810324.0, 810324.0, 810324.0, 810324.0, 810324.0, 810324.0, 810324.0, 810324.0, 810324.0, 810324.0, 758986.989373615, 758986.989373615, 758986.989373615, 758986.989373615, 758986.989373615, 758986.989373615, 758986.989373615, 758986.989373615, 758986.989373615, 758986.989373615, 758986.989373615, 758986.989373615, 758986.989373615, 758986.989373615, 758986.989373615, 758986.989373615, 758986.989373615, 758986.989373615, 758986.989373615, 758986.989373615, 758986.989373615, 758986.989373615, 758986.989373615, 758986.989373615, 758986.989373615, 758986.989373615, 758986.989373615, 758986.989373615, 758986.989373615, 758986.989373615, 758986.989373615, 758986.989373615, 758986.989373615, 758986.989373615, 758986.989373615, 758986.989373615, 771351.1600443313, 771351.1600443313, 776981.5770649104, 776981.5770649104, 776981.5770649104, 777800.2995439996, 796607.8180368491, 798835.1358519896, 798835.1358519896, 798835.1358519896, 806774.6292560954, 806774.6292560954, 806774.6292560954, 806774.6292560954, 806774.6292560954, 806774.6292560954, 806774.6292560954, 806774.6292560954, 806774.6292560954, 806774.6292560954, 806774.6292560954, 806774.6292560954, 806774.6292560954, 806774.6292560954, 806774.6292560954, 806774.6292560954, 806774.6292560954, 806774.6292560954, 806774.6292560954, 806774.6292560954, 806774.6292560954, 806774.6292560954, 806774.6292560954, 806774.6292560954, 806774.6292560954, 806774.6292560954, 806774.6292560954, 806774.6292560954, 806774.6292560954, 806774.6292560954, 806774.6292560954, 806774.6292560954, 806774.6292560954, 806774.6292560954, 806774.6292560954, 806774.6292560954, 806774.6292560954, 806774.6292560954, 806774.6292560954, 806774.6292560954, 806774.6292560954, 806774.6292560954, 806774.6292560954, 806774.6292560954, 806774.6292560954, 806774.6292560954, 806774.6292560954, 806774.6292560954, 806774.6292560954, 806774.6292560954, 806774.6292560954, 806774.6292560954, 806774.6292560954, 806774.6292560954, 806774.6292560954, 806774.6292560954, 806774.6292560954, 806774.6292560954, 806774.6292560954, 806774.6292560954, 806774.6292560954, 806774.6292560954, 806774.6292560954, 806774.6292560954, 806774.6292560954, 806774.6292560954, 806774.6292560954, 806774.6292560954, 806774.6292560954, 806774.6292560954, 806774.6292560954, 806774.6292560954, 806774.6292560954, 806774.6292560954, 806774.6292560954, 806774.6292560954, 806774.6292560954, 806774.6292560954, 806774.6292560954, 806774.6292560954, 806774.6292560954, 806774.6292560954, 806774.6292560954, 806774.6292560954, 806774.6292560954, 806774.6292560954, 806878.4111476126, 810324.0, 810324.0, 810324.0, 810324.0, 810324.0, 810324.0, 810324.0, 810324.0, 810324.0, 810324.0, 810324.0, 810324.0, 810324.0, 810324.0, 810324.0, 810324.0, 810324.0, 810324.0, 810324.0, 810324.0, 810324.0, 810324.0, 810324.0, 810324.0, 810324.0, 810324.0, 810324.0, 810324.0, 810324.0, 810324.0, 810324.0, 810324.0, 810324.0, 810324.0, 810324.0, 810324.0, 810324.0, 810324.0, 810324.0, 810324.0, 810324.0, 810324.0, 810324.0, 810324.0, 810324.0, 810324.0, 810324.0, 810324.0, 810324.0, 810324.0, 810324.0, 810324.0, 810324.0, 810324.0, 810324.0, 810324.0, 810324.0, 810324.0, 810324.0, 810324.0, 810324.0, 810324.0, 810324.0, 810324.0, 810324.0, 810324.0, 810324.0, 810324.0, 810324.0, 810324.0, 810324.0, 810324.0, 810324.0, 810324.0, 810324.0, 810324.0, 810324.0, 810324.0, 810324.0, 810324.0, 810324.0, 810324.0, 810324.0, 810324.0, 810324.0, 810324.0, 810324.0, 810324.0, 810324.0, 810324.0, 810324.0, 810324.0, 810324.0, 810324.0, 810324.0, 810324.0, 810324.0, 810324.0, 810324.0, 810324.0, 810324.0, 810324.0, 810324.0, 810324.0, 810324.0, 810324.0, 810324.0, 810324.0, 810324.0, 810324.0, 810324.0, 810324.0, 810324.0, 810324.0, 810324.0, 810324.0, 810324.0, 810324.0, 810324.0, 810324.0, 810324.0, 810324.0, 810324.0, 810324.0, 810324.0, 810324.0, 810324.0, 810324.0, 810324.0, 810324.0, 810324.0, 810324.0, 810324.0, 810324.0, 810324.0, 810324.0, 810324.0, 810324.0, 810324.0, 810324.0, 802521.7546797579, 802521.7546797579, 802521.7546797579, 802521.7546797579, 802521.7546797579, 802521.7546797579, 802521.7546797579, 802521.7546797579, 802521.7546797579, 802521.7546797579, 802521.7546797579, 802521.7546797579, 802521.7546797579, 802521.7546797579, 802521.7546797579, 802521.7546797579, 802521.7546797579, 802521.7546797579, 802521.7546797579, 802521.7546797579, 802521.7546797579, 802521.7546797579, 802521.7546797579, 802521.7546797579, 802521.7546797579, 802521.7546797579, 802521.7546797579, 802521.7546797579, 802521.7546797579, 802521.7546797579, 802521.7546797579, 802521.7546797579, 802521.7546797579, 802521.7546797579, 802521.7546797579, 802521.7546797579, 802521.7546797579, 802521.7546797579, 802521.7546797579, 802521.7546797579, 802521.7546797579, 802521.7546797579, 802521.7546797579, 802521.7546797579, 802521.7546797579, 802521.7546797579, 802521.7546797579, 802521.7546797579, 802521.7546797579, 802521.7546797579, 802521.7546797579, 802521.7546797579, 802521.7546797579, 802521.7546797579, 802521.7546797579, 802521.7546797579, 802521.7546797579, 802521.7546797579, 802521.7546797579, 802521.7546797579, 802521.7546797579, 802521.7546797579, 802521.7546797579, 802521.7546797579, 802521.7546797579, 802521.7546797579, 802521.7546797579, 802521.7546797579, 802521.7546797579, 802521.7546797579, 802521.7546797579, 802521.7546797579, 802521.7546797579, 802521.7546797579, 802521.7546797579, 802521.7546797579, 802521.7546797579, 802521.7546797579, 802521.7546797579, 802521.7546797579, 802521.7546797579, 802521.7546797579, 802521.7546797579, 802521.7546797579, 802521.7546797579, 802521.7546797579, 802521.7546797579, 802521.7546797579, 803387.5775784602, 806347.4010692802, 809701.4803163441, 809701.4803163441, 809701.4803163441, 809701.4803163441, 809701.4803163441, 809701.4803163441, 809701.4803163441, 809701.4803163441, 809701.4803163441, 809701.4803163441, 809701.4803163441, 809701.4803163441, 809701.4803163441, 809701.4803163441, 809701.4803163441, 809701.4803163441, 809701.4803163441, 809701.4803163441, 809701.4803163441, 809701.4803163441, 809701.4803163441, 809701.4803163441, 809701.4803163441, 809701.4803163441, 809701.4803163441, 809701.4803163441, 809701.4803163441, 809701.4803163441, 809701.4803163441, 809701.4803163441, 809701.4803163441, 809701.4803163441, 809701.4803163441, 809701.4803163441, 809701.4803163441, 809701.4803163441, 809701.4803163441, 809701.4803163441, 809701.4803163441, 809701.4803163441, 809701.4803163441, 809701.4803163441, 809701.4803163441, 809701.4803163441, 809701.4803163441, 809701.4803163441, 809910.1984532853, 809910.1984532853, 809910.1984532853, 809910.1984532853, 809910.1984532853, 809910.1984532853, 809910.1984532853, 809910.1984532853, 809910.1984532853, 809910.1984532853, 809910.1984532853, 809910.1984532853, 809910.1984532853, 809910.1984532853, 809910.1984532853, 809910.1984532853, 809910.1984532853, 809910.1984532853, 809910.1984532853, 809910.1984532853, 809910.1984532853, 809910.1984532853, 809910.1984532853, 809910.1984532853, 809910.1984532853, 809910.1984532853, 809910.1984532853, 809910.1984532853, 809910.1984532853, 809910.1984532853, 809910.1984532853, 809910.1984532853, 810324.0, 810324.0, 810324.0, 810324.0, 810324.0, 810324.0, 810324.0, 810324.0, 810324.0, 810324.0, 810324.0, 810324.0, 810324.0, 810324.0, 810324.0, 810324.0, 810324.0, 810324.0, 810324.0, 810324.0, 810324.0, 810324.0, 810324.0, 810324.0, 810324.0, 810324.0, 810324.0, 810324.0, 810324.0, 810324.0, 810324.0, 810324.0, 810324.0, 810324.0, 810324.0, 810324.0, 810324.0, 810324.0, 810324.0, 810324.0, 810324.0, 810324.0, 810324.0, 810324.0, 810324.0, 810324.0, 810324.0, 810324.0, 810324.0, 810324.0, 810324.0, 810324.0, 810324.0, 810324.0, 810324.0, 810324.0, 810324.0, 810324.0, 810324.0, 810324.0, 
60623.703579730995, 29294.61067048116, 7469.388462268024, 7469.388462268024, 7469.388462268024, 7469.388462268024, 7469.388462268024, 7469.388462268024, 1865.1774732799056, 1865.1774732799056, 1865.1774732799056, 1091.1452701362768, 1091.1452701362768, 1091.1452701362768, 1091.1452701362768, 1091.1452701362768, 1091.1452701362768, 780.7909552933988, 780.7909552933988, 780.7909552933988, 780.7909552933988, 780.7909552933988, 615.8880083726027, 615.8880083726027, 615.8880083726027, 615.8880083726027, 615.8880083726027, 615.8880083726027, 615.8880083726027, 516.261943457089, 364.1248912718009, 364.1248912718009, 364.1248912718009, 364.1248912718009, 361.3294166139252, 361.3294166139252, 302.1942037500321, 200.25436346800842, 200.25436346800842, 200.25436346800842, 200.25436346800842, 142.63960174818962, 142.63960174818962, 142.63960174818962, 142.63960174818962, 139.0242289137513, 139.0242289137513, 139.0242289137513, 139.0242289137513, 132.01503749794094, 132.01503749794094, 132.01503749794094, 41.32442827624313, 41.32442827624313, 41.32442827624313, 41.32442827624313, 41.32442827624313, 41.32442827624313, 39.934190860644875, 39.934190860644875, 39.934190860644875, 39.934190860644875, 39.934190860644875, 39.934190860644875, 39.934190860644875, 39.934190860644875, 39.934190860644875, 39.934190860644875, 39.934190860644875, 39.934190860644875, 39.934190860644875, 39.934190860644875, 39.86377427002302, 39.86377427002302, 39.86377427002302, 36.810540150020906, 36.810540150020906, 36.810540150020906, 36.810540150020906, 36.810540150020906, 36.810540150020906, 29.91375551094686, 29.91375551094686, 29.91375551094686, 29.91375551094686, 29.91375551094686, 29.887296150462806, 29.887296150462806, 29.887296150462806, 29.887296150462806, 29.887296150462806, 173147.9161639922, 320140.5046677179, 389521.7104150834, 228475.0485091137, 365005.4776451661, 365005.4776451661, 279101.4147436929, 345906.80315740115, 345906.80315740115, 593301.4860991746, 593301.4860991746, 593301.4860991746, 593301.4860991746, 608534.5211177219, 608534.5211177219, 608534.5211177219, 632969.1253120045, 632969.1253120045, 634550.9208964318, 710056.4469597541, 710056.4469597541, 710056.4469597541, 710056.4469597541, 718508.2940473111, 720899.9855520325, 749102.4927573074, 786761.2667527825, 800070.3785818003, 800070.3785818003, 800070.3785818003, 805981.1169326248, 805981.1169326248, 805981.1169326248, 810324.0, 810324.0, 810324.0, 810324.0, 810324.0, 810324.0, 810324.0, 810324.0, 810324.0, 810324.0, 810324.0, 810324.0, 810324.0, 810324.0, 810324.0, 810324.0, 810324.0, 810324.0, 810324.0, 810324.0, 810324.0, 810324.0, 810324.0, 810324.0, 810324.0, 810324.0, 810324.0, 810324.0, 810324.0, 810324.0, 810324.0, 810324.0, 810324.0, 810324.0, 810324.0, 810324.0, 810324.0, 810324.0, 810324.0, 810324.0, 810324.0, 810324.0, 810324.0, 810324.0, 810324.0, 810324.0, 810324.0, 810324.0, 810324.0, 810324.0, 810324.0, 810324.0, 810324.0, 810324.0, 810324.0, 810324.0, 810324.0, 810324.0, 810324.0, 810324.0, 810324.0, 810324.0, 810324.0, 810324.0, 810324.0, 810324.0, 810324.0, 810324.0, 810324.0, 810324.0, 810324.0, 810324.0, 810324.0, 810324.0, 810324.0, 810324.0, 810324.0, 810324.0, 810324.0, 810324.0, 810324.0, 810324.0, 810324.0, 810324.0, 810324.0, 810324.0, 810324.0, 810324.0, 810324.0, 810324.0, 810324.0, 810324.0, 810324.0, 810324.0, 810324.0, 810324.0, 810324.0, 810324.0, 810324.0, 810324.0, 810324.0, 810324.0, 810324.0, 810324.0, 810324.0, 810324.0, 810324.0, 810324.0, 810324.0, 810324.0, 810324.0, 810324.0, 810324.0, 810324.0, 810324.0, 810324.0, 810324.0, 810324.0, 810324.0, 810324.0, 810324.0, 810324.0, 810324.0, 810324.0, 810324.0, 810324.0, 810324.0, 810324.0, 810324.0, 810324.0, 810324.0, 810324.0, 810324.0, 810324.0, 810324.0, 810324.0, 810324.0, 810324.0, 810324.0, 810324.0, 810324.0, 810324.0, 810324.0, 810324.0, 810324.0, 810324.0, 810324.0, 810324.0, 810324.0, 810324.0, 810324.0, 810324.0, 810324.0, 810324.0, 810324.0, 810324.0, 810324.0, 810324.0, 810324.0, 810324.0, 810324.0, 810324.0, 810324.0, 810324.0, 810324.0, 810324.0, 810324.0, 810324.0, 810324.0, 810324.0, 810324.0, 810324.0, 810324.0, 810324.0, 810324.0, 810324.0, 810324.0, 810324.0, 810324.0, 810324.0, 810324.0, 810324.0, 810324.0, 810324.0, 810324.0, 810324.0, 810324.0, 810324.0, 810324.0, 810324.0, 810324.0, 810324.0, 810324.0, 810324.0, 810324.0, 810324.0, 810324.0, 810324.0, 810324.0, 810324.0, 810324.0, 810324.0, 810324.0, 810324.0, 810324.0, 810324.0, 810324.0, 810324.0, 810324.0, 810324.0, 810324.0, 810324.0, 810324.0, 810324.0, 810324.0, 810324.0, 810324.0, 810324.0, 810324.0, 810324.0, 810324.0, 810324.0, 810324.0, 810324.0, 810324.0, 810324.0, 810324.0, 810324.0, 810324.0, 810324.0, 810324.0, 810324.0, 810324.0, 810324.0, 810324.0, 810324.0, 810324.0, 810324.0, 810324.0, 810324.0, 810324.0, 810324.0, 810324.0, 810324.0, 810324.0, 810324.0, 810324.0, 810324.0, 810324.0, 810324.0, 810324.0, 810324.0, 810324.0, 810324.0, 810324.0, 810324.0, 810324.0, 810324.0, 810324.0, 810324.0, 810324.0, 810324.0, 810324.0, 810324.0, 810324.0, 810324.0, 810324.0, 810324.0, 810324.0, 810324.0, 810324.0, 810324.0, 810324.0, 810324.0, 810324.0, 810324.0, 810324.0, 810324.0, 810324.0, 810324.0, 810324.0, 810324.0, 810324.0, 810324.0, 810324.0, 810324.0, 810324.0, 810324.0, 810324.0, 810324.0, 810324.0, 810324.0, 810324.0, 810324.0, 810324.0, 810324.0, 810324.0, 810324.0, 810324.0, 810324.0, 810324.0, 810324.0, 810324.0, 810324.0, 810324.0, 810324.0, 810324.0, 810324.0, 810324.0, 810324.0, 810324.0, 810324.0, 810324.0, 810324.0, 810324.0, 810324.0, 810324.0, 810324.0, 810324.0, 810324.0, 810324.0, 810324.0, 810324.0, 810324.0, 810324.0, 810324.0, 810324.0, 810324.0, 810324.0, 810324.0, 810324.0, 810324.0, 810324.0, 810324.0, 810324.0, 810324.0, 810324.0, 810324.0, 810324.0, 810324.0, 810324.0, 810324.0, 810324.0, 810324.0, 810324.0, 810324.0, 810324.0, 810324.0, 810324.0, 810324.0, 810324.0, 810324.0, 810324.0, 810324.0, 810324.0, 810324.0, 810324.0, 810324.0, 810324.0, 810324.0, 810324.0, 810324.0, 810324.0, 810324.0, 810324.0, 810324.0, 810324.0, 810324.0, 810324.0, 810324.0, 810324.0, 810324.0, 810324.0, 810324.0, 810324.0, 810324.0, 810324.0, 810324.0, 810324.0, 810324.0, 810324.0, 810324.0, 810324.0, 810324.0, 810324.0, 810324.0, 810324.0, 810324.0, 810324.0, 810324.0, 810324.0, 810324.0, 810324.0, 810324.0, 810324.0, 810324.0, 810324.0, 810324.0, 810324.0, 810324.0, 810324.0, 810324.0, 810324.0, 810324.0, 810324.0, 810324.0, 810324.0, 810324.0, 810324.0, 810324.0, 810324.0, 810324.0, 810324.0, 810324.0, 810324.0, 810324.0, 810324.0, 810324.0, 810324.0, 810324.0, 810324.0, 810324.0, 810324.0, 810324.0, 810324.0, 810324.0, 810324.0, 810324.0, 810324.0, 810324.0, 810324.0, 810324.0, 810324.0, 810324.0, 810324.0, 810324.0, 810324.0, 810324.0, 810324.0, 810324.0, 810324.0, 810324.0, 810324.0, 810324.0, 810324.0, 810324.0, 810324.0, 810324.0, 810324.0, 810324.0, 810324.0, 810324.0, 810324.0, 810324.0, 810324.0, 810324.0, 810324.0, 810324.0, 810324.0, 810324.0, 810324.0, 810324.0, 810324.0, 810324.0, 810324.0, 810324.0, 810324.0, 810324.0, 810324.0, 810324.0, 810324.0, 810324.0, 810324.0, 810324.0, 810324.0, 810324.0, 810324.0, 810324.0, 810324.0, 810324.0, 810324.0, 810324.0, 810324.0, 810324.0, 810324.0, 810324.0, 810324.0, 810324.0, 810324.0, 810324.0, 810324.0, 810324.0, 810324.0, 810324.0, 810324.0, 810324.0, 810324.0, 810324.0, 810324.0, 810324.0, 810324.0, 810324.0, 810324.0, 810324.0, 810324.0, 810324.0, 810324.0, 810324.0, 810324.0, 810324.0, 810324.0, 810324.0, 810324.0, 810324.0, 810324.0, 810324.0, 810324.0, 810324.0, 810324.0, 810324.0, 810324.0, 810324.0, 810324.0, 810324.0, 810324.0, 810324.0, 810324.0, 810324.0, 810324.0, 810324.0, 810324.0, 810324.0, 810324.0, 810324.0, 810324.0, 810324.0, 810324.0, 810324.0, 810324.0, 810324.0, 810324.0, 810324.0, 810324.0, 810324.0, 810324.0, 810324.0, 810324.0, 810324.0, 810324.0, 810324.0, 810324.0, 810324.0, 810324.0, 810324.0, 810324.0, 810324.0, 810324.0, 809052.1417420768, 809052.1417420768, 809052.1417420768, 809052.1417420768, 809052.1417420768, 809052.1417420768, 809052.1417420768, 809052.1417420768, 809052.1417420768, 809052.1417420768, 809052.1417420768, 809052.1417420768, 809052.1417420768, 809052.1417420768, 809052.1417420768, 809052.1417420768, 809052.1417420768, 809052.1417420768, 809052.1417420768, 809052.1417420768, 809052.1417420768, 809052.1417420768, 809052.1417420768, 809052.1417420768, 809052.1417420768, 809052.1417420768, 809052.1417420768, 809052.1417420768, 809052.1417420768, 809052.1417420768, 809052.1417420768, 809052.1417420768, 809052.1417420768, 809052.1417420768, 809052.1417420768, 809052.1417420768, 809052.1417420768, 809052.1417420768, 809052.1417420768, 809052.1417420768, 809052.1417420768, 809052.1417420768, 809052.1417420768, 809052.1417420768, 809052.1417420768, 809052.1417420768, 809052.1417420768, 809052.1417420768, 809052.1417420768, 809052.1417420768, 809052.1417420768, 809052.1417420768, 809052.1417420768, 809052.1417420768, 809052.1417420768, 809052.1417420768, 809052.1417420768, 809052.1417420768, 809052.1417420768, 809052.1417420768, 809052.1417420768, 809052.1417420768, 809052.1417420768, 809052.1417420768, 809052.1417420768, 809052.1417420768, 809052.1417420768, 809052.1417420768, 809052.1417420768, 809052.1417420768, 809052.1417420768, 809052.1417420768, 809052.1417420768, 809052.1417420768, 809052.1417420768, 809052.1417420768, 809052.1417420768, 809052.1417420768, 809052.1417420768, 809052.1417420768, 809052.1417420768, 810324.0, 810324.0, 810324.0, 810324.0, 810324.0, 810324.0, 810324.0, 810324.0, 810324.0, 810324.0, 810324.0, 810324.0, 810324.0, 810324.0, 810324.0, 810324.0, 810324.0, 810324.0, 810324.0, 810324.0, 810324.0, 810324.0, 810324.0, 810324.0, 810324.0, 810324.0, 810324.0, 810324.0, 810324.0, 810324.0, 810324.0, 810324.0, 810324.0, 810324.0, 810324.0, 810324.0, 810324.0, 810324.0, 810324.0, 810324.0, 810324.0, 810324.0, 810324.0, 810324.0, 810324.0, 810324.0, 810324.0, 810324.0, 810324.0, 810324.0, 810324.0, 810324.0, 810324.0, 810324.0, 810324.0, 810324.0, 810324.0, 810324.0, 810324.0, 810324.0, 810324.0, 810324.0, 810324.0, 810324.0, 810324.0, 810324.0, 810324.0, 810324.0, 810324.0, 810324.0, 810324.0, 810324.0, 810324.0, 810324.0, 810324.0, 810324.0, 810324.0, 810324.0, 810324.0, 810324.0, 810324.0, 810324.0, 810324.0, 810324.0, 810324.0, 810324.0, 810324.0, 810324.0, 810324.0, 810324.0, 810324.0, 810324.0, 810324.0, 810324.0, 810324.0, 810324.0, 810324.0, 810324.0, 810324.0, 810324.0, 810324.0, 810324.0, 810324.0, 810324.0, 810324.0, 810324.0, 810324.0, 810324.0, 810324.0, 810324.0, 810324.0, 810324.0, 810324.0, 810324.0, 810324.0, 810324.0, 810324.0, 810324.0, 810324.0, 810324.0, 810324.0, 810324.0, 810324.0, 810324.0, 810324.0, 810324.0, 810324.0, 810324.0, 810324.0, 810324.0, 810324.0, 810324.0, 810324.0, 810324.0, 810324.0, 810324.0, 810324.0, 810324.0, 810324.0, 810324.0, 810324.0, 810324.0, 810324.0, 810324.0, 810324.0, 810324.0, 810324.0, 810324.0, 810324.0, 810324.0, 810324.0, 810324.0, 810324.0, 810324.0, 810324.0, 810324.0, 810324.0, 810324.0, 810324.0, 810324.0, 810324.0, 810324.0, 810324.0, 810324.0, 810324.0, 810324.0, 810324.0, 810324.0, 810324.0, 810324.0, 810324.0, 810324.0, 810324.0, 810324.0, 810324.0, 810324.0, 810324.0, 810324.0, 810324.0, 810324.0, 810324.0, 810324.0, 810324.0, 810324.0, 810324.0, 810324.0, 810324.0, 810324.0, 810324.0, 810324.0, 810324.0, 810324.0, 810324.0, 810324.0, 810324.0, 810324.0, 810324.0, 810324.0, 810324.0, 810324.0, 810324.0, 810324.0, 810324.0, 810324.0, 810324.0, 810324.0, 810324.0, 810324.0, 810324.0, 810324.0, 810324.0, 810324.0, 810324.0, 810324.0, 810324.0, 810324.0, 810324.0, 810324.0, 810324.0, 810324.0, 810324.0, 810324.0, 810324.0, 810324.0, 810324.0, 810324.0, 810324.0, 810324.0, 810324.0, 810324.0, 810324.0, 810324.0, 810324.0, 810324.0, 810324.0, 810324.0, 810324.0, 805874.0906346547, 805874.0906346547, 805874.0906346547, 805874.0906346547, 805874.0906346547, 805874.0906346547, 805874.0906346547, 805874.0906346547, 805874.0906346547, 805874.0906346547, 805874.0906346547, 805874.0906346547, 805874.0906346547, 805874.0906346547, 805874.0906346547, 805874.0906346547, 805874.0906346547, 805874.0906346547, 805874.0906346547, 805874.0906346547, 805874.0906346547, 805874.0906346547, 805874.0906346547, 805874.0906346547, 805874.0906346547, 805874.0906346547, 805874.0906346547, 805874.0906346547, 805874.0906346547, 805874.0906346547, 805874.0906346547, 805874.0906346547, 805874.0906346547, 805874.0906346547, 805874.0906346547, 809085.0352355093, 810324.0, 810324.0, 810324.0, 810324.0, 810324.0, 810324.0, 810324.0, 810324.0, 810324.0, 810324.0, 810324.0, 810324.0, 810324.0, 810324.0, 810324.0, 810324.0, 810324.0, 810324.0, 810324.0, 810324.0, 810324.0, 810324.0, 810324.0, 810324.0, 810324.0, 810324.0, 810324.0, 810324.0, 810324.0, 810324.0, 810324.0, 810324.0, 810324.0, 810324.0, 810324.0, 810324.0, 810324.0, 810324.0, 810324.0, 810324.0, 810324.0, 810324.0, 810324.0, 810324.0, 810324.0, 810324.0, 810324.0, 810324.0, 810324.0, 810324.0, 810324.0, 810324.0, 810324.0, 810324.0, 810324.0, 810324.0, 810324.0, 810324.0, 810324.0, 810324.0, 810324.0, 810324.0, 810324.0, 810324.0, 810324.0, 810324.0, 810324.0, 810324.0, 810324.0, 810324.0, 810324.0, 810324.0, 810324.0, 810324.0, 810324.0, 810324.0, 810324.0, 810324.0, 810324.0, 810324.0, 810324.0, 810324.0, 810324.0, 810324.0, 810324.0, 810324.0, 810324.0, 810324.0, 810324.0, 810324.0, 810324.0, 810324.0, 810324.0, 810324.0, 810324.0, 810324.0, 810324.0, 810324.0, 810324.0, 810324.0, 810324.0, 810324.0, 810324.0, 810324.0, 810324.0, 810324.0, 810324.0, 810324.0, 810324.0, 810324.0, 810324.0, 810324.0, 810324.0, 810324.0, 810324.0, 810324.0, 810324.0, 810324.0, 810324.0, 810324.0, 810324.0, 810324.0, 810324.0, 810324.0, 810324.0, 810324.0, 810324.0, 810324.0, 810324.0, 810324.0, 810324.0, 810324.0, 810324.0, 810324.0, 810324.0, 810324.0, 810324.0, 810324.0, 810324.0, 810324.0, 810324.0, 810324.0, 810324.0, 810324.0, 810324.0, 810324.0, 810324.0, 810324.0, 810324.0, 810324.0, 810324.0, 810324.0, 810324.0, 810324.0, 810324.0, 810324.0, 810324.0, 810324.0, 810324.0, 810324.0, 810324.0, 810324.0, 810324.0, 810324.0, 810324.0, 810324.0, 810324.0, 810324.0, 810324.0, 810324.0, 810324.0, 810324.0, 810324.0, 810324.0, 810324.0, 810324.0, 810324.0, 810324.0, 810324.0, 810324.0, 810324.0, 810324.0, 810324.0, 810324.0, 810324.0, 810324.0, 810324.0, 810324.0, 810324.0, 810324.0, 810324.0, 810324.0, 810324.0, 810324.0, 810324.0, 810324.0, 810324.0, 810324.0, 810324.0, 810324.0, 810324.0, 810324.0, 810324.0, 810324.0, 810324.0, 810324.0, 810324.0, 810324.0, 810324.0, 810324.0, 810324.0, 810324.0, 810324.0, 810324.0, 810324.0, 810324.0, 810324.0, 810324.0, 810324.0, 810324.0, 810324.0, 810324.0, 810324.0, 810324.0, 810324.0, 810324.0, 810324.0, 810324.0, 810324.0, 810324.0, 810324.0, 810324.0, 810324.0, 810324.0, 810324.0, 810324.0, 810324.0, 810324.0, 810324.0, 810324.0, 810324.0, 810324.0, 810324.0, 810324.0, 810324.0, 810324.0, 810324.0, 810324.0, 810324.0, 810324.0, 810324.0, 810324.0, 810324.0, 810324.0, 810324.0, 810324.0, 810324.0, 810324.0, 810324.0, 810324.0, 810324.0, 810324.0, 810324.0, 810324.0, 810324.0, 810324.0, 810324.0, 810324.0, 810324.0, 810324.0, 810324.0, 810324.0, 810324.0, 810324.0, 810324.0, 810324.0, 810324.0, 810324.0, 810324.0, 810324.0, 810324.0, 810324.0, 810324.0, 810324.0, 810324.0, 810324.0, 810324.0, 810324.0, 810324.0, 810324.0, 810324.0, 810324.0, 810324.0, 810324.0, 810324.0, 810324.0, 810324.0, 810324.0, 810324.0, 810324.0, 810324.0, 810324.0, 810324.0, 810324.0, 810324.0, 810324.0, 810324.0, 810324.0, 810324.0, 810324.0, 810324.0, 810324.0, 810324.0, 810324.0, 810324.0, 810324.0, 810324.0, 810324.0, 810324.0, 810324.0, 810324.0, 810324.0, 810324.0, 810324.0, 810324.0, 810324.0, 810324.0, 810324.0, 810324.0, 810324.0, 810324.0, 810324.0, 810324.0, 810324.0, 810324.0, 810324.0, 810324.0, 810324.0, 810324.0, 810324.0, 810324.0, 810324.0, 810324.0, 810324.0, 810324.0, 810324.0, 810324.0, 810324.0, 810324.0, 810324.0, 810324.0, 810324.0, 810324.0, 810324.0, 810324.0, 810324.0, 810324.0, 810324.0, 810324.0, 810324.0, 810324.0, 810324.0, 810324.0, 810324.0, 810324.0, 810324.0, 810324.0, 810324.0, 810324.0, 810324.0, 810324.0, 810324.0, 810324.0, 810324.0, 810324.0, 810324.0, 810324.0, 810324.0, 810324.0, 810324.0, 810324.0, 810324.0, 810324.0, 810324.0, 810324.0, 810324.0, 810324.0, 810324.0, 810324.0, 810324.0, 810324.0, 810324.0, 810324.0, 810324.0, 810324.0, 810324.0, 810324.0, 810324.0, 810324.0, 810324.0, 810324.0, 810324.0, 810324.0, 810324.0, 810324.0, 810324.0, 810324.0, 810324.0, 810324.0, 810324.0, 810324.0, 810324.0, 810324.0, 810324.0, 810324.0, 810324.0, 810324.0, 810324.0, 810324.0, 810324.0, 810324.0, 810324.0, 810324.0, 810324.0, 810324.0, 810324.0, 810324.0, 810324.0, 810324.0, 810324.0, 810324.0, 810324.0, 810324.0, 810324.0, 810324.0, 810324.0, 810324.0, 810324.0, 810324.0, 810324.0, 810324.0, 810324.0, 810324.0, 810324.0, 810324.0, 810324.0, 810324.0, 810324.0, 810324.0, 810324.0, 810324.0, 810324.0, 810324.0, 810324.0, 810324.0, 810324.0, 810324.0, 810324.0, 810324.0, 810324.0, 810324.0, 810324.0, 810324.0, 810297.6924997343, 810297.6924997343, 810297.6924997343, 810297.6924997343, 810297.6924997343, 810297.6924997343, 810297.6924997343, 810297.6924997343, 810297.6924997343, 810297.6924997343, 810297.6924997343, 810297.6924997343, 810297.6924997343, 810297.6924997343, 810297.6924997343, 810297.6924997343, 810297.6924997343, 810297.6924997343, 810297.6924997343, 810297.6924997343, 810297.6924997343, 810297.6924997343, 810297.6924997343, 810297.6924997343, 810297.6924997343, 810297.6924997343, 810297.6924997343, 810297.6924997343, 810297.6924997343, 810297.6924997343, 810297.6924997343, 810297.6924997343, 810297.6924997343, 810297.6924997343, 810297.6924997343, 810297.6924997343, 810297.6924997343, 810297.6924997343, 810324.0, 810324.0, 810324.0, 810324.0, 810324.0, 810324.0, 810324.0, 810324.0, 810324.0, 810324.0, 810324.0, 810324.0, 810324.0, 810324.0, 810324.0, 810324.0, 810324.0, 810324.0, 810324.0, 810324.0, 810324.0, 810324.0, 810324.0, 810324.0, 810324.0, 810324.0, 810324.0, 810324.0, 810324.0, 810324.0, 810324.0, 810324.0, 810324.0, 810324.0, 810324.0, 810324.0, 810324.0, 810324.0, 810324.0, 810324.0, 810324.0, 810324.0, 810324.0, 810324.0, 810324.0, 810324.0, 810324.0, 810324.0, 810324.0, 810324.0, 810324.0, 810324.0, 810324.0, 810324.0, 810324.0, 810324.0, 810324.0, 810324.0, 810324.0, 810324.0, 810324.0, 810324.0, 810324.0, 810324.0, 810324.0, 810324.0, 810324.0, 810324.0, 810324.0, 810324.0, 810324.0, 810324.0, 810324.0, 810324.0, 810324.0, 810324.0, 810324.0, 810324.0, 810324.0, 810324.0, 810324.0, 810324.0, 810324.0, 810324.0, 810324.0, 810324.0, 810324.0, 810324.0, 810324.0, 810324.0, 810324.0, 810324.0, 810324.0, 810324.0, 810324.0, 810324.0, 810324.0, 810324.0, 810324.0, 810324.0, 810324.0, 810324.0, 810324.0, 810324.0, 810324.0, 810324.0, 810324.0, 810324.0, 810324.0, 810324.0, 810324.0, 810324.0, 810324.0, 810324.0, 810324.0, 810324.0, 810324.0, 810324.0, 810324.0, 810324.0, 810324.0, 810324.0, 810324.0, 810324.0, 810324.0, 810324.0, 810324.0, 810324.0, 810324.0, 810324.0, 810324.0, 810324.0, 810324.0, 810324.0, 810324.0, 810324.0, 810324.0, 810324.0, 810324.0, 810324.0, 810324.0, 810324.0, 810324.0, 810324.0, 810324.0, 810324.0, 810324.0, 810324.0, 810324.0, 810324.0, 810324.0, 810324.0, 810324.0, 810324.0, 810324.0, 810324.0, 810324.0, 810324.0, 810324.0, 810324.0, 810324.0, 810324.0, 810324.0, 810324.0, 810324.0, 810324.0, 810324.0, 810324.0, 810324.0, 810324.0, 810324.0, 810324.0, 810324.0, 810324.0, 810324.0, 810324.0, 810324.0, 810324.0, 810324.0, 810324.0, 810324.0, 810324.0, 810324.0, 810324.0, 810324.0, 810324.0, 810324.0, 810324.0, 810324.0, 810324.0, 810324.0, 810324.0, 810324.0, 810324.0, 810324.0, 810324.0, 810324.0, 810324.0, 810324.0, 810324.0, 810324.0, 810324.0, 810324.0, 810324.0, 810324.0, 810324.0, 810324.0, 810324.0, 810324.0, 810324.0, 810324.0, 810324.0, 810324.0, 810324.0, 810324.0, 810324.0, 810324.0, 810324.0, 810324.0, 810324.0, 810324.0, 810324.0, 810324.0, 810324.0, 810324.0, 810324.0, 810324.0, 810324.0, 810324.0, 810324.0, 810324.0, 810324.0, 810324.0, 810324.0, 810324.0, 810324.0, 810324.0, 810324.0, 810324.0, 810324.0, 810324.0, 810324.0, 810324.0, 810324.0, 810324.0, 810324.0, 810324.0, 810324.0, 810324.0, 810324.0, 810324.0, 810324.0, 810324.0, 810324.0, 810324.0, 810324.0, 810324.0, 810324.0, 810324.0, 810324.0, 810324.0, 810324.0, 810324.0, 810324.0, 810324.0, 810324.0, 810324.0, 810324.0, 810324.0, 810324.0, 810324.0, 810324.0, 810324.0, 810324.0, 810324.0, 810324.0, 810324.0, 810324.0, 810324.0, 810324.0, 810324.0, 810324.0, 810324.0, 810324.0, 810324.0, 810324.0, 810324.0, 810324.0, 810324.0, 810324.0, 810324.0, 810324.0, 810324.0, 810324.0, 810324.0, 810324.0, 810324.0, 810324.0, 810324.0, 810324.0, 810324.0, 810324.0, 810324.0, 810324.0, 810324.0, 810324.0, 810324.0, 810324.0, 810324.0, 810324.0, 810324.0, 810324.0, 810324.0, 810324.0, 810324.0, 810324.0, 810324.0, 810324.0, 810324.0, 810324.0, 810324.0, 810324.0, 810324.0, 810324.0, 810324.0, 750209.2458613082, 750209.2458613082, 750209.2458613082, 750209.2458613082, 750209.2458613082, 750209.2458613082, 750209.2458613082, 750209.2458613082, 750209.2458613082, 750209.2458613082, 750209.2458613082, 750209.2458613082, 750209.2458613082, 750209.2458613082, 750209.2458613082, 750209.2458613082, 750209.2458613082, 750209.2458613082, 750209.2458613082, 750209.2458613082, 750209.2458613082, 757867.9370505754, 757867.9370505754, 764695.4943570474, 764695.4943570474, 764695.4943570474, 764695.4943570474, 764695.4943570474, 764695.4943570474, 791564.4490599945, 791564.4490599945, 797418.9536228738, 797418.9536228738, 805505.5236758874, 807597.5386177, 810114.960221485, 810324.0, 810324.0, 810324.0, 810324.0, 810324.0, 810324.0, 810324.0, 810324.0, 810324.0, 810324.0, 810324.0, 810324.0, 810324.0, 810324.0, 810324.0, 810324.0, 810324.0, 810324.0, 810324.0, 810324.0, 810324.0, 810324.0, 810324.0, 810324.0, 810324.0, 810324.0, 810324.0, 810324.0, 810324.0, 810324.0, 810324.0, 810324.0, 810324.0, 810324.0, 810324.0, 810324.0, 810324.0, 810324.0, 810324.0, 810324.0, 810324.0, 810324.0, 810324.0, 810324.0, 810324.0, 810324.0, 810324.0, 810324.0, 810324.0, 810324.0, 810324.0, 810324.0, 810324.0, 810324.0, 810324.0, 810324.0, 810324.0, 810324.0, 810324.0, 810324.0, 810324.0, 810324.0, 810324.0, 810324.0, 810324.0, 810324.0, 810324.0, 810324.0, 810324.0, 810324.0, 810324.0, 810324.0, 810324.0, 810324.0, 810324.0, 810324.0, 810324.0, 810324.0, 810324.0, 810324.0, 810324.0, 810324.0, 810324.0, 810324.0, 810324.0, 810324.0, 810324.0, 810324.0, 810324.0, 810324.0, 810324.0, 810324.0, 810324.0, 810324.0, 810324.0, 810324.0, 810324.0, 810324.0, 810324.0, 810324.0, 810324.0, 810324.0, 810324.0, 810324.0, 810324.0, 810324.0, 810324.0, 810324.0, 810324.0, 810324.0, 810324.0, 810324.0, 810324.0, 810324.0, 810324.0, 810324.0, 810324.0, 810324.0, 810324.0, 810324.0, 810324.0, 810324.0, 810324.0, 810324.0, 810324.0, 810324.0, 810324.0, 810324.0, 810324.0, 810324.0, 810324.0, 810324.0, 810324.0, 810324.0, 810324.0, 810324.0, 810324.0, 810324.0, 810324.0, 810324.0, 810324.0, 810324.0, 810324.0, 810324.0, 810324.0, 810324.0, 810324.0, 810324.0, 810324.0, 810324.0, 810324.0, 810324.0, 810324.0, 810324.0, 810324.0, 810324.0, 810324.0, 810324.0, 810324.0, 810324.0, 810324.0, 810324.0, 810324.0, 810324.0, 810324.0, 810324.0, 810324.0, 810324.0, 810324.0, 810324.0, 810324.0, 810324.0, 810324.0, 810324.0, 810324.0, 810324.0, 810324.0, 810324.0, 810324.0, 810324.0, 810324.0, 810324.0, 810324.0, 810324.0, 810324.0, 810324.0, 810324.0, 810324.0, 810324.0, 810324.0, 810324.0, 810324.0, 810324.0, 810324.0, 810324.0, 810324.0, 810324.0, 810324.0, 810324.0, 810324.0, 810324.0, 810324.0, 810324.0, 810324.0, 810324.0, 810324.0, 810324.0, 810324.0, 810324.0, 810324.0, 810324.0, 810324.0, 810324.0, 810324.0, 810324.0, 810324.0, 810324.0, 810324.0, 810324.0, 810324.0, 810324.0, 810324.0, 810324.0, 810324.0, 810324.0, 810324.0, 810324.0, 810324.0, 810324.0, 810324.0, 810324.0, 810324.0, 810324.0, 810324.0, 810324.0, 810324.0, 810324.0, 810324.0, 810324.0, 810324.0, 810324.0, 810324.0, 810324.0, 810324.0, 810324.0, 810324.0, 810324.0, 810324.0, 810324.0, 810324.0, 810324.0, 810324.0, 810324.0, 810324.0, 810324.0, 810324.0, 810324.0, 810324.0, 810324.0, 810324.0, 810324.0, 810324.0, 810324.0, 810324.0, 810324.0, 810324.0, 810324.0, 810324.0, 810324.0, 810324.0, 810324.0, 810324.0, 810324.0, 810324.0, 810324.0, 810324.0, 810324.0, 810324.0, 810324.0, 810324.0, 810324.0, 810324.0, 810324.0, 810324.0, 810324.0, 810324.0, 810324.0, 810324.0, 810324.0, 810324.0, 810324.0, 810324.0, 810324.0, 810324.0, 810324.0, 810324.0, 810324.0, 810324.0, 810324.0, 810324.0, 810324.0, 810324.0, 810324.0, 810324.0, 810324.0, 810324.0, 810324.0, 810324.0, 810324.0, 810324.0, 810324.0, 810324.0, 810324.0, 810324.0, 810324.0, 810324.0, 810324.0, 810324.0, 810324.0, 810324.0, 810324.0, 810324.0, 810324.0, 810324.0, 810324.0, 810324.0, 810324.0, 810324.0, 810324.0, 810324.0, 810324.0, 810324.0, 810324.0, 810324.0, 810324.0, 810324.0, 810324.0, 810324.0, 810324.0, 810324.0, 810324.0, 810324.0, 810324.0, 810324.0, 810324.0, 810324.0, 810324.0, 810324.0, 810324.0, 810324.0, 810324.0, 810324.0, 810324.0, 810324.0, 810324.0, 810324.0, 810324.0, 810324.0, 810324.0, 810324.0, 810324.0, 810324.0, 810324.0, 810324.0, 810324.0, 810324.0, 810324.0, 810324.0, 810324.0, 810324.0, 810324.0, 810324.0, 810324.0, 810324.0, 810324.0, 810324.0, 810324.0, 810324.0, 810324.0, 810324.0, 810324.0, 810324.0, 810324.0, 810324.0, 810324.0, 810324.0, 810324.0, 810324.0, 810324.0, 810324.0, 810324.0, 810324.0, 810324.0, 810324.0, 810324.0, 810324.0, 810324.0, 810324.0, 810324.0, 810324.0, 810324.0, 810324.0, 810324.0, 810324.0, 810324.0, 810324.0, 810324.0, 810324.0, 810324.0, 810324.0, 810324.0, 810324.0, 810324.0, 810324.0, 810324.0, 810324.0, 810324.0, 810324.0, 810324.0, 810324.0, 810324.0, 810324.0, 810324.0, 810324.0, 810324.0, 810324.0, 810324.0, 810324.0, 810324.0, 810324.0, 810324.0, 810324.0, 810324.0, 810324.0, 810324.0, 810324.0, 810324.0, 810324.0, 810324.0, 810324.0, 810324.0, 810324.0, 810324.0, 810324.0, 810324.0, 810324.0, 810324.0, 810324.0, 810324.0, 810324.0, 810324.0, 810324.0, 810324.0, 810324.0, 810324.0, 810324.0, 810324.0, 810324.0, 810324.0, 810324.0, 810324.0, 810324.0, 810324.0, 810324.0, 810324.0, 810324.0, 810324.0, 810324.0, 810324.0, 810324.0, 810324.0, 810324.0, 810324.0, 810324.0, 810324.0, 810324.0, 810324.0, 810324.0, 810324.0, 810324.0, 810324.0, 810324.0, 810324.0, 810324.0, 810324.0, 810324.0, 810324.0, 810324.0, 810324.0, 810324.0, 810324.0, 810324.0, 810324.0, 810324.0, 810324.0, 810324.0, 810324.0, 810324.0, 810324.0, 810324.0, 810324.0, 810324.0, 810324.0, 810324.0, 810324.0, 810324.0, 810324.0, 810324.0, 810324.0, 810324.0, 810324.0, 810324.0, 810324.0, 810324.0, 810324.0, 810324.0, 810324.0, 810324.0, 810324.0, 810324.0, 810324.0, 810324.0, 810324.0, 810324.0, 810324.0, 810324.0, 810324.0, 810324.0, 810324.0, 810324.0, 810324.0, 810324.0, 810324.0, 810324.0, 810324.0, 810324.0, 810324.0, 810324.0, 810324.0, 810324.0, 810324.0, 810324.0, 810324.0, 810324.0, 810324.0, 810324.0, 810324.0, 810324.0, 810324.0, 810324.0, 810324.0, 810324.0, 810324.0, 810324.0, 810324.0, 810324.0, 810324.0, 810324.0, 810324.0, 810324.0, 810324.0, 810324.0, 810324.0, 810324.0, 810324.0, 810324.0, 810324.0, 810324.0, 810324.0, 810324.0, 810324.0, 810324.0, 810324.0, 810324.0, 810324.0, 810324.0, 810324.0, 810324.0, 810324.0, 810324.0, 810324.0, 810324.0, 810324.0, 810324.0, 810324.0, 810324.0, 810324.0, 810324.0, 810324.0, 810324.0, 810324.0, 810324.0, 810324.0, 810324.0, 810324.0, 810324.0, 810324.0, 810324.0, 810324.0, 810324.0, 810324.0, 810324.0, 810324.0, 810324.0, 810324.0, 810324.0, 810324.0, 810324.0, 810324.0, 810324.0, 810324.0, 810324.0, 810324.0, 810324.0, 810324.0, 810324.0, 810324.0, 810324.0, 810324.0, 810324.0, 810324.0, 810324.0, 810324.0, 810324.0, 810324.0, 810324.0, 810324.0, 810324.0, 810324.0, 810324.0, 810324.0, 810324.0, 810324.0, 810324.0, 810324.0, 810324.0, 810324.0, 810324.0, 810324.0, 810324.0, 810324.0, 810324.0, 810324.0, 810324.0, 810324.0, 810324.0, 810324.0, 810324.0, 810324.0, 810324.0, 810324.0, 810324.0, 810324.0, 810324.0, 810324.0, 810324.0, 810324.0, 810324.0, 810324.0, 810324.0, 810324.0, 810324.0, 810324.0, 810324.0, 810324.0, 810324.0, 810324.0, 810324.0, 810324.0, 810324.0, 810324.0, 810324.0, 810324.0, 810324.0, 810324.0, 810324.0, 810324.0, 810324.0, 810324.0, 810324.0, 810324.0, 810324.0, 810324.0, 810324.0, 810324.0, 810324.0, 810324.0, 810324.0, 810324.0, 810324.0, 810324.0, 810324.0, 810324.0, 810324.0, 810324.0, 810324.0, 810324.0, 810324.0, 810324.0, 810324.0, 810324.0, 810324.0, 810324.0, 810324.0, 810324.0, 810324.0, 810324.0, 810324.0, 810324.0, 810324.0, 810324.0, 810324.0, 810324.0, 810324.0, 810324.0, 810324.0, 810324.0, 810324.0, 810324.0, 810324.0, 810324.0, 810324.0, 810324.0, 810324.0, 810324.0, 810324.0, 810324.0, 810324.0, 810324.0, 810324.0, 810324.0, 810324.0, 810324.0, 810324.0, 810324.0, 810324.0, 810324.0, 810324.0, 810324.0, 810324.0, 810324.0, 810324.0, 810324.0, 810324.0, 810324.0, 810324.0, 810324.0, 810324.0, 810324.0, 810324.0, 810324.0, 810324.0, 810324.0, 810324.0, 810324.0, 810324.0, 810324.0, 810324.0, 810324.0, 810324.0, 810324.0, 810324.0, 810324.0, 810324.0, 810324.0, 810324.0, 810324.0, 810324.0, 810324.0, 810324.0, 810324.0, 810324.0, 810324.0, 810324.0, 810324.0, 810324.0, 810324.0, 810324.0, 810324.0, 810324.0, 810324.0, 810324.0, 810324.0, 810324.0, 810324.0, 810324.0, 810324.0, 810324.0, 810324.0, 810324.0, 810324.0, 810324.0, 810324.0, 810324.0, 810324.0, 810324.0, 810324.0, 810324.0, 810324.0, 810324.0, 810324.0, 810324.0, 810324.0, 810324.0, 810324.0, 810324.0, 810324.0, 810324.0, 810324.0, 810324.0, 810324.0, 810324.0, 810324.0, 810324.0, 810324.0, 810324.0, 810324.0, 810324.0, 810324.0, 810324.0, 810324.0, 810324.0, 810324.0, 810324.0, 810324.0, 810324.0, 810324.0, 808629.7620818318, 808629.7620818318, 808629.7620818318, 808629.7620818318, 808629.7620818318, 808629.7620818318, 808629.7620818318, 808629.7620818318, 808629.7620818318, 808629.7620818318, 808629.7620818318, 808629.7620818318, 808629.7620818318, 808629.7620818318, 808629.7620818318, 808629.7620818318, 808629.7620818318, 808629.7620818318, 808629.7620818318, 808629.7620818318, 808629.7620818318, 808629.7620818318, 808629.7620818318, 808629.7620818318, 808629.7620818318, 808629.7620818318, 808629.7620818318, 808629.7620818318, 808629.7620818318, 808629.7620818318, 808629.7620818318, 808629.7620818318, 808629.7620818318, 808629.7620818318, 808629.7620818318, 808629.7620818318, 810324.0, 810324.0, 810324.0, 810324.0, 810324.0, 810324.0, 810324.0, 810324.0, 810324.0, 810324.0, 810324.0, 810324.0, 810324.0, 810324.0, 810324.0, 810324.0, 810324.0, 810324.0, 810324.0, 810324.0, 810324.0, 810324.0, 810324.0, 810324.0, 810324.0, 810324.0, 810324.0, 810324.0, 810324.0, 810324.0, 810324.0, 810324.0, 810324.0, 810324.0, 810324.0, 810324.0, 810324.0, 810324.0, 810324.0, 810324.0, 810324.0, 810324.0, 810324.0, 810324.0, 810324.0, 810324.0, 810324.0, 810324.0, 810324.0, 810324.0, 810324.0, 810324.0, 810324.0, 810324.0, 810324.0, 810324.0, 810324.0, 810324.0, 810324.0, 810324.0, 810324.0, 810324.0, 810324.0, 810324.0, 810324.0, 810324.0, 810324.0, 810324.0, 810324.0, 810324.0, 810324.0, 810324.0, 810324.0, 810324.0, 810324.0, 810324.0, 810324.0, 810324.0, 810324.0, 810324.0, 810324.0, 810324.0, 810324.0, 810324.0, 810324.0, 810324.0, 810324.0, 810324.0, 810324.0, 810324.0, 810324.0, 810324.0, 810324.0, 810324.0, 810324.0, 810324.0, 810324.0, 810324.0, 810324.0, 810324.0, 810324.0, 810324.0, 810324.0, 810324.0, 810324.0, 810324.0, 810324.0, 810324.0, 810324.0, 810324.0, 810324.0, 810324.0, 810324.0, 810324.0, 810324.0, 810324.0, 810324.0, 810324.0, 810324.0, 810324.0, 810324.0, 810324.0, 810324.0, 810324.0, 810324.0, 810324.0, 810324.0, 810324.0, 810324.0, 810324.0, 810324.0, 810324.0, 810324.0, 810324.0, 810324.0, 810324.0, 810324.0, 810324.0, 810324.0, 810324.0, 810324.0, 810324.0, 810324.0, 810324.0, 810324.0, 810324.0, 810324.0, 810324.0, 810324.0, 810324.0, 810324.0, 810324.0, 810324.0, 810324.0, 810324.0, 810324.0, 810324.0, 810324.0, 810324.0, 810324.0, 810324.0, 810324.0, 810324.0, 810324.0, 810324.0, 810324.0, 810324.0, 810324.0, 810324.0, 810324.0, 810324.0, 810324.0, 810324.0, 810324.0, 810324.0, 810324.0, 810324.0, 810324.0, 810324.0, 810324.0, 810324.0, 810324.0, 810324.0, 810324.0, 810324.0, 810324.0, 810324.0, 810324.0, 810324.0, 810324.0, 810324.0, 810324.0, 810324.0, 810324.0, 810324.0, 810324.0, 810324.0, 810324.0, 810324.0, 810324.0, 810324.0, 810324.0, 810324.0, 810324.0, 810324.0, 810324.0, 810324.0, 810324.0, 810324.0, 810324.0, 810324.0, 810324.0, 810324.0, 810324.0, 810324.0, 810324.0, 810324.0, 810324.0, 810324.0, 810324.0, 810324.0, 810324.0, 810324.0, 810324.0, 810324.0, 810324.0, 810324.0, 810324.0, 810324.0, 810324.0, 810324.0, 810324.0, 810324.0, 810324.0, 810324.0, 810324.0, 810324.0, 810324.0, 810324.0, 810324.0, 810324.0, 810324.0, 810324.0, 810324.0, 810324.0, 810324.0, 810324.0, 810324.0, 810324.0, 810324.0, 810324.0, 810324.0, 810324.0, 810324.0, 810324.0, 810324.0, 810324.0, 810324.0, 810324.0, 810324.0, 810324.0, 810324.0, 810324.0, 810324.0, 810324.0, 810324.0, 810324.0, 810324.0, 810324.0, 810324.0, 810324.0, 810324.0, 810324.0, 810324.0, 810324.0, 810324.0, 810324.0, 810324.0, 810324.0, 810324.0, 810324.0, 810324.0, 810324.0, 810324.0, 810324.0, 810324.0, 810324.0, 810324.0, 810324.0, 810324.0, 810324.0, 810324.0, 810324.0, 810324.0, 810324.0, 810324.0, 810324.0, 810324.0, 810324.0, 810324.0, 810324.0, 810324.0, 810324.0, 810324.0, 810324.0, 810324.0, 810324.0, 810324.0, 810324.0, 810324.0, 810324.0, 810324.0, 810324.0, 810324.0, 810324.0, 810324.0, 810324.0, 810324.0, 810324.0, 810324.0, 810324.0, 810324.0, 810324.0, 810324.0, 810324.0, 810324.0, 810324.0, 810324.0, 810324.0, 810324.0, 810324.0, 810324.0, 810324.0, 810324.0, 810324.0, 810324.0, 810324.0, 810324.0, 810324.0, 810324.0, 810324.0, 810324.0, 810324.0, 810324.0, 810324.0, 810324.0, 810324.0, 810324.0, 810324.0, 810324.0, 810324.0, 810324.0, 810324.0, 810324.0, 810324.0, 810324.0, 810324.0, 810324.0, 810324.0, 810324.0, 810324.0, 810324.0, 810324.0, 810324.0, 810324.0, 810324.0, 810324.0, 810324.0, 810324.0, 810324.0, 810324.0, 810324.0, 810324.0, 810324.0, 810324.0, 810324.0, 810324.0, 810324.0, 810324.0, 810324.0, 810324.0, 810324.0, 810324.0, 810324.0, 810324.0, 810324.0, 810324.0, 810324.0, 810324.0, 810324.0, 810324.0, 810324.0, 810324.0, 810324.0, 810324.0, 810324.0, 810324.0, 810324.0, 810324.0, 810324.0, 810324.0, 810324.0, 810324.0, 810324.0, 810324.0, 810324.0, 810324.0, 810324.0, 810324.0, 810324.0, 810324.0, 810324.0, 810324.0, 810324.0, 810324.0, 810324.0, 810324.0, 810324.0, 810324.0, 810324.0, 810324.0, 810324.0, 810324.0, 810324.0, 810324.0, 810324.0, 810324.0, 810324.0, 810324.0, 810324.0, 810324.0, 810324.0, 810324.0, 810324.0, 810324.0, 810324.0, 810324.0, 810324.0, 810324.0, 810324.0, 810324.0, 810324.0, 810324.0, 810324.0, 810324.0, 810324.0, 810324.0, 810324.0, 810324.0, 810324.0, 810324.0, 810324.0, 810324.0, 810324.0, 810324.0, 810324.0, 810324.0, 810324.0, 810324.0, 810324.0, 810324.0, 810324.0, 810324.0, 810324.0, 810324.0, 810324.0, 810324.0, 810324.0, 810324.0, 810324.0, 810324.0, 810324.0, 810324.0, 810324.0, 810324.0, 810324.0, 810324.0, 810324.0, 810324.0, 810324.0, 810324.0, 810324.0, 810324.0, 810324.0, 810324.0, 810324.0, 810324.0, 810324.0, 810324.0, 810324.0, 810324.0, 810324.0, 810324.0, 810324.0, 810324.0, 810324.0, 810324.0, 810324.0, 810324.0, 810324.0, 810324.0, 810324.0, 810324.0, 810324.0, 810324.0, 810324.0, 810324.0, 810324.0, 810324.0, 810324.0, 810324.0, 810324.0, 810324.0, 810324.0, 810324.0, 810324.0, 810324.0, 810324.0, 810324.0, 810324.0, 810324.0, 810324.0, 810324.0, 810324.0, 810324.0, 810324.0, 810324.0, 810324.0, 810324.0, 810324.0, 810324.0, 810324.0, 810324.0, 810324.0, 810324.0, 810324.0, 810324.0, 810324.0, 810324.0, 810324.0, 810324.0, 810324.0, 810324.0, 810324.0, 810324.0, 810324.0, 810324.0, 810324.0, 810324.0, 810324.0, 810324.0, 810324.0, 810324.0, 810324.0, 810324.0, 810324.0, 810324.0, 810324.0, 810324.0, 810324.0, 810324.0, 810324.0, 810324.0, 810324.0, 810324.0, 810324.0, 810324.0, 810324.0, 810324.0, 810324.0, 810324.0, 810324.0, 810324.0, 810324.0, 810324.0, 810324.0, 810324.0, 810324.0, 810324.0, 810324.0, 810324.0, 810324.0, 810324.0, 810324.0, 810324.0, 810324.0, 810324.0, 810324.0, 810324.0, 810324.0, 810324.0, 810324.0, 810324.0, 810324.0, 810324.0, 810324.0, 810324.0, 810324.0, 810324.0, 810324.0, 810324.0, 810324.0, 810324.0, 810324.0, 810324.0, 810324.0, 810324.0, 810324.0, 810324.0, 810324.0, 810324.0, 810324.0, 810324.0, 810324.0, 810324.0, 810324.0, 810324.0, 810324.0, 810324.0, 810324.0, 810324.0, 810324.0, 810324.0, 810324.0, 810324.0, 810324.0, 810324.0, 810324.0, 810324.0, 810324.0, 810324.0, 810324.0, 810324.0, 810324.0, 810324.0, 810324.0, 810324.0, 810324.0, 810324.0, 810324.0, 810324.0, 810324.0, 810324.0, 810324.0, 810324.0, 810036.1409925979, 810036.1409925979, 810036.1409925979, 810036.1409925979, 810036.1409925979, 810036.1409925979, 810036.1409925979, 810036.1409925979, 810036.1409925979, 810036.1409925979, 810036.1409925979, 810036.1409925979, 810036.1409925979, 810036.1409925979, 810036.1409925979, 810036.1409925979, 810036.1409925979, 810036.1409925979, 810036.1409925979, 810036.1409925979, 810036.1409925979, 810036.1409925979, 810036.1409925979, 810036.1409925979, 810036.1409925979, 810036.1409925979, 810036.1409925979, 810036.1409925979, 810036.1409925979, 810036.1409925979, 810036.1409925979, 810036.1409925979, 810036.1409925979, 810036.1409925979, 810036.1409925979, 810036.1409925979, 810036.1409925979, 810036.1409925979, 810036.1409925979, 810036.1409925979, 810036.1409925979, 810036.1409925979, 810036.1409925979, 807786.938771533, 807786.938771533, 810324.0, 810324.0, 810324.0, 810324.0, 810324.0, 810324.0, 810324.0, 810324.0, 810324.0, 810324.0, 810324.0, 810324.0, 810324.0, 810324.0, 810324.0, 810324.0, 810324.0, 810324.0, 810324.0, 810324.0, 810324.0, 810324.0, 810324.0, 810324.0, 810324.0, 810324.0, 810324.0, 810324.0, 810324.0, 810324.0, 810324.0, 810324.0, 810324.0, 810324.0, 810324.0, 810324.0, 810324.0, 810324.0, 810324.0, 810324.0, 810324.0, 810324.0, 810324.0, 810324.0, 810324.0, 810324.0, 810324.0, 810324.0, 810324.0, 810324.0, 810324.0, 810324.0, 810324.0, 810324.0, 810324.0, 810324.0, 810324.0, 810324.0, 810324.0, 810324.0, 810324.0, 810324.0, 810324.0, 810324.0, 810324.0, 810324.0, 810324.0, 810324.0, 810324.0, 810324.0, 810324.0, 810324.0, 810324.0, 810324.0, 810324.0, 810324.0, 810324.0, 810324.0, 810324.0, 810324.0, 810324.0, 810324.0, 810324.0, 810324.0, 810324.0, 810324.0, 810324.0, 810324.0, 810324.0, 810324.0, 810324.0, 810324.0, 810324.0, 810324.0, 810324.0, 810324.0, 810324.0, 810324.0, 810324.0, 810324.0, 810324.0, 810324.0, 810324.0, 810324.0, 810324.0, 810324.0, 810324.0, 810324.0, 810324.0, 810324.0, 810324.0, 810324.0, 810324.0, 810324.0, 810324.0, 810324.0, 810324.0, 810324.0, 810324.0, 810324.0, 810324.0, 810324.0, 810324.0, 810324.0, 810324.0, 810324.0, 810324.0, 810324.0, 810324.0, 810324.0, 810324.0, 810324.0, 810324.0, 810324.0, 810324.0, 810324.0, 810324.0, 810324.0, 810324.0, 810324.0, 810324.0, 810324.0, 810324.0, 810324.0, 810324.0, 810324.0, 810324.0, 810324.0, 810324.0, 810324.0, 810324.0, 810324.0, 810324.0, 810324.0, 810324.0, 810324.0, 810324.0, 810324.0, 810324.0, 810324.0, 810324.0, 810324.0, 810324.0, 810324.0, 810324.0, 810324.0, 810324.0, 810324.0, 810324.0, 810324.0, 810324.0, 810324.0, 810324.0, 810324.0, 810324.0, 810324.0, 810324.0, 810324.0, 810324.0, 810324.0, 810324.0, 810324.0, 810324.0, 810324.0, 810324.0, 810324.0, 810324.0, 810324.0, 810324.0, 810324.0, 810324.0, 810324.0, 810324.0, 810324.0, 810324.0, 810324.0, 810324.0, 810324.0, 810324.0, 810324.0, 810324.0, 810324.0, 810324.0, 810324.0, 810324.0, 810324.0, 810324.0, 810324.0, 810324.0, 810324.0, 810324.0, 810324.0, 810324.0, 810324.0, 810324.0, 810324.0, 810324.0, 810324.0, 810324.0, 810324.0, 810324.0, 810324.0, 810324.0, 810324.0, 810324.0, 810324.0, 810324.0, 810324.0, 802985.711779386, 802985.711779386, 802985.711779386, 802985.711779386, 802985.711779386, 802985.711779386, 802985.711779386, 802985.711779386, 802985.711779386, 802985.711779386, 802985.711779386, 802985.711779386, 802985.711779386, 802985.711779386, 802985.711779386, 802985.711779386, 802985.711779386, 802985.711779386, 802985.711779386, 802985.711779386, 802985.711779386, 802985.711779386, 802985.711779386, 802985.711779386, 802985.711779386, 802985.711779386, 802985.711779386, 802985.711779386, 802985.711779386, 809280.9166768601, 809280.9166768601, 809492.5878932457, 809492.5878932457, 809492.5878932457, 809492.5878932457, 809492.5878932457, 809492.5878932457, 810324.0, 810324.0, 810324.0, 810324.0, 810324.0, 810324.0, 810324.0, 810324.0, 810324.0, 810324.0, 810324.0, 810324.0, 810324.0, 810324.0, 810324.0, 810324.0, 810324.0, 810324.0, 810324.0, 810324.0, 810324.0, 810324.0, 810324.0, 810324.0, 810324.0, 810324.0, 810324.0, 810324.0, 810324.0, 810324.0, 810324.0, 810324.0, 810324.0, 810324.0, 810324.0, 810324.0, 810324.0, 810324.0, 810324.0, 810324.0, 810324.0, 810324.0, 810324.0, 810324.0, 810324.0, 810324.0, 810324.0, 810324.0, 810324.0, 810324.0, 810324.0, 810324.0, 810324.0, 810324.0, 810324.0, 810324.0, 810324.0, 810324.0, 810324.0, 810324.0, 810324.0, 810324.0, 810324.0, 810324.0, 810324.0, 810324.0, 810324.0, 810324.0, 810324.0, 810324.0, 810324.0, 810324.0, 810324.0, 810324.0, 810324.0, 810324.0, 810324.0, 810324.0, 810324.0, 810324.0, 810324.0, 810324.0, 810324.0, 810324.0, 810324.0, 810324.0, 810324.0, 810324.0, 810324.0, 810324.0, 810324.0, 810324.0, 810324.0, 810324.0, 810324.0, 810324.0, 810324.0, 810324.0, 810324.0, 787405.551016116, 787405.551016116, 787405.551016116, 787405.551016116, 787405.551016116, 787405.551016116, 787405.551016116, 787405.551016116, 787405.551016116, 787405.551016116, 787405.551016116, 787405.551016116, 787405.551016116, 787405.551016116, 787405.551016116, 787405.551016116, 787405.551016116, 787405.551016116, 787405.551016116, 787405.551016116, 787405.551016116, 787405.551016116, 787405.551016116, 787405.551016116, 787405.551016116, 787405.551016116, 787405.551016116, 787405.551016116, 787405.551016116, 787405.551016116, 787405.551016116, 787405.551016116, 787405.551016116, 793559.5180079414, 793559.5180079414, 799083.4936271822, 799083.4936271822, 799083.4936271822, 799083.4936271822, 809701.2315447542, 809701.2315447542, 809701.2315447542, 809701.2315447542, 809701.2315447542, 810324.0, 810324.0, 810324.0, 810324.0, 810324.0, 810324.0, 810324.0, 810324.0, 810324.0, 810324.0, 810324.0, 810324.0, 810324.0, 810324.0, 810324.0, 810324.0, 810324.0, 810324.0, 810324.0, 810324.0, 810324.0, 810324.0, 810324.0, 810324.0, 810324.0, 810324.0, 810324.0, 810324.0, 810324.0, 810324.0, 810324.0, 810324.0, 810324.0, 810324.0, 810324.0, 810324.0, 810324.0, 810324.0, 810324.0, 810324.0, 810324.0, 810324.0, 810324.0, 810324.0, 810324.0, 810324.0, 810324.0, 810324.0, 810324.0, 810324.0, 810324.0, 810324.0, 810324.0, 810324.0, 810324.0, 810324.0, 810324.0, 810324.0, 810324.0, 810324.0, 810324.0, 810324.0, 810324.0, 810324.0, 810324.0, 810324.0, 810324.0, 810324.0, 810324.0, 810324.0, 810324.0, 810324.0, 810324.0, 810324.0, 810324.0, 810324.0, 810324.0, 810324.0, 810324.0, 810324.0, 810324.0, 810324.0, 810324.0, 810324.0, 810324.0, 810324.0, 810324.0, 810324.0, 810324.0, 810324.0, 810324.0, 810324.0, 810324.0, 810324.0, 810324.0, 810324.0, 810324.0, 810324.0, 810324.0, 810324.0, 810324.0, 810324.0, 810324.0, 810324.0, 810324.0, 810324.0, 810324.0, 810324.0, 810324.0, 810324.0, 810324.0, 810324.0, 810324.0, 810324.0, 810324.0, 810324.0, 810324.0, 810324.0, 810324.0, 810324.0, 810324.0, 810324.0, 810324.0, 810324.0, 810324.0, 810324.0, 810324.0, 810324.0, 810324.0, 810324.0, 810324.0, 810324.0, 810324.0, 810324.0, 810324.0, 810324.0, 810324.0, 810324.0, 809795.9540416042, 809795.9540416042, 809795.9540416042, 809795.9540416042, 809795.9540416042, 809795.9540416042, 809795.9540416042, 809795.9540416042, 809795.9540416042, 809795.9540416042, 809795.9540416042, 809795.9540416042, 809795.9540416042, 809795.9540416042, 809795.9540416042, 809795.9540416042, 809795.9540416042, 809795.9540416042, 809795.9540416042, 809795.9540416042, 809795.9540416042, 809795.9540416042, 809795.9540416042, 809795.9540416042, 809795.9540416042, 809795.9540416042, 809795.9540416042, 809795.9540416042, 809795.9540416042, 809795.9540416042, 809795.9540416042, 809795.9540416042, 809795.9540416042, 809795.9540416042, 809795.9540416042, 809795.9540416042, 809795.9540416042, 809795.9540416042, 809795.9540416042, 809795.9540416042, 809795.9540416042, 809795.9540416042, 810324.0, 810324.0, 810324.0, 810324.0, 810324.0, 810324.0, 810324.0, 810324.0, 810324.0, 810324.0, 810324.0, 810324.0, 810324.0, 810324.0, 810324.0, 810324.0, 810324.0, 810324.0, 810324.0, 810324.0, 810324.0, 810324.0, 810324.0, 810324.0, 810324.0, 810324.0, 810324.0, 810324.0, 810324.0, 810324.0, 810324.0, 810324.0, 810324.0, 810324.0, 810324.0, 810324.0, 810324.0, 810324.0, 810324.0, 810324.0, 810324.0, 810324.0, 810324.0, 810324.0, 810324.0, 810324.0, 810324.0, 810324.0, 810324.0, 810324.0, 810324.0, 810324.0, 810324.0, 810324.0, 810324.0, 810324.0, 810324.0, 810324.0, 810324.0, 810324.0, 810324.0, 810324.0, 810324.0, 810324.0, 810324.0, 810324.0, 810324.0, 810324.0, 810324.0, 810324.0, 810324.0, 810324.0, 810324.0, 810324.0, 810324.0, 810324.0, 810324.0, 810324.0, 810324.0, 810324.0, 810324.0, 810324.0, 810324.0, 810324.0, 810324.0, 810324.0, 810324.0, 810324.0, 810324.0, 810324.0, 810324.0, 810324.0, 810324.0, 810324.0, 810324.0, 810324.0, 810324.0, 810324.0, 810324.0, 810324.0, 810324.0, 810324.0, 810324.0, 810324.0, 810324.0, 810324.0, 810324.0, 810324.0, 810324.0, 810324.0, 810324.0, 810324.0, 810324.0, 810324.0, 810324.0, 810324.0, 810324.0, 810324.0, 810324.0, 810324.0, 810324.0, 810324.0, 810324.0, 810324.0, 810324.0, 810324.0, 810324.0, 810324.0, 810324.0, 810324.0, 810324.0, 810324.0, 810324.0, 810324.0, 810324.0, 810324.0, 810324.0, 810324.0, 810324.0, 810324.0, 810324.0, 810324.0, 810324.0, 810324.0, 810324.0, 810324.0, 810324.0, 810324.0, 810324.0, 810324.0, 810324.0, 810324.0, 810324.0, 810324.0, 810324.0, 810324.0, 810324.0, 810324.0, 810324.0, 810324.0, 810324.0, 810324.0, 810324.0, 810324.0, 810324.0, 810324.0, 810324.0, 810324.0, 810324.0, 810324.0, 810324.0, 810324.0, 810324.0, 810324.0, 810324.0, 810324.0, 810324.0, 810324.0, 810324.0, 810324.0, 810324.0, 810324.0, 810324.0, 810324.0, 810324.0, 810324.0, 810324.0, 810324.0, 810324.0, 810324.0, 810324.0, 810324.0, 810324.0, 810324.0, 810324.0, 810324.0, 810324.0, 810324.0, 810324.0, 810324.0, 810324.0, 810324.0, 810324.0, 810324.0, 810324.0, 810324.0, 810324.0, 810324.0, 810324.0, 810324.0, 810324.0, 810324.0, 810324.0, 810324.0, 810324.0, 810324.0, 810324.0, 810324.0, 810324.0, 810324.0, 810324.0, 810324.0, 810324.0, 810324.0, 810324.0, 810324.0, 810324.0, 810324.0, 810324.0, 810324.0, 808476.8454665974, 808476.8454665974, 808476.8454665974, 808476.8454665974, 808476.8454665974, 808476.8454665974, 808476.8454665974, 808476.8454665974, 808476.8454665974, 808476.8454665974, 808476.8454665974, 808476.8454665974, 808476.8454665974, 808476.8454665974, 808476.8454665974, 808476.8454665974, 808476.8454665974, 808476.8454665974, 808476.8454665974, 808476.8454665974, 808476.8454665974, 808476.8454665974, 808476.8454665974, 808476.8454665974, 808476.8454665974, 808476.8454665974, 808476.8454665974, 808476.8454665974, 808476.8454665974, 808476.8454665974, 808476.8454665974, 808476.8454665974, 808476.8454665974, 808476.8454665974, 808476.8454665974, 808476.8454665974, 808476.8454665974, 808476.8454665974, 808476.8454665974, 808476.8454665974, 808476.8454665974, 808476.8454665974, 808476.8454665974, 808476.8454665974, 808476.8454665974, 808476.8454665974, 808476.8454665974, 808476.8454665974, 808476.8454665974, 808476.8454665974, 808476.8454665974, 808476.8454665974, 808476.8454665974, 808476.8454665974, 808476.8454665974, 808476.8454665974, 808476.8454665974, 808476.8454665974, 808476.8454665974, 808476.8454665974, 808476.8454665974, 808476.8454665974, 808476.8454665974, 808476.8454665974, 808476.8454665974, 808476.8454665974, 808476.8454665974, 808476.8454665974, 808476.8454665974, 808476.8454665974, 808476.8454665974, 808476.8454665974, 808476.8454665974, 808476.8454665974, 808476.8454665974, 808476.8454665974, 808476.8454665974, 808476.8454665974, 808476.8454665974, 809095.4974957237, 810324.0, 810324.0, 810324.0, 810324.0, 810324.0, 810324.0, 810324.0, 810324.0, 810324.0, 810324.0, 810324.0, 810324.0, 810324.0, 810324.0, 810324.0, 810324.0, 810324.0, 810324.0, 810324.0, 810324.0, 810324.0, 810324.0, 810324.0, 810324.0, 810324.0, 810324.0, 810324.0, 810324.0, 810324.0, 810324.0, 810324.0, 810324.0, 810324.0, 810324.0, 810324.0, 810324.0, 810324.0, 810324.0, 810324.0, 810324.0, 810324.0, 810324.0, 810324.0, 810324.0, 810324.0, 810324.0, 810324.0, 810324.0, 810324.0, 810324.0, 810324.0, 810324.0, 810324.0, 810324.0, 810324.0, 810324.0, 810324.0, 810324.0, 810324.0, 810324.0, 810324.0, 810324.0, 810324.0, 810324.0, 810324.0, 810324.0, 810324.0, 810324.0, 810324.0, 810324.0, 810324.0, 810324.0, 810324.0, 810324.0, 810324.0, 810324.0, 810324.0, 810324.0, 810324.0, 810324.0, 810324.0, 810324.0, 810324.0, 810324.0, 810324.0, 810324.0, 810324.0, 810324.0, 810324.0, 810324.0, 810324.0, 810324.0, 810324.0, 810324.0, 810324.0, 810324.0, 810324.0, 810324.0, 810324.0, 810324.0, 810324.0, 810324.0, 810324.0, 810324.0, 810324.0, 810324.0, 810324.0, 810324.0, 810324.0, 810324.0, 810324.0, 810324.0, 810324.0, 810324.0, 810324.0, 810324.0, 810324.0, 810324.0, 810324.0, 810324.0, 810324.0, 810324.0, 810324.0, 810324.0, 810324.0, 810324.0, 810324.0, 810324.0, 810324.0, 810324.0, 810324.0, 810324.0, 810324.0, 810324.0, 810324.0, 810324.0, 810324.0, 810324.0, 810324.0, 810324.0, 810324.0, 810324.0, 810324.0, 810324.0, 810324.0, 810324.0, 810324.0, 810324.0, 810324.0, 810324.0, 810324.0, 810324.0, 810324.0, 810324.0, 810324.0, 810324.0, 810324.0, 810324.0, 810324.0, 810324.0, 810324.0, 810324.0, 810324.0, 810324.0, 810324.0, 810324.0, 810324.0, 810324.0, 810324.0, 810324.0, 810324.0, 810324.0, 810324.0, 810324.0, 810324.0, 810324.0, 810324.0, 810324.0, 810324.0, 810324.0, 810324.0, 810324.0, 810324.0, 810324.0, 810324.0, 810324.0, 810324.0, 810324.0, 810324.0, 810324.0, 810324.0, 810324.0, 810324.0, 810324.0, 810324.0, 810324.0, 810324.0, 810324.0, 810324.0, 810324.0, 810324.0, 810324.0, 810324.0, 810324.0, 810324.0, 810324.0, 810324.0, 810324.0, 810324.0, 810324.0, 810324.0, 810324.0, 810324.0, 810324.0, 810324.0, 810324.0, 810324.0, 810324.0, 810324.0, 810324.0, 810324.0, 810324.0, 810324.0, 810324.0, 810324.0, 810324.0, 810324.0, 810324.0, 810324.0, 810324.0, 810324.0, 810324.0, 810324.0, 810324.0, 810324.0, 810324.0, 810324.0, 810324.0, 810324.0, 
57234.63135208546, 31851.950359473918, 26402.37158228125, 26402.37158228125, 26402.37158228125, 26402.37158228125, 20043.835456041274, 17897.89091110389, 13766.963864453704, 13766.963864453704, 11896.098289162619, 3882.1067900591793, 2698.2253273749798, 2667.546195762264, 2667.546195762264, 2667.546195762264, 740.4528351897083, 740.4528351897083, 740.4528351897083, 740.4528351897083, 740.4528351897083, 740.4494928383938, 665.4442931118031, 665.4442931118031, 665.4442931118031, 624.9616226529425, 624.9616226529425, 624.9616226529425, 624.9616226529425, 491.89818626043024, 491.89818626043024, 491.89818626043024, 491.89818626043024, 491.89818626043024, 371.79642054094785, 298.324824929834, 232.8095383256371, 190.86240286485173, 190.86240286485173, 172.71251855863454, 172.71251855863454, 172.71251855863454, 152.09293054433437, 152.09293054433437, 152.09293054433437, 152.09293054433437, 152.09293054433437, 152.09293054433437, 152.09293054433437, 140.44552290997999, 140.44552290997999, 138.05819772892897, 101.92584573137755, 96.0801449974124, 96.0801449974124, 96.0801449974124, 96.0801449974124, 96.0801449974124, 76.54653629290809, 76.54653629290809, 76.54653629290809, 76.54653629290809, 76.54653629290809, 76.54653629290809, 76.54653629290809, 76.54653629290809, 76.54653629290809, 76.54653629290809, 76.54653629290809, 76.54653629290809, 76.54653629290809, 76.54653629290809, 68.00143113498886, 68.00143113498886, 68.00143113498886, 64.95869086116022, 64.95869086116022, 64.95869086116022, 64.95869086116022, 64.95869086116022, 57.34795600246089, 52.33631964977011, 52.33631964977011, 52.33631964977011, 34.21901411876944, 34.21901411876944, 34.21901411876944, 34.21901411876944, 34.21901411876944, 34.21901411876944, 34.21901411876944, 95339.47775192015, 175132.3478948031, 186547.29227182132, 321603.9559071941, 321603.9559071941, 321603.9559071941, 264767.1941594939, 264767.1941594939, 421669.8280384189, 448525.27423080016, 499079.3779796871, 502547.4194667215, 579856.6292574008, 550552.0941088126, 578429.3803845766, 578429.3803845766, 609798.8062881106, 609798.8062881106, 609798.8062881106, 609798.8062881106, 646301.1505447893, 665962.2129614991, 734195.6576229141, 734195.6576229141, 734195.6576229141, 734195.6576229141, 802531.0305538077, 802531.0305538077, 803592.3009065746, 804439.899303816, 804439.899303816, 810324.0, 810324.0, 810324.0, 810324.0, 810324.0, 810324.0, 810324.0, 810324.0, 810324.0, 810324.0, 810324.0, 810324.0, 810324.0, 810324.0, 810324.0, 810324.0, 810324.0, 810324.0, 810324.0, 810324.0, 810324.0, 810324.0, 810324.0, 810324.0, 810324.0, 810324.0, 810324.0, 810324.0, 810324.0, 810324.0, 810324.0, 810324.0, 810324.0, 810324.0, 810324.0, 810324.0, 810324.0, 810324.0, 810324.0, 810324.0, 810324.0, 810324.0, 810324.0, 810324.0, 810324.0, 810324.0, 810324.0, 810324.0, 810324.0, 810324.0, 810324.0, 810324.0, 810324.0, 810324.0, 810324.0, 810324.0, 810324.0, 810324.0, 810324.0, 810324.0, 810324.0, 810324.0, 810324.0, 810324.0, 810324.0, 810324.0, 810324.0, 810324.0, 810324.0, 810324.0, 810324.0, 810324.0, 810324.0, 810324.0, 810324.0, 810324.0, 810324.0, 810324.0, 810324.0, 810324.0, 810324.0, 810324.0, 810324.0, 810324.0, 810324.0, 810324.0, 810324.0, 810324.0, 810324.0, 810324.0, 810324.0, 810324.0, 810324.0, 810324.0, 810324.0, 810324.0, 810324.0, 810324.0, 810324.0, 810324.0, 810324.0, 810324.0, 810324.0, 810324.0, 810324.0, 810324.0, 810324.0, 810324.0, 810324.0, 810324.0, 810324.0, 810324.0, 810324.0, 810324.0, 810324.0, 810324.0, 810324.0, 810324.0, 810324.0, 810324.0, 810324.0, 810324.0, 810324.0, 810324.0, 810324.0, 810324.0, 810324.0, 810324.0, 810324.0, 810324.0, 810324.0, 810324.0, 810324.0, 810324.0, 810324.0, 810324.0, 810324.0, 810324.0, 810324.0, 810324.0, 810324.0, 810324.0, 810324.0, 810324.0, 810324.0, 810324.0, 810324.0, 810324.0, 810324.0, 810324.0, 810324.0, 810324.0, 810324.0, 810324.0, 810324.0, 810324.0, 810324.0, 810324.0, 810324.0, 810324.0, 810324.0, 810324.0, 810324.0, 810324.0, 810324.0, 810324.0, 810324.0, 810324.0, 810324.0, 810324.0, 810324.0, 810324.0, 810324.0, 810324.0, 810324.0, 810324.0, 810324.0, 810324.0, 810324.0, 810324.0, 810324.0, 810324.0, 810324.0, 810324.0, 810324.0, 810324.0, 810324.0, 810324.0, 810324.0, 810324.0, 810324.0, 810324.0, 810324.0, 810324.0, 810324.0, 810324.0, 810324.0, 810324.0, 810324.0, 810324.0, 810324.0, 810324.0, 810324.0, 810324.0, 810324.0, 810324.0, 810324.0, 810324.0, 810324.0, 810324.0, 810324.0, 810324.0, 810324.0, 810324.0, 810324.0, 810324.0, 810324.0, 810324.0, 810324.0, 810324.0, 810324.0, 810324.0, 810324.0, 810324.0, 810324.0, 810324.0, 810324.0, 810324.0, 810324.0, 810324.0, 810324.0, 810324.0, 810324.0, 810324.0, 810324.0, 810324.0, 810324.0, 810324.0, 810324.0, 810324.0, 810324.0, 810324.0, 810324.0, 810324.0, 810324.0, 810324.0, 810324.0, 810324.0, 810324.0, 810324.0, 810324.0, 810324.0, 810324.0, 810324.0, 810324.0, 810324.0, 810324.0, 810324.0, 810324.0, 810324.0, 810324.0, 810324.0, 810324.0, 810324.0, 810324.0, 810324.0, 810324.0, 810324.0, 810324.0, 810324.0, 810324.0, 810324.0, 810324.0, 810324.0, 810324.0, 810324.0, 810324.0, 810324.0, 810324.0, 810324.0, 810324.0, 810324.0, 810324.0, 810324.0, 810324.0, 810324.0, 810324.0, 810324.0, 810324.0, 810324.0, 810324.0, 810324.0, 810324.0, 810324.0, 810324.0, 810324.0, 810324.0, 810324.0, 810324.0, 810324.0, 810324.0, 810324.0, 810324.0, 810324.0, 810324.0, 810324.0, 810324.0, 810324.0, 810324.0, 810324.0, 810324.0, 810324.0, 810324.0, 810324.0, 810324.0, 810324.0, 810324.0, 810324.0, 810324.0, 810324.0, 810324.0, 810324.0, 810324.0, 810324.0, 810324.0, 810324.0, 810324.0, 810324.0, 810324.0, 810324.0, 810324.0, 810324.0, 810324.0, 810324.0, 810324.0, 810324.0, 810324.0, 810324.0, 810324.0, 810324.0, 810324.0, 810324.0, 810324.0, 810324.0, 810324.0, 810324.0, 810324.0, 810324.0, 810324.0, 810324.0, 810324.0, 810324.0, 810324.0, 810324.0, 810324.0, 810324.0, 810324.0, 810324.0, 810324.0, 810324.0, 810324.0, 810324.0, 810324.0, 810324.0, 810324.0, 810324.0, 810324.0, 810324.0, 810324.0, 810324.0, 810324.0, 810324.0, 810324.0, 810324.0, 810324.0, 810324.0, 810324.0, 810324.0, 810324.0, 810324.0, 810324.0, 810324.0, 810324.0, 810324.0, 810324.0, 810324.0, 810324.0, 810324.0, 810324.0, 810324.0, 810324.0, 810324.0, 810324.0, 810324.0, 810324.0, 810324.0, 810324.0, 810324.0, 810324.0, 810324.0, 810324.0, 810324.0, 810324.0, 810324.0, 810324.0, 810324.0, 810324.0, 810324.0, 810324.0, 810324.0, 810324.0, 810324.0, 810324.0, 810324.0, 810324.0, 810324.0, 810324.0, 810324.0, 810324.0, 810324.0, 810324.0, 810324.0, 810324.0, 810324.0, 810324.0, 810324.0, 810324.0, 810324.0, 810324.0, 810324.0, 810324.0, 810324.0, 810324.0, 810324.0, 810324.0, 810324.0, 810324.0, 810324.0, 810324.0, 810324.0, 810324.0, 810324.0, 810324.0, 810324.0, 810324.0, 810324.0, 810324.0, 810324.0, 810324.0, 810324.0, 810324.0, 810324.0, 810324.0, 810324.0, 810324.0, 810324.0, 810324.0, 810324.0, 810324.0, 810324.0, 810324.0, 810324.0, 810324.0, 810324.0, 810324.0, 810324.0, 810324.0, 810324.0, 786771.3880293551, 786771.3880293551, 786771.3880293551, 786771.3880293551, 786771.3880293551, 786771.3880293551, 786771.3880293551, 786771.3880293551, 786771.3880293551, 786771.3880293551, 786771.3880293551, 786771.3880293551, 786771.3880293551, 786771.3880293551, 786771.3880293551, 786771.3880293551, 786771.3880293551, 786771.3880293551, 786771.3880293551, 786771.3880293551, 786771.3880293551, 786771.3880293551, 786771.3880293551, 786771.3880293551, 786771.3880293551, 786771.3880293551, 786771.3880293551, 786771.3880293551, 786771.3880293551, 786771.3880293551, 786771.3880293551, 786771.3880293551, 786771.3880293551, 809977.7269281875, 809977.7269281875, 809130.4966110296, 810324.0, 810324.0, 810324.0, 810324.0, 810324.0, 810324.0, 810324.0, 810324.0, 810324.0, 810324.0, 810324.0, 810324.0, 810324.0, 810324.0, 810324.0, 810324.0, 810324.0, 810324.0, 810324.0, 810324.0, 810324.0, 810324.0, 810324.0, 810324.0, 810324.0, 810324.0, 810324.0, 810324.0, 810324.0, 810324.0, 810324.0, 810324.0, 810324.0, 810324.0, 810324.0, 810324.0, 810324.0, 810324.0, 810324.0, 810324.0, 810324.0, 810324.0, 810324.0, 810324.0, 810324.0, 810324.0, 810324.0, 810324.0, 810324.0, 810324.0, 810324.0, 810324.0, 810324.0, 810324.0, 810324.0, 810324.0, 810324.0, 810324.0, 810324.0, 810324.0, 810324.0, 810324.0, 810324.0, 810324.0, 810324.0, 810324.0, 810324.0, 810324.0, 810324.0, 810324.0, 810324.0, 810324.0, 810324.0, 810324.0, 810324.0, 810324.0, 810324.0, 810324.0, 810324.0, 810324.0, 810324.0, 810324.0, 810324.0, 810324.0, 810324.0, 810324.0, 810324.0, 810324.0, 810324.0, 810324.0, 810324.0, 810324.0, 810324.0, 810324.0, 810324.0, 810324.0, 810324.0, 810324.0, 810324.0, 810324.0, 810324.0, 810324.0, 810324.0, 810324.0, 810324.0, 810324.0, 810324.0, 810324.0, 810324.0, 810324.0, 810324.0, 810324.0, 810324.0, 810324.0, 810324.0, 810324.0, 810324.0, 810324.0, 810324.0, 810324.0, 810324.0, 810324.0, 810324.0, 810324.0, 810324.0, 810324.0, 810324.0, 810324.0, 810324.0, 810324.0, 810324.0, 810324.0, 810324.0, 810324.0, 810324.0, 810324.0, 810324.0, 810324.0, 810324.0, 810324.0, 810324.0, 810324.0, 810324.0, 810324.0, 810324.0, 810324.0, 810324.0, 810324.0, 810324.0, 810324.0, 810324.0, 810324.0, 810324.0, 810324.0, 810324.0, 810324.0, 810324.0, 810324.0, 810324.0, 810324.0, 810324.0, 810324.0, 810324.0, 810324.0, 810324.0, 810324.0, 810324.0, 810324.0, 810324.0, 810324.0, 810324.0, 810324.0, 810324.0, 810324.0, 810324.0, 810324.0, 810324.0, 810324.0, 810324.0, 810324.0, 810324.0, 810324.0, 810324.0, 810324.0, 810324.0, 810324.0, 810324.0, 810324.0, 810324.0, 810324.0, 810324.0, 810324.0, 810324.0, 810324.0, 810324.0, 810324.0, 810324.0, 810324.0, 810324.0, 810324.0, 810324.0, 810324.0, 810324.0, 810324.0, 810324.0, 810324.0, 810324.0, 810324.0, 810324.0, 810324.0, 810324.0, 810324.0, 810324.0, 810324.0, 810324.0, 810324.0, 810324.0, 810324.0, 810324.0, 810324.0, 810324.0, 810324.0, 810324.0, 810324.0, 810324.0, 810324.0, 810324.0, 810324.0, 810324.0, 810324.0, 810324.0, 810324.0, 810324.0, 810324.0, 810324.0, 810324.0, 810324.0, 810324.0, 810324.0, 810324.0, 810324.0, 810324.0, 810324.0, 810324.0, 810324.0, 810324.0, 810324.0, 810324.0, 810324.0, 810324.0, 810324.0, 810324.0, 810324.0, 810324.0, 810324.0, 810324.0, 810324.0, 810324.0, 810324.0, 810324.0, 810324.0, 810324.0, 810324.0, 810324.0, 810324.0, 810324.0, 810324.0, 810324.0, 810324.0, 810324.0, 810324.0, 810324.0, 810324.0, 810324.0, 810324.0, 810324.0, 810324.0, 810324.0, 810324.0, 810324.0, 810324.0, 810324.0, 810324.0, 810324.0, 810324.0, 810324.0, 810324.0, 810324.0, 810324.0, 810324.0, 810324.0, 810324.0, 810324.0, 810324.0, 810324.0, 810324.0, 810324.0, 810324.0, 810324.0, 810324.0, 810324.0, 810324.0, 810324.0, 810324.0, 810324.0, 810324.0, 810324.0, 810324.0, 810324.0, 810324.0, 810324.0, 810324.0, 810324.0, 810324.0, 810324.0, 810324.0, 810324.0, 810324.0, 810324.0, 810324.0, 810324.0, 810324.0, 810324.0, 810324.0, 810324.0, 810324.0, 810324.0, 810324.0, 810324.0, 810324.0, 810324.0, 810324.0, 810324.0, 810324.0, 810324.0, 810324.0, 810324.0, 810324.0, 810324.0, 810324.0, 810324.0, 810324.0, 810324.0, 810324.0, 810324.0, 810324.0, 810324.0, 810324.0, 810324.0, 810324.0, 810324.0, 810324.0, 810324.0, 810324.0, 810324.0, 810324.0, 810324.0, 810324.0, 810324.0, 810324.0, 810324.0, 810324.0, 810324.0, 810324.0, 810324.0, 810324.0, 810324.0, 810324.0, 810324.0, 810324.0, 810324.0, 810324.0, 810324.0, 810324.0, 810324.0, 810324.0, 810324.0, 810324.0, 810324.0, 810324.0, 810324.0, 810324.0, 810324.0, 810324.0, 810324.0, 810324.0, 810324.0, 810324.0, 810324.0, 810324.0, 810324.0, 810324.0, 810324.0, 810324.0, 810324.0, 810324.0, 810324.0, 810324.0, 810324.0, 810324.0, 810324.0, 810324.0, 810324.0, 810324.0, 810324.0, 810324.0, 810324.0, 810324.0, 810324.0, 810324.0, 810324.0, 810324.0, 810324.0, 810324.0, 810324.0, 810324.0, 810324.0, 810324.0, 810324.0, 810324.0, 810324.0, 810324.0, 810324.0, 810324.0, 810324.0, 810324.0, 810324.0, 810324.0, 810324.0, 810324.0, 810324.0, 810324.0, 810324.0, 810324.0, 810324.0, 810324.0, 810324.0, 810324.0, 810324.0, 810324.0, 810324.0, 810324.0, 810324.0, 810324.0, 810324.0, 810324.0, 810324.0, 810324.0, 810324.0, 810324.0, 810324.0, 810324.0, 810324.0, 810324.0, 810324.0, 810324.0, 810324.0, 810324.0, 810324.0, 810324.0, 810324.0, 810324.0, 810324.0, 810324.0, 810324.0, 810324.0, 810324.0, 810324.0, 810324.0, 810324.0, 810324.0, 810324.0, 810324.0, 810324.0, 810324.0, 810324.0, 810324.0, 810324.0, 810324.0, 810324.0, 810324.0, 810324.0, 810324.0, 810324.0, 810324.0, 810324.0, 810324.0, 810324.0, 810324.0, 810324.0, 810324.0, 810324.0, 810324.0, 810324.0, 810324.0, 810324.0, 810324.0, 810324.0, 810324.0, 810324.0, 810324.0, 810324.0, 810324.0, 810324.0, 810324.0, 810324.0, 810324.0, 810324.0, 810324.0, 810324.0, 810324.0, 810324.0, 810324.0, 810324.0, 810324.0, 810324.0, 810324.0, 810324.0, 810324.0, 810324.0, 810324.0, 810324.0, 810324.0, 810324.0, 810324.0, 810324.0, 810324.0, 810324.0, 810324.0, 810324.0, 810324.0, 810324.0, 810324.0, 810324.0, 810324.0, 810324.0, 810324.0, 810324.0, 810324.0, 810324.0, 810324.0, 810324.0, 810324.0, 810324.0, 810324.0, 810324.0, 810324.0, 810324.0, 810324.0, 810324.0, 810324.0, 810324.0, 810324.0, 810324.0, 810324.0, 810324.0, 810324.0, 810324.0, 810324.0, 810324.0, 810324.0, 810324.0, 810324.0, 810324.0, 810324.0, 810324.0, 810324.0, 810324.0, 810324.0, 810324.0, 810324.0, 810324.0, 810324.0, 810324.0, 810324.0, 810324.0, 810324.0, 810324.0, 810324.0, 810324.0, 810324.0, 810324.0, 810324.0, 810324.0, 810324.0, 810324.0, 810324.0, 810324.0, 810324.0, 810324.0, 810324.0, 810324.0, 810324.0, 810324.0, 810324.0, 810324.0, 810324.0, 810324.0, 810324.0, 810324.0, 810324.0, 810324.0, 810324.0, 810324.0, 810324.0, 810324.0, 810324.0, 810324.0, 810324.0, 810324.0, 810324.0, 810324.0, 810324.0, 810324.0, 810324.0, 810324.0, 810324.0, 810324.0, 810324.0, 810324.0, 810324.0, 810324.0, 810324.0, 810324.0, 810324.0, 810324.0, 810324.0, 810324.0, 810324.0, 810324.0, 810324.0, 810324.0, 810324.0, 810324.0, 810324.0, 810324.0, 810324.0, 810324.0, 810324.0, 810324.0, 810324.0, 810324.0, 810324.0, 810324.0, 810324.0, 810324.0, 810324.0, 810324.0, 810324.0, 810324.0, 810324.0, 810324.0, 810324.0, 810324.0, 810324.0, 810324.0, 810324.0, 810324.0, 810324.0, 810324.0, 810324.0, 810324.0, 810324.0, 810324.0, 810324.0, 810324.0, 810324.0, 810324.0, 810324.0, 810324.0, 810324.0, 810324.0, 810324.0, 810324.0, 810324.0, 810324.0, 810324.0, 810324.0, 810324.0, 810324.0, 810324.0, 810324.0, 810324.0, 810324.0, 810324.0, 810324.0, 810324.0, 810324.0, 810324.0, 810324.0, 810324.0, 810324.0, 810324.0, 810324.0, 810324.0, 810324.0, 810324.0, 810324.0, 810324.0, 810324.0, 810324.0, 810324.0, 810324.0, 810324.0, 810324.0, 810324.0, 810324.0, 810324.0, 810324.0, 810324.0, 810324.0, 810324.0, 810324.0, 810324.0, 810324.0, 810324.0, 810324.0, 810324.0, 810324.0, 810324.0, 810324.0, 810324.0, 810324.0, 810324.0, 810324.0, 810324.0, 810324.0, 810324.0, 810324.0, 810324.0, 810324.0, 810324.0, 810324.0, 810324.0, 810324.0, 810324.0, 810324.0, 810324.0, 810324.0, 810324.0, 810324.0, 810324.0, 810324.0, 810324.0, 810324.0, 810324.0, 810324.0, 810324.0, 810324.0, 810324.0, 810324.0, 810324.0, 810324.0, 810324.0, 810324.0, 810324.0, 810324.0, 810324.0, 810324.0, 810324.0, 810324.0, 810324.0, 810324.0, 810324.0, 810324.0, 810324.0, 810324.0, 810324.0, 810324.0, 810324.0, 810324.0, 810324.0, 810324.0, 810324.0, 810324.0, 810324.0, 810324.0, 810324.0, 810324.0, 810324.0, 810324.0, 810324.0, 810324.0, 810324.0, 810324.0, 810324.0, 810324.0, 810324.0, 810324.0, 810324.0, 810324.0, 810324.0, 810324.0, 810324.0, 810324.0, 810324.0, 810324.0, 810324.0, 810324.0, 810324.0, 810324.0, 810324.0, 810324.0, 810324.0, 810324.0, 810324.0, 810324.0, 810324.0, 810324.0, 810324.0, 810324.0, 810324.0, 810324.0, 810324.0, 810324.0, 810324.0, 810324.0, 810324.0, 810324.0, 810324.0, 810324.0, 810324.0, 810324.0, 810324.0, 810324.0, 810324.0, 810324.0, 810324.0, 810324.0, 810324.0, 810324.0, 810324.0, 810324.0, 810324.0, 810324.0, 810324.0, 810324.0, 810324.0, 810324.0, 810324.0, 810324.0, 810324.0, 810324.0, 810324.0, 810324.0, 810324.0, 810324.0, 810324.0, 810324.0, 810324.0, 810324.0, 810324.0, 810324.0, 810324.0, 810324.0, 810324.0, 810324.0, 810324.0, 810324.0, 810324.0, 810324.0, 810324.0, 810324.0, 810324.0, 810324.0, 810324.0, 810324.0, 810324.0, 810324.0, 810324.0, 810324.0, 810324.0, 810123.2318907811, 810123.2318907811, 810123.2318907811, 810123.2318907811, 810123.2318907811, 810123.2318907811, 810123.2318907811, 810123.2318907811, 810123.2318907811, 810123.2318907811, 810123.2318907811, 810123.2318907811, 810123.2318907811, 810123.2318907811, 810123.2318907811, 810123.2318907811, 810123.2318907811, 810123.2318907811, 810123.2318907811, 810123.2318907811, 810123.2318907811, 810123.2318907811, 810123.2318907811, 810123.2318907811, 810123.2318907811, 810123.2318907811, 810123.2318907811, 810123.2318907811, 810123.2318907811, 810123.2318907811, 810123.2318907811, 810123.2318907811, 810123.2318907811, 810123.2318907811, 810123.2318907811, 810123.2318907811, 810123.2318907811, 810123.2318907811, 810123.2318907811, 810123.2318907811, 810123.2318907811, 810123.2318907811, 810324.0, 810324.0, 810324.0, 810324.0, 810324.0, 810324.0, 810324.0, 810324.0, 810324.0, 810324.0, 810324.0, 810324.0, 810324.0, 810324.0, 810324.0, 810324.0, 810324.0, 810324.0, 810324.0, 810324.0, 810324.0, 810324.0, 810324.0, 810324.0, 810324.0, 810324.0, 810324.0, 810324.0, 810324.0, 810324.0, 810324.0, 810324.0, 810324.0, 810324.0, 810324.0, 810324.0, 810324.0, 810324.0, 810324.0, 810324.0, 810324.0, 810324.0, 810324.0, 810324.0, 810324.0, 810324.0, 810324.0, 810324.0, 810324.0, 810324.0, 810324.0, 810324.0, 810324.0, 810324.0, 810324.0, 810324.0, 810324.0, 810324.0, 810324.0, 810324.0, 810324.0, 810324.0, 810324.0, 810324.0, 810324.0, 810324.0, 810324.0, 810324.0, 810324.0, 810324.0, 810324.0, 810324.0, 810324.0, 810324.0, 810324.0, 810324.0, 810324.0, 810324.0, 810324.0, 810324.0, 810324.0, 810324.0, 810324.0, 810324.0, 810324.0, 810324.0, 810324.0, 810324.0, 810324.0, 810324.0, 810324.0, 810324.0, 810324.0, 810324.0, 810324.0, 810324.0, 810324.0, 810324.0, 810324.0, 810324.0, 810324.0, 810324.0, 810324.0, 810324.0, 810324.0, 810324.0, 810324.0, 810324.0, 810324.0, 810324.0, 810324.0, 810324.0, 810324.0, 810324.0, 810324.0, 810324.0, 810324.0, 810324.0, 810324.0, 810324.0, 810324.0, 810324.0, 810324.0, 810324.0, 810324.0, 810324.0, 810324.0, 810324.0, 810324.0, 810324.0, 810324.0, 810324.0, 810324.0, 810324.0, 810324.0, 810324.0, 810324.0, 810324.0, 810324.0, 810324.0, 810324.0, 810324.0, 810324.0, 810324.0, 810324.0, 810324.0, 810324.0, 810324.0, 810324.0, 810324.0, 810324.0, 810324.0, 810324.0, 810324.0, 810324.0, 810324.0, 810324.0, 810324.0, 810324.0, 810324.0, 810324.0, 810324.0, 810324.0, 810324.0, 810324.0, 810324.0, 810324.0, 810324.0, 810324.0, 810324.0, 810324.0, 810324.0, 810324.0, 810324.0, 810324.0, 810324.0, 810324.0, 810324.0, 810324.0, 810324.0, 810324.0, 810324.0, 810324.0, 810324.0, 810324.0, 810324.0, 810324.0, 810324.0, 810324.0, 810324.0, 810324.0, 810324.0, 810324.0, 810324.0, 810324.0, 810324.0, 810324.0, 810324.0, 810324.0, 810324.0, 810324.0, 810324.0, 810324.0, 810324.0, 810324.0, 810324.0, 810324.0, 810324.0, 810324.0, 810324.0, 810324.0, 810324.0, 810324.0, 810324.0, 810324.0, 810324.0, 810324.0, 810324.0, 810324.0, 810324.0, 810324.0, 810324.0, 810324.0, 810324.0, 810324.0, 810324.0, 810324.0, 810324.0, 810324.0, 810324.0, 810324.0, 810324.0, 810324.0, 810324.0, 810324.0, 810324.0, 810324.0, 810324.0, 810324.0, 810324.0, 810324.0, 810324.0, 810324.0, 810324.0, 810324.0, 810324.0, 810324.0, 810324.0, 810324.0, 810324.0, 810324.0, 810324.0, 810324.0, 810324.0, 810324.0, 810324.0, 810324.0, 810324.0, 810324.0, 810324.0, 810324.0, 810324.0, 810324.0, 810324.0, 810324.0, 810324.0, 810324.0, 810324.0, 810324.0, 810324.0, 810324.0, 810324.0, 810324.0, 810324.0, 810324.0, 810324.0, 810324.0, 810324.0, 810324.0, 810324.0, 810324.0, 810324.0, 810324.0, 810324.0, 810324.0, 810324.0, 810324.0, 810324.0, 810324.0, 810324.0, 810324.0, 810324.0, 810324.0, 810324.0, 810324.0, 810324.0, 810324.0, 810324.0, 810324.0, 810324.0, 810324.0, 810324.0, 810324.0, 810324.0, 810324.0, 810324.0, 810324.0, 810324.0, 810324.0, 810324.0, 810324.0, 810324.0, 810324.0, 810324.0, 810324.0, 810324.0, 810324.0, 810324.0, 810324.0, 810324.0, 810324.0, 810324.0, 810324.0, 810324.0, 810324.0, 810324.0, 810324.0, 810324.0, 810324.0, 810324.0, 810324.0, 810324.0, 810324.0, 810324.0, 810324.0, 810324.0, 810324.0, 810324.0, 810324.0, 810324.0, 810324.0, 810324.0, 810324.0, 810324.0, 810324.0, 810324.0, 810324.0, 810324.0, 810324.0, 810324.0, 810324.0, 810324.0, 810324.0, 810324.0, 810324.0, 810324.0, 810324.0, 810324.0, 810324.0, 810324.0, 810324.0, 810324.0, 810324.0, 810324.0, 810324.0, 810324.0, 810324.0, 810324.0, 810324.0, 810324.0, 810324.0, 810324.0, 810324.0, 810324.0, 810324.0, 810324.0, 810324.0, 810324.0, 810324.0, 810324.0, 810324.0, 810324.0, 810324.0, 810324.0, 810324.0, 810324.0, 810324.0, 810324.0, 810324.0, 810324.0, 810324.0, 810324.0, 810324.0, 810324.0, 810324.0, 810324.0, 810324.0, 810324.0, 810324.0, 810324.0, 810324.0, 810324.0, 810324.0, 810324.0, 810324.0, 810324.0, 810324.0, 810324.0, 810324.0, 810324.0, 810324.0, 810324.0, 810324.0, 810324.0, 810324.0, 810324.0, 810324.0, 810324.0, 810324.0, 810324.0, 810324.0, 810324.0, 810324.0, 810324.0, 810324.0, 810324.0, 810324.0, 810324.0, 810324.0, 810324.0, 810324.0, 810324.0, 810324.0, 810324.0, 810324.0, 810324.0, 810324.0, 810324.0, 810324.0, 810324.0, 810324.0, 810324.0, 810324.0, 810324.0, 810324.0, 810324.0, 810324.0, 810324.0, 810324.0, 810324.0, 810324.0, 810324.0, 810324.0, 810324.0, 810324.0, 810324.0, 810324.0, 810324.0, 810324.0, 810324.0, 810324.0, 810324.0, 810324.0, 810324.0, 810324.0, 810324.0, 810324.0, 810324.0, 810324.0, 810324.0, 810324.0, 810324.0, 810324.0, 810324.0, 810324.0, 810324.0, 810324.0, 810324.0, 810324.0, 810324.0, 810324.0, 810324.0, 810324.0, 810324.0, 810324.0, 810324.0, 810324.0, 810324.0, 810324.0, 810324.0, 810324.0, 810324.0, 810324.0, 810324.0, 810324.0, 810324.0, 810324.0, 810324.0, 810324.0, 810324.0, 810324.0, 810324.0, 810324.0, 810324.0, 810324.0, 810324.0, 810324.0, 810324.0, 810324.0, 810324.0, 810324.0, 810324.0, 810324.0, 810324.0, 810324.0, 810324.0, 810324.0, 810324.0, 810324.0, 810324.0, 810324.0, 810324.0, 810324.0, 810324.0, 810324.0, 810324.0, 810324.0, 810324.0, 810324.0, 810324.0, 810324.0, 810324.0, 810324.0, 810324.0, 810324.0, 810324.0, 810324.0, 810324.0, 810324.0, 810324.0, 810324.0, 810324.0, 810324.0, 810324.0, 810324.0, 810324.0, 810324.0, 810324.0, 810324.0, 810324.0, 810324.0, 810324.0, 810324.0, 810324.0, 810324.0, 810324.0, 810324.0, 810324.0, 810324.0, 810324.0, 810324.0, 810324.0, 810324.0, 810324.0, 810324.0, 810324.0, 810324.0, 810324.0, 810324.0, 810324.0, 810324.0, 810324.0, 810324.0, 810324.0, 810324.0, 810324.0, 810324.0, 810324.0, 810324.0, 810324.0, 810324.0, 810324.0, 810324.0, 810324.0, 810324.0, 810324.0, 810324.0, 810324.0, 810324.0, 810324.0, 810324.0, 810324.0, 810324.0, 810324.0, 810324.0, 810324.0, 810324.0, 810324.0, 810324.0, 810324.0, 810324.0, 810324.0, 810324.0, 810324.0, 810324.0, 810324.0, 810324.0, 810324.0, 810324.0, 810324.0, 810324.0, 810324.0, 810324.0, 810324.0, 810324.0, 810324.0, 810324.0, 810324.0, 810324.0, 810324.0, 810324.0, 810324.0, 810324.0, 810324.0, 810324.0, 810324.0, 810324.0, 810324.0, 810324.0, 810324.0, 810324.0, 810324.0, 810324.0, 810324.0, 810324.0, 810324.0, 810324.0, 810324.0, 810324.0, 810324.0, 810324.0, 810324.0, 810324.0, 810324.0, 810324.0, 810324.0, 810324.0, 810324.0, 810324.0, 810324.0, 810324.0, 810324.0, 810324.0, 810324.0, 810324.0, 810324.0, 810324.0, 810324.0, 810324.0, 810324.0, 810324.0, 810324.0, 810324.0, 810324.0, 810324.0, 810324.0, 810324.0, 810324.0, 810324.0, 810324.0, 810324.0, 810324.0, 810324.0, 810324.0, 810324.0, 810324.0, 810324.0, 810324.0, 810324.0, 810324.0, 810324.0, 810324.0, 810324.0, 810324.0, 810324.0, 810324.0, 810324.0, 810324.0, 810324.0, 810324.0, 810324.0, 810324.0, 810324.0, 810324.0, 810324.0, 810324.0, 810324.0, 810324.0, 810324.0, 810324.0, 810324.0, 810324.0, 810324.0, 810324.0, 810324.0, 810324.0, 810324.0, 810324.0, 810324.0, 810324.0, 810324.0, 810324.0, 810324.0, 810324.0, 810324.0, 810324.0, 810324.0, 810324.0, 810324.0, 810324.0, 810324.0, 810324.0, 810324.0, 810324.0, 810324.0, 810324.0, 810324.0, 810324.0, 810324.0, 810324.0, 810324.0, 810324.0, 810324.0, 810324.0, 810324.0, 810324.0, 810324.0, 810324.0, 810324.0, 810324.0, 810324.0, 810324.0, 810324.0, 810324.0, 810324.0, 810324.0, 810324.0, 810324.0, 810324.0, 810324.0, 810324.0, 810324.0, 810324.0, 810324.0, 810324.0, 810324.0, 810324.0, 810324.0, 810324.0, 810324.0, 810324.0, 810324.0, 810324.0, 810324.0, 810324.0, 810324.0, 810324.0, 810324.0, 810324.0, 810324.0, 810324.0, 810324.0, 810324.0, 810324.0, 810324.0, 810324.0, 810324.0, 810324.0, 810324.0, 810324.0, 810324.0, 810324.0, 810324.0, 810324.0, 810324.0, 810324.0, 810324.0, 810324.0, 810324.0, 810324.0, 810324.0, 810324.0, 810324.0, 810324.0, 810324.0, 810324.0, 810324.0, 810324.0, 810324.0, 810324.0, 810324.0, 810324.0, 810324.0, 810324.0, 810324.0, 810324.0, 810324.0, 810324.0, 810324.0, 810324.0, 810324.0, 810324.0, 810324.0, 810324.0, 810324.0, 810324.0, 810324.0, 810324.0, 810324.0, 810324.0, 810324.0, 810324.0, 810324.0, 810324.0, 810324.0, 810324.0, 810324.0, 810324.0, 810324.0, 810324.0, 810324.0, 810324.0, 810324.0, 810324.0, 810324.0, 810324.0, 810324.0, 810324.0, 810324.0, 810324.0, 810324.0, 810324.0, 810324.0, 810324.0, 810324.0, 810324.0, 810324.0, 810324.0, 810324.0, 810324.0, 810324.0, 810324.0, 810324.0, 810324.0, 810324.0, 810324.0, 810324.0, 810324.0, 810324.0, 810324.0, 810324.0, 810324.0, 810324.0, 810324.0, 810324.0, 810324.0, 810324.0, 810324.0, 810324.0, 810324.0, 810324.0, 810324.0, 810324.0, 810324.0, 810324.0, 810324.0, 810324.0, 810324.0, 810324.0, 810324.0, 810324.0, 810324.0, 810324.0, 810324.0, 810324.0, 810324.0, 810324.0, 810324.0, 810324.0, 810324.0, 810324.0, 810324.0, 810324.0, 810324.0, 810324.0, 810324.0, 810324.0, 810324.0, 810324.0, 810324.0, 810324.0, 810324.0, 810324.0, 810324.0, 810324.0, 810324.0, 810324.0, 810324.0, 810324.0, 810324.0, 810324.0, 810324.0, 810324.0, 810324.0, 810324.0, 810324.0, 810324.0, 810324.0, 810324.0, 810324.0, 810324.0, 810324.0, 810324.0, 810324.0, 810324.0, 810324.0, 810324.0, 810324.0, 810324.0, 810324.0, 810324.0, 810324.0, 810324.0, 810324.0, 810324.0, 810324.0, 810324.0, 810324.0, 810324.0, 810324.0, 810324.0, 810324.0, 810324.0, 810324.0, 810324.0, 810324.0, 810324.0, 810324.0, 810324.0, 810324.0, 810324.0, 810324.0, 810324.0, 810324.0, 810324.0, 810324.0, 810324.0, 810324.0, 810324.0, 810324.0, 810324.0, 810324.0, 810324.0, 810324.0, 810324.0, 810324.0, 810324.0, 810324.0, 810324.0, 810324.0, 810324.0, 810324.0, 810324.0, 810324.0, 810324.0, 810324.0, 810324.0, 810324.0, 810324.0, 810324.0, 810324.0, 810324.0, 810324.0, 810324.0, 810324.0, 810324.0, 810324.0, 810324.0, 810324.0, 810324.0, 810324.0, 810324.0, 810324.0, 810324.0, 810324.0, 810324.0, 810324.0, 810324.0, 810324.0, 810324.0, 810324.0, 810324.0, 810324.0, 810324.0, 810324.0, 810324.0, 810324.0, 810324.0, 810324.0, 810324.0, 810324.0, 810324.0, 810324.0, 810324.0, 810324.0, 810324.0, 810324.0, 810324.0, 810324.0, 810324.0, 810324.0, 810324.0, 810324.0, 810324.0, 810324.0, 810324.0, 810324.0, 810324.0, 810324.0, 810324.0, 810324.0, 810324.0, 810324.0, 810324.0, 810324.0, 810324.0, 810324.0, 810324.0, 810324.0, 810324.0, 810324.0, 810324.0, 810324.0, 810324.0, 810324.0, 810324.0, 810324.0, 810324.0, 810324.0, 810324.0, 810324.0, 810324.0, 810324.0, 810324.0, 810324.0, 810324.0, 810324.0, 810324.0, 810324.0, 810324.0, 810324.0, 810324.0, 810324.0, 810324.0, 810324.0, 810324.0, 810324.0, 810324.0, 810324.0, 810324.0, 810324.0, 810324.0, 810324.0, 810324.0, 810324.0, 810324.0, 810324.0, 810324.0, 810324.0, 810324.0, 810324.0, 810324.0, 810324.0, 810324.0, 810324.0, 810324.0, 810324.0, 810324.0, 810324.0, 810324.0, 810324.0, 810324.0, 810324.0, 810324.0, 810324.0, 810324.0, 810324.0, 810324.0, 810324.0, 810324.0, 810324.0, 810324.0, 810324.0, 810324.0, 810324.0, 810324.0, 810324.0, 810324.0, 810324.0, 810324.0, 810324.0, 810324.0, 810324.0, 810324.0, 810324.0, 810324.0, 810324.0, 810324.0, 810324.0, 810324.0, 810324.0, 810324.0, 810324.0, 810324.0, 810324.0, 810324.0, 810324.0, 810324.0, 810324.0, 810324.0, 810324.0, 810324.0, 810324.0, 810324.0, 810324.0, 810324.0, 810324.0, 810324.0, 810324.0, 810324.0, 810324.0, 810324.0, 810324.0, 810324.0, 810324.0, 810324.0, 810324.0, 810324.0, 810324.0, 810324.0, 810324.0, 810324.0, 810324.0, 810324.0, 810324.0, 810324.0, 810324.0, 810324.0, 810324.0, 810324.0, 810324.0, 810324.0, 810324.0, 810324.0, 810324.0, 810324.0, 810324.0, 810324.0, 810324.0, 810324.0, 810324.0, 810324.0, 810324.0, 810324.0, 810324.0, 810324.0, 810324.0, 810324.0, 810324.0, 810324.0, 810324.0, 810324.0, 810324.0, 810324.0, 810324.0, 810324.0, 810324.0, 810324.0, 810324.0, 810324.0, 810324.0, 810324.0, 810324.0, 810324.0, 810324.0, 810324.0, 810324.0, 810324.0, 810324.0, 810324.0, 810324.0, 810324.0, 810324.0, 810324.0, 810324.0, 810324.0, 810324.0, 810324.0, 810324.0, 810324.0, 810324.0, 810324.0, 810324.0, 810324.0, 810324.0, 810324.0, 810324.0, 810324.0, 810324.0, 810324.0, 810324.0, 810324.0, 810324.0, 810324.0, 810324.0, 810324.0, 810324.0, 810324.0, 810324.0, 810324.0, 809238.5417594924, 809238.5417594924, 809238.5417594924, 809238.5417594924, 809238.5417594924, 809238.5417594924, 809238.5417594924, 809238.5417594924, 809238.5417594924, 809238.5417594924, 809238.5417594924, 809238.5417594924, 809238.5417594924, 809238.5417594924, 809238.5417594924, 809238.5417594924, 809238.5417594924, 809238.5417594924, 809238.5417594924, 809238.5417594924, 809238.5417594924, 809238.5417594924, 809238.5417594924, 809238.5417594924, 809238.5417594924, 809238.5417594924, 809238.5417594924, 809238.5417594924, 809238.5417594924, 809238.5417594924, 809238.5417594924, 809238.5417594924, 809238.5417594924, 809238.5417594924, 809238.5417594924, 809238.5417594924, 809238.5417594924, 809238.5417594924, 809238.5417594924, 810324.0, 810324.0, 810324.0, 810324.0, 810324.0, 810324.0, 810324.0, 810324.0, 810324.0, 810324.0, 810324.0, 810324.0, 810324.0, 810324.0, 810324.0, 810324.0, 810324.0, 810324.0, 810324.0, 810324.0, 810324.0, 810324.0, 810324.0, 810324.0, 810324.0, 810324.0, 810324.0, 810324.0, 810324.0, 810324.0, 810324.0, 810324.0, 810324.0, 810324.0, 810324.0, 810324.0, 810324.0, 810324.0, 810324.0, 810324.0, 810324.0, 810324.0, 810324.0, 810324.0, 810324.0, 810324.0, 810324.0, 810324.0, 810324.0, 810324.0, 810324.0, 810324.0, 810324.0, 810324.0, 810324.0, 810324.0, 810324.0, 810324.0, 810324.0, 810324.0, 810324.0, 810324.0, 810324.0, 810324.0, 810324.0, 810324.0, 810324.0, 810324.0, 810324.0, 810324.0, 810324.0, 810324.0, 810324.0, 810324.0, 810324.0, 810324.0, 810324.0, 810324.0, 810324.0, 810324.0, 810324.0, 810324.0, 810324.0, 810324.0, 810324.0, 810324.0, 810324.0, 810324.0, 810324.0, 810324.0, 810324.0, 810324.0, 810324.0, 810324.0, 810324.0, 810324.0, 810324.0, 810324.0, 810324.0, 810324.0, 810324.0, 810324.0, 810324.0, 810324.0, 810324.0, 810324.0, 810324.0, 810324.0, 810324.0, 810324.0, 810324.0, 810324.0, 810324.0, 810324.0, 810324.0, 810324.0, 810324.0, 810324.0, 810324.0, 810324.0, 810324.0, 810324.0, 810324.0, 810324.0, 810324.0, 810324.0, 810324.0, 810324.0, 810324.0, 810324.0, 810324.0, 810324.0, 810324.0, 810324.0, 810324.0, 810324.0, 810324.0, 810324.0, 810324.0, 810324.0, 810324.0, 810324.0, 810324.0, 810324.0, 810324.0, 810324.0, 810324.0, 810324.0, 810324.0, 810324.0, 810324.0, 810324.0, 810324.0, 810324.0, 810324.0, 810324.0, 810324.0, 810324.0, 810324.0, 810324.0, 810324.0, 810324.0, 810324.0, 810324.0, 810324.0, 810324.0, 810324.0, 810324.0, 810324.0, 810324.0, 810324.0, 810324.0, 810324.0, 810324.0, 810324.0, 810324.0, 810324.0, 810324.0, 810324.0, 810324.0, 810324.0, 810324.0, 810324.0, 810324.0, 810324.0, 810324.0, 810324.0, 810324.0, 807723.7454732961, 807723.7454732961, 807723.7454732961, 807723.7454732961, 807723.7454732961, 807723.7454732961, 807723.7454732961, 807723.7454732961, 807723.7454732961, 807723.7454732961, 807723.7454732961, 807723.7454732961, 807723.7454732961, 807723.7454732961, 807723.7454732961, 807723.7454732961, 807723.7454732961, 807723.7454732961, 807723.7454732961, 807723.7454732961, 807723.7454732961, 807723.7454732961, 807723.7454732961, 807723.7454732961, 807723.7454732961, 807723.7454732961, 807723.7454732961, 807723.7454732961, 807723.7454732961, 807723.7454732961, 807723.7454732961, 810324.0, 810324.0, 810324.0, 810324.0, 810324.0, 810324.0, 810324.0, 810324.0, 810324.0, 810324.0, 810324.0, 810324.0, 810324.0, 810324.0, 810324.0, 810324.0, 810324.0, 810324.0, 810324.0, 810324.0, 810324.0, 810324.0, 810324.0, 810324.0, 810324.0, 810324.0, 810324.0, 810324.0, 810324.0, 810324.0, 810324.0, 810324.0, 810324.0, 810324.0, 810324.0, 810324.0, 810324.0, 810324.0, 810324.0, 810324.0, 810324.0, 810324.0, 810324.0, 810324.0, 810324.0, 810324.0, 810324.0, 810324.0, 810324.0, 810324.0, 810324.0, 810324.0, 810324.0, 810324.0, 810324.0, 810324.0, 810324.0, 810324.0, 810324.0, 810324.0, 810324.0, 810324.0, 810324.0, 810324.0, 810324.0, 810324.0, 810324.0, 810324.0, 810324.0, 810324.0, 810324.0, 810324.0, 810324.0, 810324.0, 810324.0, 810324.0, 810324.0, 810324.0, 810324.0, 810324.0, 810324.0, 810324.0, 810324.0, 810324.0, 810324.0, 810324.0, 810324.0, 810324.0, 810324.0, 810324.0, 810324.0, 810324.0, 810324.0, 810324.0, 810324.0, 810324.0, 810324.0, 810324.0, 810324.0, 810324.0, 810324.0, 810324.0, 810324.0, 810324.0, 810324.0, 810324.0, 810324.0, 810324.0, 810324.0, 810324.0, 810324.0, 810324.0, 810324.0, 810324.0, 810324.0, 810324.0, 810324.0, 810324.0, 810324.0, 810324.0, 810324.0, 810324.0, 810324.0, 810324.0, 810324.0, 810324.0, 810324.0, 810324.0, 810324.0, 810324.0, 810324.0, 810324.0, 810324.0, 810324.0, 810324.0, 810324.0, 810324.0, 810324.0, 810324.0, 810324.0, 810324.0, 810324.0, 810324.0, 810324.0, 810324.0, 810324.0, 810324.0, 810324.0, 810324.0, 810324.0, 810324.0, 810324.0, 810324.0, 810324.0, 810324.0, 810324.0, 810324.0, 810324.0, 810324.0, 810324.0, 810324.0, 810324.0, 810324.0, 810324.0, 810324.0, 810324.0, 810324.0, 810324.0, 810324.0, 810324.0, 810324.0, 810324.0, 810324.0, 810324.0, 810324.0, 810324.0, 810324.0, 810324.0, 810324.0, 810324.0, 810324.0, 810324.0, 810324.0, 810324.0, 810324.0, 810324.0, 810324.0, 810324.0, 810324.0, 810324.0, 810324.0, 810324.0, 810324.0, 810324.0, 810324.0, 810324.0, 810324.0, 810324.0, 810324.0, 810324.0, 810324.0, 810324.0, 810324.0, 810324.0, 810324.0, 810324.0, 810324.0, 810324.0, 810324.0, 810324.0, 810324.0, 810324.0, 810324.0, 810324.0, 810324.0, 810324.0, 810324.0, 810324.0, 810324.0, 810324.0, 810324.0, 810324.0, 810324.0, 810324.0, 810324.0, 810324.0, 810324.0, 810324.0, 810324.0, 810324.0, 810324.0, 810324.0, 810324.0, 810324.0, 810324.0, 810324.0, 810324.0, 810324.0, 810324.0, 810324.0, 810324.0, 810324.0, 810324.0, 810324.0, 810324.0, 810324.0, 810324.0, 810324.0, 810324.0, 810324.0, 810324.0, 810324.0, 810324.0, 810324.0, 810324.0, 810324.0, 810324.0, 810324.0, 810324.0, 810324.0, 810324.0, 810324.0, 810324.0, 810324.0, 810324.0, 810324.0, 810324.0, 810324.0, 810324.0, 810324.0, 810324.0, 810324.0, 810324.0, 810324.0, 810324.0, 810324.0, 810324.0, 810324.0, 810324.0, 810324.0, 810324.0, 810324.0, 810324.0, 810324.0, 810324.0, 810324.0, 810324.0, 810324.0, 810324.0, 810324.0, 810324.0, 810324.0, 810324.0, 810324.0, 810324.0, 810324.0, 810324.0, 810324.0, 810324.0, 810324.0, 810324.0, 810324.0, 810324.0, 810324.0, 810324.0, 810324.0, 810324.0, 810324.0, 810324.0, 810324.0, 810324.0, 810324.0, 810324.0, 810324.0, 810324.0, 810324.0, 810324.0, 810324.0, 810324.0, 810324.0, 810324.0, 810324.0, 810324.0, 810324.0, 810324.0, 810324.0, 810324.0, 810324.0, 810324.0, 810324.0, 810324.0, 810324.0, 810324.0, 810324.0, 810324.0, 810324.0, 810324.0, 810324.0, 810324.0, 810324.0, 810324.0, 810324.0, 810324.0, 810324.0, 810324.0, 810324.0, 810324.0, 810324.0, 810324.0, 810324.0, 810324.0, 810324.0, 810324.0, 810324.0, 810324.0, 810324.0, 810324.0, 810324.0, 810324.0, 810324.0, 810324.0, 810324.0, 810324.0, 810324.0, 810324.0, 810324.0, 810324.0, 810324.0, 810324.0, 810324.0, 810324.0, 810324.0, 810324.0, 810324.0, 810324.0, 810324.0, 810324.0, 798553.587877117, 798553.587877117, 798553.587877117, 798553.587877117, 798553.587877117, 798553.587877117, 798553.587877117, 798553.587877117, 798553.587877117, 798553.587877117, 798553.587877117, 798553.587877117, 798553.587877117, 798553.587877117, 798553.587877117, 798553.587877117, 798553.587877117, 798553.587877117, 798553.587877117, 798553.587877117, 798553.587877117, 798553.587877117, 798553.587877117, 798553.587877117, 798553.587877117, 798553.587877117, 798553.587877117, 798553.587877117, 798553.587877117, 798553.587877117, 798553.587877117, 798553.587877117, 798553.587877117, 798553.587877117, 798553.587877117, 798553.587877117, 798553.587877117, 798553.587877117, 800295.7953550448, 804810.6862215716, 804810.6862215716, 809132.1700801423, 809132.1700801423, 809408.6934907925, 809408.6934907925, 810289.9358040928, 810289.9358040928, 810289.9358040928, 810289.9358040928, 810289.9358040928, 810289.9358040928, 810289.9358040928, 810289.9358040928, 810289.9358040928, 810289.9358040928, 810289.9358040928, 810289.9358040928, 810289.9358040928, 810289.9358040928, 810289.9358040928, 810289.9358040928, 810289.9358040928, 810289.9358040928, 810289.9358040928, 810289.9358040928, 810289.9358040928, 810289.9358040928, 810289.9358040928, 810289.9358040928, 810289.9358040928, 810289.9358040928, 810289.9358040928, 810289.9358040928, 810289.9358040928, 810289.9358040928, 810289.9358040928, 810289.9358040928, 810289.9358040928, 810289.9358040928, 810289.9358040928, 810289.9358040928, 810289.9358040928, 810289.9358040928, 810324.0, 810324.0, 810324.0, 810324.0, 810324.0, 810324.0, 810324.0, 810324.0, 810324.0, 810324.0, 810324.0, 810324.0, 810324.0, 810324.0, 810324.0, 810324.0, 810324.0, 810324.0, 810324.0, 810324.0, 810324.0, 810324.0, 810324.0, 810324.0, 810324.0, 810324.0, 810324.0, 810324.0, 810324.0, 810324.0, 810324.0, 810324.0, 810324.0, 810324.0, 810324.0, 810324.0, 810324.0, 810324.0, 810324.0, 810324.0, 810324.0, 810324.0, 810324.0, 810324.0, 810324.0, 810324.0, 810324.0, 810324.0, 810324.0, 810324.0, 810324.0, 810324.0, 810324.0, 810324.0, 810324.0, 810324.0, 810324.0, 810324.0, 810324.0, 810324.0, 810324.0, 810324.0, 810324.0, 810324.0, 810324.0, 810324.0, 810324.0, 810324.0, 810324.0, 810324.0, 810324.0, 810324.0, 810324.0, 810324.0, 810324.0, 810324.0, 810324.0, 810324.0, 810324.0, 810324.0, 810324.0, 810324.0, 810324.0, 810324.0, 810324.0, 810324.0, 810324.0, 810324.0, 810324.0, 810324.0, 810324.0, 810324.0, 810324.0, 810324.0, 810324.0, 810324.0, 810324.0, 810324.0, 810324.0, 810324.0, 810324.0, 810324.0, 810324.0, 810324.0, 810324.0, 810324.0, 810324.0, 810324.0, 810324.0, 810324.0, 810324.0, 810324.0, 810324.0, 810324.0, 810324.0, 810324.0, 810324.0, 810324.0, 810324.0, 810324.0, 810324.0, 810324.0, 810324.0, 810324.0, 810324.0, 810324.0, 810324.0, 810324.0, 810324.0, 810324.0, 810324.0, 810324.0, 810324.0, 810324.0, 810324.0, 810324.0, 810324.0, 810324.0, 810324.0, 810324.0, 810324.0, 810324.0, 810324.0, 810324.0, 800346.921052611, 800346.921052611, 800346.921052611, 800346.921052611, 800346.921052611, 800346.921052611, 800346.921052611, 800346.921052611, 800346.921052611, 800346.921052611, 800346.921052611, 800346.921052611, 800346.921052611, 800346.921052611, 800346.921052611, 800346.921052611, 800346.921052611, 800346.921052611, 800346.921052611, 800346.921052611, 800346.921052611, 800346.921052611, 800346.921052611, 800346.921052611, 800346.921052611, 800346.921052611, 800346.921052611, 800346.921052611, 802662.7264507131, 802662.7264507131, 802662.7264507131, 809002.4358471313, 809002.4358471313, 809002.4358471313, 809002.4358471313, 809399.4082519695, 810258.5903685421, 810324.0, 810324.0, 810324.0, 810324.0, 810324.0, 810324.0, 810324.0, 810324.0, 810324.0, 810324.0, 810324.0, 810324.0, 810324.0, 810324.0, 810324.0, 810324.0, 810324.0, 810324.0, 810324.0, 810324.0, 810324.0, 810324.0, 810324.0, 810324.0, 810324.0, 810324.0, 810324.0, 810324.0, 810324.0, 810324.0, 810324.0, 810324.0, 810324.0, 810324.0, 810324.0, 810324.0, 810324.0, 810324.0, 810324.0, 810324.0, 810324.0, 810324.0, 810324.0, 810324.0, 810324.0, 810324.0, 810324.0, 810324.0, 810324.0, 810324.0, 810324.0, 810324.0, 810324.0, 810324.0, 810324.0, 810324.0, 810324.0, 810324.0, 810324.0, 810324.0, 810324.0, 810324.0, 810324.0, 810324.0, 810324.0, 810324.0, 810324.0, 810324.0, 810324.0, 810324.0, 810324.0, 810324.0, 810324.0, 810324.0, 810324.0, 810324.0, 810324.0, 810324.0, 810324.0, 810324.0, 810324.0, 810324.0, 810324.0, 810324.0, 810324.0, 810324.0, 810324.0, 810324.0, 810324.0, 810324.0, 810324.0, 810324.0, 810324.0, 810324.0, 810324.0, 810324.0, 810324.0, 810324.0, 810324.0, 810324.0, 810324.0, 810324.0, 810324.0, 810324.0, 810324.0, 810324.0, 810324.0, 810324.0, 810324.0, 810324.0, 810324.0, 810324.0, 810324.0, 810324.0, 810324.0, 810324.0, 810324.0, 810324.0, 810324.0, 810324.0, 810324.0, 810324.0, 810324.0, 810324.0, 810324.0, 810324.0, 810324.0, 810324.0, 810324.0, 810324.0, 810324.0, 810324.0, 810324.0, 810324.0, 810324.0, 810324.0, 810324.0, 810324.0, 810324.0, 810324.0, 810324.0, 810324.0, 810324.0, 810324.0, 810324.0, 809082.3987970907, 809082.3987970907, 809082.3987970907, 809082.3987970907, 809082.3987970907, 809082.3987970907, 809082.3987970907, 809082.3987970907, 809082.3987970907, 809082.3987970907, 809082.3987970907, 809082.3987970907, 809082.3987970907, 809082.3987970907, 809082.3987970907, 809082.3987970907, 809082.3987970907, 809082.3987970907, 809082.3987970907, 809082.3987970907, 809082.3987970907, 809082.3987970907, 809082.3987970907, 809082.3987970907, 809082.3987970907, 809082.3987970907, 809082.3987970907, 809082.3987970907, 809082.3987970907, 809082.3987970907, 809082.3987970907, 809082.3987970907, 809082.3987970907, 805130.3116089427, 805130.3116089427, 805130.3116089427, 809486.3901105413, 809486.3901105413, 809486.3901105413, 809486.3901105413, 810169.1997815004, 810169.1997815004, 810169.1997815004, 810324.0, 810324.0, 810324.0, 810324.0, 810324.0, 810324.0, 810324.0, 810324.0, 810324.0, 810324.0, 810324.0, 810324.0, 810324.0, 810324.0, 810324.0, 810324.0, 810324.0, 810324.0, 810324.0, 810324.0, 810324.0, 810324.0, 810324.0, 810324.0, 810324.0, 810324.0, 810324.0, 810324.0, 810324.0, 810324.0, 810324.0, 810324.0, 810324.0, 810324.0, 810324.0, 810324.0, 810324.0, 810324.0, 810324.0, 810324.0, 810324.0, 810324.0, 810324.0, 810324.0, 810324.0, 810324.0, 810324.0, 810324.0, 810324.0, 810324.0, 810324.0, 810324.0, 810324.0, 810324.0, 810324.0, 810324.0, 810324.0, 810324.0, 810324.0, 810324.0, 810324.0, 810324.0, 810324.0, 810324.0, 810324.0, 810324.0, 810324.0, 810324.0, 810324.0, 810324.0, 810324.0, 810324.0, 810324.0, 810324.0, 810324.0, 810324.0, 810324.0, 810324.0, 810324.0, 810324.0, 810324.0, 810324.0, 810324.0, 810324.0, 810324.0, 810324.0, 810324.0, 810324.0, 810324.0, 810324.0, 810324.0, 810324.0, 810324.0, 810324.0, 810324.0, 810324.0, 810324.0, 810324.0, 810324.0, 810324.0, 810324.0, 810324.0, 810324.0, 810324.0, 810324.0, 810324.0, 810324.0, 810324.0, 810324.0, 810324.0, 810324.0, 810324.0, 810324.0, 810324.0, 810324.0, 810324.0, 810324.0, 810324.0, 810324.0, 810324.0, 810324.0, 810324.0, 810324.0, 810324.0, 810324.0, 810324.0, 810324.0, 810324.0, 810324.0, 810324.0, 810324.0, 810324.0, 810324.0, 810324.0, 810324.0, 810324.0, 810324.0, 810324.0, 810324.0, 808643.1305174622, 808643.1305174622, 808643.1305174622, 808643.1305174622, 808643.1305174622, 808643.1305174622, 808643.1305174622, 808643.1305174622, 808643.1305174622, 808643.1305174622, 808643.1305174622, 808643.1305174622, 808643.1305174622, 808643.1305174622, 808643.1305174622, 808643.1305174622, 808643.1305174622, 808643.1305174622, 808643.1305174622, 808643.1305174622, 808643.1305174622, 808643.1305174622, 808643.1305174622, 808643.1305174622, 808643.1305174622, 808643.1305174622, 808643.1305174622, 808643.1305174622, 808643.1305174622, 808643.1305174622, 808643.1305174622, 808643.1305174622, 808643.1305174622, 808643.1305174622, 808643.1305174622, 808643.1305174622, 808643.1305174622, 808643.1305174622, 808643.1305174622, 808643.1305174622, 809054.2537405204, 809054.2537405204, 809054.2537405204, 809917.6463968933, 809998.8667542714, 809998.8667542714, 809998.8667542714, 809998.8667542714, 809998.8667542714, 809998.8667542714, 809998.8667542714, 809998.8667542714, 809998.8667542714, 809998.8667542714, 809998.8667542714, 809998.8667542714, 809998.8667542714, 809998.8667542714, 809998.8667542714, 809998.8667542714, 809998.8667542714, 809998.8667542714, 809998.8667542714, 809998.8667542714, 809998.8667542714, 809998.8667542714, 809998.8667542714, 809998.8667542714, 809998.8667542714, 809998.8667542714, 809998.8667542714, 809998.8667542714, 809998.8667542714, 809998.8667542714, 809998.8667542714, 809998.8667542714, 809998.8667542714, 809998.8667542714, 809998.8667542714, 809998.8667542714, 809998.8667542714, 809998.8667542714, 809998.8667542714, 809998.8667542714, 809998.8667542714, 809998.8667542714, 809998.8667542714, 809998.8667542714, 809998.8667542714, 810324.0, 799036.2680545707, 799036.2680545707, 799036.2680545707, 799036.2680545707, 799036.2680545707, 799036.2680545707, 799036.2680545707, 799036.2680545707, 799036.2680545707, 799036.2680545707, 799036.2680545707, 799036.2680545707, 799036.2680545707, 799036.2680545707, 799036.2680545707, 799036.2680545707, 799036.2680545707, 799036.2680545707, 799036.2680545707, 799036.2680545707, 799036.2680545707, 799036.2680545707, 799036.2680545707, 799036.2680545707, 799036.2680545707, 799036.2680545707, 799036.2680545707, 799036.2680545707, 799036.2680545707, 799036.2680545707, 799036.2680545707, 799036.2680545707, 805897.1794928786, 800383.205993621, 810324.0, 810324.0, 810324.0, 810324.0, 810324.0, 810324.0, 810324.0, 810324.0, 810324.0, 810324.0, 810324.0, 810324.0, 810324.0, 810324.0, 810324.0, 810324.0, 810324.0, 810324.0, 810324.0, 810324.0, 810324.0, 810324.0, 810324.0, 810324.0, 810324.0, 810324.0, 810324.0, 810324.0, 810324.0, 810324.0, 810324.0, 810324.0, 810324.0, 810324.0, 810324.0, 810324.0, 810324.0, 810324.0, 810324.0, 810324.0, 810324.0, 810324.0, 810324.0, 810324.0, 810324.0, 810324.0, 810324.0, 810324.0, 810324.0, 810324.0, 810324.0, 810324.0, 810324.0, 810324.0, 810324.0, 810324.0, 810324.0, 810324.0, 810324.0, 810324.0, 810324.0, 810324.0, 810324.0, 810324.0, 810324.0, 810324.0, 810324.0, 810324.0, 810324.0, 810324.0, 810324.0, 810324.0, 810324.0, 810324.0, 810324.0, 810324.0, 810324.0, 810324.0, 810324.0, 810324.0, 810324.0, 810324.0, 810324.0, 810324.0, 810324.0, 810324.0, 810324.0, 810324.0, 810324.0, 810324.0, 810324.0, 810324.0, 810324.0, 810324.0, 810324.0, 810324.0, 810324.0, 810324.0, 810324.0, 810324.0, 810324.0, 810324.0, 810324.0, 810324.0, 810324.0, 810324.0, 810324.0, 810324.0, 810324.0, 810324.0, 810324.0, 810324.0, 810324.0, 810324.0, 810324.0, 810324.0, 810324.0, 810324.0, 810324.0, 810324.0, 810324.0, 810324.0, 810324.0, 810324.0, 810324.0, 810324.0, 810324.0, 810324.0, 810324.0, 810324.0, 810324.0, 810324.0, 810324.0, 810324.0, 810324.0, 810324.0, 810324.0, 810324.0, 810324.0, 810324.0, 810324.0, 810324.0, 810324.0, 810324.0, 810324.0, 810324.0, 810324.0, 810324.0, 763706.3081656994, 763706.3081656994, 763706.3081656994, 763706.3081656994, 763706.3081656994, 763706.3081656994, 763706.3081656994, 763706.3081656994, 763706.3081656994, 763706.3081656994, 763706.3081656994, 763706.3081656994, 763706.3081656994, 763706.3081656994, 763706.3081656994, 763706.3081656994, 763706.3081656994, 763706.3081656994, 763706.3081656994, 763706.3081656994, 763706.3081656994, 763706.3081656994, 763706.3081656994, 763706.3081656994, 763706.3081656994, 763706.3081656994, 763706.3081656994, 763706.3081656994, 763706.3081656994, 763706.3081656994, 763706.3081656994, 763706.3081656994, 763706.3081656994, 763706.3081656994, 763706.3081656994, 763706.3081656994, 763706.3081656994, 763706.3081656994, 766066.7173490507, 766066.7173490507, 774152.5789987822, 774152.5789987822, 774152.5789987822, 787492.3823345738, 790227.0248748146, 790227.0248748146, 790227.0248748146, 790227.0248748146, 790227.0248748146, 790227.0248748146, 790227.0248748146, 790227.0248748146, 790227.0248748146, 790227.0248748146, 790227.0248748146, 790227.0248748146, 790227.0248748146, 790227.0248748146, 790227.0248748146, 790227.0248748146, 790227.0248748146, 790227.0248748146, 790227.0248748146, 790227.0248748146, 790227.0248748146, 790227.0248748146, 790227.0248748146, 790227.0248748146, 790227.0248748146, 790227.0248748146, 790227.0248748146, 798265.1161584782, 798265.1161584782, 798265.1161584782, 798265.1161584782, 810324.0, 810324.0, 810324.0, 810324.0, 810324.0, 810324.0, 810324.0, 810324.0, 810324.0, 810324.0, 810324.0, 810324.0, 810324.0, 810324.0, 810324.0, 810324.0, 809818.2200986848, 809818.2200986848, 809818.2200986848, 809818.2200986848, 809818.2200986848, 809818.2200986848, 809818.2200986848, 809818.2200986848, 809818.2200986848, 809818.2200986848, 809818.2200986848, 809818.2200986848, 809818.2200986848, 809818.2200986848, 809818.2200986848, 809818.2200986848, 809818.2200986848, 809818.2200986848, 809818.2200986848, 809818.2200986848, 809818.2200986848, 809818.2200986848, 809818.2200986848, 809818.2200986848, 809818.2200986848, 809818.2200986848, 809818.2200986848, 809818.2200986848, 809818.2200986848, 809818.2200986848, 809818.2200986848, 809818.2200986848, 809818.2200986848, 809818.2200986848, 809818.2200986848, 809818.2200986848, 809818.2200986848, 809818.2200986848, 809818.2200986848, 809818.2200986848, 809818.2200986848, 809818.2200986848, 809818.2200986848, 809818.2200986848, 810324.0, 810324.0, 810324.0, 810324.0, 810324.0, 810324.0, 810324.0, 810324.0, 810324.0, 810324.0, 810324.0, 810324.0, 810324.0, 810324.0, 810324.0, 810324.0, 810324.0, 810324.0, 810324.0, 810324.0, 810324.0, 810324.0, 810324.0, 810324.0, 810324.0, 810324.0, 810324.0, 810324.0, 810324.0, 810324.0, 810324.0, 810324.0, 810324.0, 810324.0, 810324.0, 810324.0, 810324.0, 810324.0, 810324.0, 810324.0, 810324.0, 810324.0, 810324.0, 810324.0, 810324.0, 810324.0, 810324.0, 810324.0, 810324.0, 810324.0, 810324.0, 810324.0, 810324.0, 810324.0, 810324.0, 810324.0, 810324.0, 810324.0, 810324.0, 810324.0, 810324.0, 810324.0, 810324.0, 810324.0, 810324.0, 810324.0, 810324.0, 810324.0, 810324.0, 810324.0, 810324.0, 810324.0, 810324.0, 810324.0, 810324.0, 810324.0, 810324.0, 810324.0, 810324.0, 810324.0, 810324.0, 810324.0, 810324.0, 810324.0, 810324.0, 810324.0, 810324.0, 810324.0, 810324.0, 810324.0, 810324.0, 810324.0, 810027.6328154288, 810027.6328154288, 810027.6328154288, 810027.6328154288, 810027.6328154288, 810027.6328154288, 810027.6328154288, 810027.6328154288, 810027.6328154288, 810027.6328154288, 810027.6328154288, 810027.6328154288, 810027.6328154288, 810027.6328154288, 810027.6328154288, 810027.6328154288, 810027.6328154288, 810027.6328154288, 810027.6328154288, 810027.6328154288, 810027.6328154288, 810027.6328154288, 810027.6328154288, 810027.6328154288, 810027.6328154288, 810027.6328154288, 810027.6328154288, 810027.6328154288, 810027.6328154288, 810027.6328154288, 810027.6328154288, 810027.6328154288, 810027.6328154288, 810027.6328154288, 810027.6328154288, 810027.6328154288, 810027.6328154288, 810027.6328154288, 810027.6328154288, 810027.6328154288, 810027.6328154288, 810027.6328154288, 810027.6328154288, 810027.6328154288, 810027.6328154288, 810204.7157301069, 810204.7157301069, 810204.7157301069, 810204.7157301069, 810204.7157301069, 810204.7157301069, 810204.7157301069, 810204.7157301069, 810204.7157301069, 810204.7157301069, 810204.7157301069, 810204.7157301069, 810204.7157301069, 810204.7157301069, 810204.7157301069, 810204.7157301069, 810204.7157301069, 810204.7157301069, 810204.7157301069, 810204.7157301069, 810204.7157301069, 810204.7157301069, 810204.7157301069, 810204.7157301069, 810204.7157301069, 810204.7157301069, 810204.7157301069, 810204.7157301069, 810204.7157301069, 810204.7157301069, 810204.7157301069, 810204.7157301069, 810204.7157301069, 810204.7157301069, 810204.7157301069, 810204.7157301069, 810204.7157301069, 810324.0, 810324.0, 810324.0, 810324.0, 810324.0, 810324.0, 810324.0, 810324.0, 810324.0, 810324.0, 
42819.824407514876, 42819.824407514876, 30168.81558162561, 27318.770009651973, 20933.887979625728, 17056.27322494462, 13222.53186105256, 5147.546607991723, 5147.546607991723, 5147.546607991723, 5147.546607991723, 5147.546607991723, 5147.546607991723, 5147.546607991723, 4303.571676787418, 3379.315543943564, 1065.7081897795736, 790.1722493827302, 579.3944496035904, 579.3944496035904, 468.6002087707719, 468.6002087707719, 468.6002087707719, 468.6002087707719, 468.6002087707719, 468.6002087707719, 468.6002087707719, 468.6002087707719, 449.994393894469, 428.20373308441674, 415.9750816768284, 234.3865470545189, 187.5035375447606, 187.5035375447606, 187.5035375447606, 187.5035375447606, 187.5035375447606, 187.5035375447606, 143.7809220600079, 143.7809220600079, 143.7809220600079, 119.57465578691942, 119.57465578691942, 119.57465578691942, 81.18326296632468, 81.18326296632468, 39.76893614657093, 39.76893614657093, 39.76893614657093, 39.76893614657093, 32.37905827547264, 32.37905827547264, 32.37905827547264, 32.37905827547264, 32.37905827547264, 32.37905827547264, 32.37905827547264, 32.37905827547264, 32.37905827547264, 32.37905827547264, 32.37905827547264, 32.37905827547264, 32.37905827547264, 32.37905827547264, 32.37905827547264, 32.37905827547264, 32.37905827547264, 32.37905827547264, 32.37905827547264, 32.37905827547264, 27.038812219829747, 27.038812219829747, 27.038812219829747, 27.038812219829747, 23.96441850298094, 23.96441850298094, 23.96441850298094, 23.96441850298094, 23.96441850298094, 23.96441850298094, 23.96441850298094, 23.96441850298094, 23.96441850298094, 23.96441850298094, 23.96441850298094, 19.528260788403095, 19.528260788403095, 19.528260788403095, 19.528260788403095, 19.528260788403095, 19.528260788403095, 185916.11205236995, 185916.11205236995, 185916.11205236995, 184263.86681157595, 272310.8627309264, 262191.7330407826, 432682.05707670294, 455635.0581811796, 332017.7270697102, 332017.7270697102, 332017.7270697102, 332017.7270697102, 513636.5842743464, 513636.5842743464, 625015.794676041, 625015.794676041, 697883.1400771596, 697883.1400771596, 697883.1400771596, 697883.1400771596, 698464.4929732046, 698464.4929732046, 698464.4929732046, 777671.9697445862, 783313.3992027484, 783313.3992027484, 783313.3992027484, 783313.3992027484, 783313.3992027484, 783313.3992027484, 783313.3992027484, 783313.3992027484, 810005.9152150556, 810005.9152150556, 810005.9152150556, 810005.9152150556, 810005.9152150556, 810005.9152150556, 810005.9152150556, 810324.0, 810324.0, 810324.0, 810324.0, 810324.0, 810324.0, 810324.0, 810324.0, 810324.0, 810324.0, 810324.0, 810324.0, 810324.0, 810324.0, 810324.0, 810324.0, 810324.0, 810324.0, 810324.0, 810324.0, 810324.0, 810324.0, 810324.0, 810324.0, 810324.0, 810324.0, 810324.0, 810324.0, 810324.0, 810324.0, 810324.0, 810324.0, 810324.0, 810324.0, 810324.0, 810324.0, 810324.0, 810324.0, 810324.0, 810324.0, 810324.0, 810324.0, 810324.0, 810324.0, 810324.0, 810324.0, 810324.0, 810324.0, 810324.0, 810324.0, 810324.0, 810324.0, 810324.0, 810324.0, 810324.0, 810324.0, 810324.0, 810324.0, 810324.0, 810324.0, 810324.0, 810324.0, 810324.0, 810324.0, 810324.0, 810324.0, 810324.0, 810324.0, 810324.0, 810324.0, 810324.0, 810324.0, 810324.0, 810324.0, 810324.0, 810324.0, 810324.0, 810324.0, 810324.0, 810324.0, 810324.0, 810324.0, 810324.0, 810324.0, 810324.0, 810324.0, 810324.0, 810324.0, 810324.0, 810324.0, 810324.0, 810324.0, 810324.0, 810324.0, 810324.0, 810324.0, 810324.0, 810324.0, 810324.0, 810324.0, 810324.0, 810324.0, 810324.0, 810324.0, 810324.0, 810324.0, 810324.0, 810324.0, 810324.0, 810324.0, 810324.0, 810324.0, 810324.0, 810324.0, 810324.0, 810324.0, 810324.0, 810324.0, 810324.0, 810324.0, 810324.0, 810324.0, 810324.0, 810324.0, 810324.0, 810324.0, 810324.0, 810324.0, 810324.0, 810324.0, 810324.0, 810324.0, 810324.0, 810324.0, 810324.0, 810324.0, 810324.0, 810324.0, 810324.0, 810324.0, 810324.0, 810324.0, 810324.0, 810324.0, 810324.0, 810324.0, 810324.0, 810324.0, 810324.0, 810324.0, 810324.0, 810324.0, 810324.0, 810324.0, 810324.0, 810324.0, 810324.0, 810324.0, 810324.0, 810324.0, 810324.0, 810324.0, 810324.0, 810324.0, 810324.0, 810324.0, 810324.0, 810324.0, 810324.0, 810324.0, 810324.0, 810324.0, 810324.0, 810324.0, 810324.0, 810324.0, 810324.0, 810324.0, 810324.0, 810324.0, 810324.0, 810324.0, 810324.0, 810324.0, 810324.0, 810324.0, 810324.0, 810324.0, 810324.0, 810324.0, 810324.0, 810324.0, 810324.0, 810324.0, 810324.0, 810324.0, 810324.0, 810324.0, 810324.0, 810324.0, 810324.0, 810324.0, 810324.0, 810324.0, 810324.0, 810324.0, 810324.0, 810324.0, 810324.0, 810324.0, 810324.0, 810324.0, 810324.0, 810324.0, 810324.0, 810324.0, 810324.0, 810324.0, 810324.0, 810324.0, 810324.0, 810324.0, 810324.0, 810324.0, 810324.0, 810324.0, 810324.0, 810324.0, 810324.0, 810324.0, 810324.0, 810324.0, 810324.0, 810324.0, 810324.0, 810324.0, 810324.0, 810324.0, 810324.0, 810324.0, 810324.0, 810324.0, 810324.0, 810324.0, 810324.0, 810324.0, 810324.0, 810324.0, 810324.0, 810324.0, 810324.0, 810324.0, 810324.0, 810324.0, 810324.0, 810324.0, 810324.0, 810324.0, 810324.0, 810324.0, 810324.0, 810324.0, 810324.0, 810324.0, 810324.0, 810324.0, 810324.0, 810324.0, 810324.0, 810324.0, 810324.0, 810324.0, 810324.0, 810324.0, 810324.0, 810324.0, 810324.0, 810324.0, 810324.0, 810324.0, 810324.0, 810324.0, 810324.0, 810324.0, 810324.0, 810324.0, 810324.0, 810324.0, 810324.0, 810324.0, 810324.0, 810324.0, 810324.0, 810324.0, 810324.0, 810324.0, 810324.0, 810324.0, 810324.0, 810324.0, 810324.0, 810324.0, 810324.0, 810324.0, 810324.0, 810324.0, 810324.0, 810324.0, 810324.0, 810324.0, 810324.0, 810324.0, 810324.0, 810324.0, 810324.0, 810324.0, 810324.0, 810324.0, 810324.0, 810324.0, 810324.0, 810324.0, 810324.0, 810324.0, 810324.0, 810324.0, 810324.0, 810324.0, 810324.0, 810324.0, 810324.0, 810324.0, 810324.0, 810324.0, 810324.0, 810324.0, 810324.0, 810324.0, 810324.0, 810324.0, 810324.0, 810324.0, 810324.0, 810324.0, 810324.0, 810324.0, 810324.0, 810324.0, 810324.0, 810324.0, 810324.0, 810324.0, 810324.0, 810324.0, 810324.0, 810324.0, 810324.0, 810324.0, 810324.0, 810324.0, 810324.0, 810324.0, 810324.0, 810324.0, 810324.0, 810324.0, 810324.0, 810324.0, 810324.0, 810324.0, 810324.0, 810324.0, 810324.0, 810324.0, 810324.0, 810324.0, 810324.0, 810324.0, 810324.0, 810324.0, 810324.0, 810324.0, 810324.0, 810324.0, 810324.0, 810324.0, 810324.0, 810324.0, 810324.0, 810324.0, 810324.0, 810324.0, 810324.0, 810324.0, 810324.0, 810324.0, 810324.0, 810324.0, 810324.0, 810324.0, 810324.0, 810324.0, 810324.0, 810324.0, 810324.0, 810324.0, 810324.0, 810324.0, 810324.0, 810324.0, 810324.0, 810324.0, 810324.0, 810324.0, 810324.0, 810324.0, 810324.0, 810324.0, 810324.0, 810324.0, 810324.0, 810324.0, 810324.0, 810324.0, 810324.0, 810324.0, 810324.0, 810324.0, 810324.0, 810324.0, 810324.0, 810324.0, 810324.0, 810324.0, 810324.0, 810324.0, 810324.0, 810324.0, 810324.0, 810324.0, 810324.0, 810324.0, 810324.0, 810324.0, 810324.0, 810324.0, 810324.0, 810324.0, 810324.0, 810324.0, 810324.0, 810324.0, 810324.0, 810324.0, 810324.0, 810324.0, 810324.0, 810324.0, 810324.0, 810324.0, 810178.4771694536, 810178.4771694536, 810178.4771694536, 810178.4771694536, 810178.4771694536, 810178.4771694536, 810178.4771694536, 810178.4771694536, 810178.4771694536, 810178.4771694536, 810178.4771694536, 810178.4771694536, 810178.4771694536, 810178.4771694536, 810178.4771694536, 810178.4771694536, 810178.4771694536, 810178.4771694536, 810178.4771694536, 810178.4771694536, 810178.4771694536, 810178.4771694536, 810178.4771694536, 810178.4771694536, 810178.4771694536, 810178.4771694536, 810178.4771694536, 810178.4771694536, 810178.4771694536, 810178.4771694536, 810178.4771694536, 810178.4771694536, 810178.4771694536, 810178.4771694536, 810178.4771694536, 810178.4771694536, 810178.4771694536, 810178.4771694536, 810178.4771694536, 810178.4771694536, 810178.4771694536, 810178.4771694536, 810178.4771694536, 809143.1021156274, 810029.0096448, 810029.0096448, 810029.0096448, 810029.0096448, 810029.0096448, 810029.0096448, 810029.0096448, 810029.0096448, 810029.0096448, 810029.0096448, 810029.0096448, 810029.0096448, 810029.0096448, 810029.0096448, 810029.0096448, 810029.0096448, 810029.0096448, 810029.0096448, 810029.0096448, 810029.0096448, 810029.0096448, 810029.0096448, 810029.0096448, 810029.0096448, 810029.0096448, 810029.0096448, 810029.0096448, 810029.0096448, 810029.0096448, 810029.0096448, 810029.0096448, 810029.0096448, 810029.0096448, 810029.0096448, 810029.0096448, 810029.0096448, 810029.0096448, 810029.0096448, 810029.0096448, 810324.0, 810324.0, 810324.0, 810324.0, 810324.0, 810324.0, 810324.0, 810324.0, 810324.0, 810324.0, 810324.0, 810324.0, 810324.0, 810324.0, 810324.0, 810324.0, 810324.0, 810324.0, 810324.0, 810324.0, 810324.0, 810324.0, 810324.0, 810324.0, 810324.0, 810324.0, 810324.0, 810324.0, 810324.0, 810324.0, 810324.0, 810324.0, 810324.0, 810324.0, 810324.0, 810324.0, 810324.0, 810324.0, 810324.0, 810324.0, 810324.0, 810324.0, 810324.0, 810324.0, 810324.0, 810324.0, 810324.0, 810324.0, 810324.0, 810324.0, 810324.0, 810324.0, 810324.0, 810324.0, 810324.0, 810324.0, 810324.0, 810324.0, 810324.0, 810324.0, 810324.0, 810324.0, 810324.0, 810324.0, 810324.0, 810324.0, 810324.0, 810324.0, 810324.0, 810324.0, 810324.0, 810324.0, 810324.0, 810324.0, 810324.0, 810324.0, 810324.0, 810324.0, 810324.0, 810324.0, 810324.0, 810324.0, 810324.0, 810324.0, 810324.0, 810324.0, 810324.0, 810324.0, 810324.0, 810324.0, 810324.0, 810324.0, 810324.0, 810324.0, 810324.0, 810324.0, 810324.0, 810324.0, 810324.0, 810324.0, 810324.0, 810324.0, 810324.0, 810324.0, 810324.0, 810324.0, 810324.0, 810324.0, 810324.0, 810324.0, 810324.0, 810324.0, 810324.0, 810324.0, 810324.0, 810324.0, 810324.0, 810324.0, 810324.0, 810324.0, 810324.0, 810324.0, 810324.0, 810324.0, 810324.0, 810324.0, 810324.0, 810324.0, 810324.0, 810324.0, 810324.0, 810324.0, 810324.0, 810324.0, 810324.0, 810324.0, 810324.0, 810324.0, 810324.0, 810324.0, 810324.0, 810324.0, 810324.0, 810324.0, 810324.0, 810324.0, 810324.0, 810324.0, 810324.0, 810324.0, 810324.0, 810324.0, 810324.0, 810324.0, 810324.0, 810324.0, 810324.0, 810324.0, 810324.0, 810324.0, 810324.0, 810324.0, 810324.0, 810324.0, 810324.0, 810324.0, 810324.0, 810324.0, 810324.0, 810324.0, 810324.0, 810324.0, 810324.0, 810324.0, 810324.0, 810324.0, 810324.0, 810324.0, 810324.0, 810324.0, 810324.0, 810324.0, 810324.0, 810324.0, 810324.0, 810324.0, 810324.0, 810324.0, 810324.0, 810324.0, 810324.0, 810324.0, 810324.0, 810324.0, 810324.0, 810324.0, 810324.0, 810324.0, 810324.0, 810324.0, 810324.0, 810324.0, 810324.0, 810324.0, 810324.0, 810324.0, 810324.0, 810324.0, 810324.0, 810324.0, 810324.0, 810324.0, 810324.0, 810324.0, 810324.0, 810324.0, 810324.0, 810324.0, 810324.0, 810324.0, 810324.0, 810324.0, 810324.0, 810324.0, 810324.0, 810324.0, 810324.0, 810324.0, 810324.0, 810324.0, 810324.0, 810324.0, 810324.0, 810324.0, 810324.0, 810324.0, 810324.0, 810324.0, 810324.0, 810324.0, 810324.0, 810324.0, 810324.0, 810324.0, 810324.0, 810324.0, 810324.0, 810324.0, 810324.0, 810324.0, 810324.0, 810324.0, 810324.0, 810324.0, 810324.0, 810324.0, 810324.0, 810324.0, 810324.0, 810324.0, 810324.0, 810324.0, 810324.0, 810324.0, 810324.0, 810324.0, 810324.0, 810324.0, 810324.0, 810324.0, 810324.0, 810324.0, 810324.0, 810324.0, 810324.0, 810324.0, 810324.0, 810324.0, 810324.0, 810324.0, 810324.0, 810324.0, 810324.0, 810324.0, 810324.0, 810324.0, 810324.0, 810324.0, 810324.0, 810324.0, 810324.0, 810324.0, 810324.0, 810324.0, 810324.0, 810324.0, 810324.0, 810324.0, 810324.0, 810324.0, 810324.0, 810324.0, 810324.0, 810324.0, 810324.0, 810324.0, 810324.0, 810324.0, 810324.0, 810324.0, 810324.0, 810324.0, 810324.0, 810324.0, 810324.0, 810324.0, 810324.0, 810324.0, 810324.0, 810324.0, 810324.0, 810324.0, 810324.0, 810324.0, 810324.0, 810324.0, 810324.0, 810324.0, 810324.0, 810324.0, 810324.0, 810324.0, 810324.0, 810324.0, 810324.0, 810324.0, 810324.0, 810324.0, 810324.0, 810324.0, 810324.0, 810324.0, 810324.0, 810324.0, 810324.0, 810324.0, 810324.0, 810324.0, 810324.0, 810324.0, 810324.0, 810324.0, 810324.0, 810324.0, 810324.0, 810324.0, 810324.0, 810324.0, 810324.0, 810324.0, 810324.0, 810324.0, 810324.0, 810324.0, 810324.0, 810324.0, 810324.0, 810324.0, 810324.0, 810324.0, 810324.0, 810324.0, 810324.0, 810324.0, 810324.0, 810324.0, 810324.0, 810324.0, 810324.0, 810324.0, 810324.0, 810324.0, 810324.0, 810324.0, 810324.0, 810324.0, 810324.0, 810324.0, 810324.0, 810324.0, 810324.0, 810324.0, 810324.0, 810324.0, 810324.0, 810324.0, 810324.0, 810324.0, 810324.0, 810324.0, 810324.0, 810324.0, 810324.0, 810324.0, 810324.0, 810324.0, 810324.0, 810324.0, 810324.0, 810324.0, 810324.0, 810324.0, 810324.0, 810324.0, 810324.0, 810324.0, 810324.0, 810324.0, 810324.0, 810324.0, 810324.0, 810324.0, 810324.0, 810324.0, 810324.0, 810324.0, 810324.0, 810324.0, 810324.0, 810324.0, 810324.0, 810324.0, 810324.0, 810324.0, 810324.0, 810324.0, 810324.0, 810324.0, 810324.0, 810324.0, 810324.0, 810324.0, 810324.0, 810324.0, 810324.0, 810324.0, 810324.0, 810324.0, 810324.0, 810324.0, 810324.0, 810324.0, 810324.0, 810324.0, 810324.0, 810324.0, 810324.0, 810324.0, 810324.0, 810324.0, 810324.0, 810324.0, 810324.0, 810324.0, 810324.0, 810324.0, 810324.0, 810324.0, 810324.0, 810324.0, 810324.0, 810324.0, 810324.0, 810324.0, 810324.0, 810324.0, 810324.0, 810324.0, 810324.0, 810324.0, 810324.0, 810324.0, 810324.0, 810324.0, 810324.0, 810324.0, 810324.0, 810324.0, 810324.0, 810324.0, 810324.0, 810324.0, 810324.0, 810324.0, 810324.0, 810324.0, 810324.0, 810324.0, 810324.0, 810324.0, 810324.0, 810324.0, 810324.0, 810324.0, 810324.0, 810324.0, 810324.0, 810324.0, 810324.0, 810324.0, 810324.0, 810324.0, 810324.0, 810324.0, 810324.0, 810324.0, 810324.0, 810324.0, 810324.0, 810324.0, 810324.0, 810324.0, 810324.0, 810324.0, 810324.0, 810324.0, 810324.0, 810324.0, 810324.0, 810324.0, 810324.0, 810324.0, 810324.0, 810324.0, 810324.0, 810324.0, 810324.0, 810324.0, 810324.0, 810324.0, 810324.0, 810324.0, 810324.0, 810324.0, 810324.0, 810324.0, 810324.0, 810324.0, 810324.0, 810324.0, 810324.0, 810324.0, 810324.0, 810324.0, 810324.0, 810324.0, 810324.0, 810324.0, 810324.0, 810324.0, 810324.0, 810324.0, 810324.0, 810324.0, 810324.0, 810324.0, 810324.0, 810324.0, 810324.0, 810324.0, 810324.0, 810324.0, 810324.0, 810324.0, 810324.0, 810324.0, 810324.0, 810324.0, 810324.0, 810324.0, 810324.0, 810324.0, 810324.0, 810324.0, 810324.0, 810324.0, 810324.0, 810324.0, 810324.0, 810324.0, 810324.0, 810324.0, 810324.0, 810324.0, 810324.0, 810324.0, 810324.0, 810324.0, 810324.0, 810324.0, 810324.0, 810324.0, 810324.0, 810324.0, 810324.0, 810324.0, 810324.0, 810324.0, 810324.0, 810324.0, 810324.0, 810324.0, 810324.0, 810324.0, 810324.0, 810324.0, 810324.0, 810324.0, 810324.0, 810324.0, 810324.0, 810324.0, 810324.0, 810324.0, 810324.0, 810324.0, 810324.0, 810324.0, 810324.0, 810324.0, 810324.0, 810324.0, 810324.0, 810324.0, 810324.0, 810324.0, 810324.0, 810324.0, 810324.0, 810324.0, 810324.0, 810324.0, 810324.0, 810324.0, 810324.0, 810324.0, 810324.0, 810324.0, 810324.0, 810324.0, 810324.0, 810324.0, 810324.0, 810324.0, 810324.0, 810324.0, 810324.0, 810324.0, 810324.0, 810324.0, 810324.0, 810324.0, 810324.0, 810324.0, 810324.0, 810324.0, 810324.0, 810324.0, 810324.0, 810324.0, 810324.0, 810324.0, 810324.0, 810324.0, 810324.0, 810324.0, 810324.0, 810324.0, 810324.0, 810324.0, 810324.0, 810324.0, 810324.0, 810324.0, 810324.0, 810324.0, 810324.0, 810324.0, 810324.0, 810324.0, 810324.0, 810324.0, 810324.0, 810324.0, 810324.0, 810324.0, 810324.0, 810324.0, 810324.0, 810324.0, 810324.0, 810324.0, 810324.0, 810324.0, 810324.0, 810324.0, 810324.0, 810324.0, 810324.0, 810324.0, 810324.0, 810324.0, 810324.0, 810324.0, 810324.0, 810324.0, 810324.0, 810324.0, 810324.0, 810324.0, 810324.0, 810324.0, 810324.0, 810324.0, 810324.0, 810324.0, 810324.0, 810324.0, 810324.0, 810324.0, 810324.0, 810324.0, 810324.0, 810324.0, 810324.0, 810324.0, 810324.0, 810324.0, 810324.0, 810324.0, 810324.0, 810324.0, 810324.0, 810324.0, 810324.0, 810324.0, 810324.0, 810324.0, 810324.0, 810324.0, 810324.0, 810324.0, 810324.0, 810324.0, 810324.0, 810324.0, 810324.0, 810324.0, 810324.0, 810324.0, 810324.0, 810324.0, 810324.0, 810324.0, 810324.0, 810324.0, 810324.0, 810324.0, 810324.0, 810324.0, 810324.0, 810324.0, 810324.0, 810324.0, 810324.0, 810324.0, 810324.0, 810324.0, 810324.0, 810324.0, 810324.0, 810324.0, 810324.0, 810324.0, 810324.0, 810324.0, 810324.0, 810324.0, 810324.0, 810324.0, 810324.0, 810324.0, 810324.0, 810324.0, 810324.0, 810324.0, 810324.0, 810324.0, 810324.0, 810324.0, 810324.0, 810324.0, 810324.0, 810324.0, 810324.0, 810324.0, 810324.0, 810324.0, 810324.0, 810324.0, 810324.0, 810324.0, 810324.0, 810324.0, 810324.0, 810324.0, 810324.0, 810324.0, 810324.0, 810324.0, 810324.0, 810324.0, 810324.0, 810324.0, 810324.0, 810324.0, 810324.0, 810324.0, 810324.0, 810324.0, 810324.0, 810324.0, 810324.0, 810324.0, 810324.0, 810324.0, 810324.0, 810324.0, 810324.0, 810324.0, 810324.0, 810324.0, 810324.0, 810324.0, 810324.0, 810324.0, 810324.0, 810324.0, 810324.0, 810324.0, 810324.0, 810324.0, 810324.0, 810324.0, 810324.0, 810324.0, 810324.0, 810324.0, 810324.0, 810324.0, 810324.0, 810324.0, 810324.0, 810324.0, 810324.0, 810324.0, 810324.0, 810324.0, 810324.0, 810324.0, 810324.0, 810324.0, 810324.0, 810324.0, 810324.0, 810324.0, 810324.0, 810324.0, 810324.0, 810324.0, 810324.0, 810324.0, 810324.0, 810324.0, 810324.0, 810324.0, 810324.0, 810324.0, 810324.0, 810324.0, 810324.0, 810324.0, 810324.0, 810324.0, 810324.0, 810324.0, 810324.0, 810324.0, 810324.0, 810324.0, 810324.0, 810324.0, 810324.0, 810324.0, 810324.0, 810324.0, 810324.0, 810324.0, 810324.0, 810324.0, 810324.0, 810324.0, 810324.0, 810324.0, 810324.0, 810324.0, 810324.0, 810324.0, 810324.0, 810324.0, 810324.0, 810324.0, 810324.0, 810324.0, 810324.0, 810324.0, 810324.0, 810324.0, 810324.0, 810324.0, 810324.0, 810324.0, 810324.0, 810324.0, 810324.0, 810324.0, 810324.0, 810324.0, 810324.0, 810324.0, 810324.0, 810324.0, 810324.0, 810324.0, 810324.0, 810324.0, 810324.0, 810324.0, 810324.0, 810324.0, 810324.0, 810324.0, 810324.0, 810324.0, 810324.0, 810324.0, 810324.0, 810324.0, 810324.0, 810324.0, 810324.0, 810324.0, 810324.0, 810324.0, 810324.0, 810324.0, 810324.0, 810324.0, 810324.0, 810324.0, 810324.0, 810324.0, 810324.0, 810324.0, 810324.0, 810324.0, 810324.0, 810324.0, 810324.0, 810324.0, 810324.0, 810324.0, 810324.0, 810324.0, 810324.0, 810324.0, 810324.0, 810324.0, 810324.0, 810324.0, 810324.0, 810324.0, 810324.0, 810324.0, 810324.0, 810324.0, 810324.0, 810324.0, 810324.0, 810324.0, 810324.0, 810324.0, 810324.0, 810324.0, 810324.0, 810324.0, 810324.0, 810324.0, 810324.0, 810324.0, 810324.0, 810324.0, 810324.0, 810324.0, 810324.0, 810324.0, 810324.0, 810324.0, 810324.0, 810324.0, 810324.0, 810324.0, 810324.0, 810324.0, 810324.0, 810324.0, 810324.0, 810324.0, 810324.0, 810324.0, 810324.0, 810324.0, 810324.0, 810324.0, 810324.0, 810324.0, 810324.0, 810324.0, 810324.0, 810324.0, 810324.0, 810324.0, 810324.0, 810324.0, 810324.0, 810324.0, 810324.0, 810324.0, 810324.0, 810324.0, 810324.0, 810324.0, 810324.0, 810324.0, 810324.0, 810324.0, 810324.0, 810324.0, 810324.0, 810324.0, 810324.0, 810324.0, 810324.0, 810324.0, 810324.0, 810324.0, 810324.0, 810324.0, 810324.0, 810324.0, 810324.0, 810324.0, 810324.0, 810324.0, 810324.0, 810324.0, 810324.0, 810324.0, 810324.0, 810324.0, 810324.0, 810324.0, 810324.0, 810324.0, 810324.0, 810324.0, 810324.0, 810324.0, 810324.0, 810324.0, 810324.0, 810324.0, 810324.0, 810324.0, 810324.0, 810324.0, 810324.0, 810324.0, 810324.0, 810324.0, 810324.0, 810324.0, 810324.0, 810324.0, 810324.0, 810324.0, 810324.0, 810324.0, 810324.0, 810324.0, 810324.0, 810324.0, 810324.0, 810324.0, 810324.0, 810324.0, 810324.0, 810324.0, 810324.0, 810324.0, 810324.0, 810324.0, 810324.0, 810324.0, 810324.0, 810324.0, 810324.0, 810324.0, 810324.0, 810324.0, 810324.0, 810324.0, 810324.0, 810324.0, 810324.0, 810324.0, 810324.0, 810324.0, 810324.0, 810324.0, 810324.0, 810324.0, 810324.0, 810324.0, 810324.0, 810324.0, 810324.0, 810324.0, 810324.0, 810324.0, 810324.0, 810324.0, 810324.0, 810324.0, 810324.0, 810324.0, 810324.0, 810324.0, 810324.0, 810324.0, 810324.0, 810324.0, 810324.0, 810324.0, 810324.0, 810324.0, 810324.0, 810324.0, 810324.0, 810324.0, 810324.0, 810324.0, 810324.0, 810324.0, 810324.0, 810324.0, 810324.0, 810324.0, 810324.0, 810324.0, 810324.0, 810324.0, 810324.0, 810324.0, 810324.0, 810324.0, 810324.0, 810324.0, 810324.0, 810324.0, 810324.0, 810324.0, 810324.0, 810324.0, 810324.0, 810324.0, 810324.0, 810324.0, 810324.0, 810324.0, 810324.0, 810324.0, 810324.0, 810324.0, 810324.0, 810324.0, 810324.0, 810324.0, 810324.0, 810324.0, 810324.0, 810324.0, 810324.0, 810324.0, 810324.0, 810324.0, 810324.0, 810324.0, 810324.0, 810324.0, 810324.0, 810324.0, 810324.0, 810324.0, 810324.0, 810324.0, 810324.0, 810324.0, 810324.0, 810324.0, 810324.0, 810324.0, 810324.0, 810324.0, 810324.0, 810324.0, 810324.0, 810324.0, 810324.0, 810324.0, 810324.0, 810324.0, 810324.0, 810324.0, 810324.0, 810324.0, 810324.0, 810324.0, 810324.0, 810324.0, 810324.0, 810324.0, 810324.0, 810324.0, 810324.0, 810324.0, 810324.0, 810324.0, 810324.0, 810324.0, 810324.0, 810324.0, 810324.0, 810324.0, 810324.0, 810324.0, 810324.0, 810324.0, 810324.0, 810324.0, 810324.0, 810324.0, 810324.0, 810324.0, 810324.0, 810324.0, 810324.0, 810324.0, 810324.0, 810324.0, 810324.0, 810324.0, 810324.0, 810324.0, 810324.0, 810324.0, 810324.0, 810324.0, 810324.0, 810324.0, 810324.0, 810324.0, 810324.0, 810324.0, 810324.0, 810324.0, 810324.0, 810324.0, 810324.0, 810324.0, 810324.0, 810324.0, 810324.0, 810324.0, 810324.0, 810324.0, 810324.0, 810324.0, 810324.0, 810324.0, 810324.0, 810324.0, 810324.0, 810324.0, 810324.0, 810324.0, 810324.0, 810324.0, 810324.0, 810324.0, 810324.0, 810324.0, 810324.0, 810324.0, 810324.0, 810324.0, 810324.0, 810324.0, 810324.0, 810324.0, 810324.0, 810324.0, 810324.0, 810324.0, 810324.0, 810324.0, 810324.0, 810324.0, 810324.0, 810324.0, 810324.0, 810324.0, 810324.0, 810324.0, 810324.0, 810324.0, 810324.0, 810324.0, 810324.0, 810324.0, 810324.0, 810324.0, 810324.0, 810324.0, 810324.0, 810324.0, 810324.0, 810324.0, 810324.0, 810324.0, 810324.0, 810324.0, 810324.0, 810324.0, 810324.0, 810324.0, 810324.0, 810324.0, 810324.0, 810324.0, 810324.0, 810324.0, 810324.0, 810324.0, 810324.0, 810324.0, 810324.0, 810324.0, 810324.0, 810324.0, 810324.0, 810324.0, 810324.0, 810324.0, 810324.0, 810324.0, 810324.0, 810324.0, 810324.0, 810324.0, 810324.0, 810324.0, 810324.0, 810324.0, 810324.0, 810324.0, 810324.0, 810324.0, 810324.0, 810324.0, 810324.0, 810324.0, 810324.0, 810324.0, 810324.0, 810324.0, 810324.0, 810324.0, 810324.0, 810324.0, 810324.0, 810324.0, 810324.0, 810324.0, 810324.0, 810324.0, 810324.0, 810324.0, 810324.0, 810324.0, 810324.0, 810324.0, 810324.0, 810324.0, 810324.0, 810324.0, 810324.0, 810324.0, 810324.0, 810324.0, 810324.0, 810324.0, 810324.0, 810324.0, 810324.0, 810324.0, 810324.0, 810324.0, 810324.0, 810324.0, 810324.0, 810324.0, 810324.0, 810324.0, 810324.0, 810324.0, 810324.0, 810324.0, 810324.0, 810324.0, 810324.0, 810324.0, 810324.0, 810324.0, 810324.0, 810324.0, 810324.0, 810324.0, 810324.0, 810324.0, 810324.0, 810324.0, 810324.0, 810324.0, 810324.0, 810324.0, 810324.0, 810324.0, 810324.0, 810324.0, 810324.0, 810324.0, 810324.0, 810324.0, 810324.0, 810324.0, 810324.0, 810324.0, 810324.0, 810324.0, 810324.0, 810324.0, 810324.0, 810324.0, 810324.0, 810324.0, 810324.0, 810324.0, 810324.0, 810324.0, 810324.0, 810324.0, 810324.0, 810324.0, 810324.0, 810324.0, 810324.0, 810324.0, 810324.0, 810324.0, 810324.0, 810324.0, 810324.0, 810324.0, 810324.0, 810324.0, 810324.0, 810324.0, 810324.0, 810324.0, 810324.0, 810324.0, 810324.0, 810324.0, 810324.0, 810324.0, 810324.0, 810324.0, 810324.0, 810324.0, 810324.0, 810324.0, 810324.0, 810324.0, 810324.0, 810324.0, 810324.0, 810324.0, 810324.0, 810324.0, 810324.0, 810324.0, 810324.0, 810324.0, 810324.0, 810324.0, 810324.0, 810324.0, 810324.0, 810324.0, 810324.0, 810324.0, 810324.0, 810324.0, 810324.0, 810324.0, 810324.0, 810324.0, 810324.0, 810324.0, 810324.0, 810324.0, 810324.0, 810324.0, 810324.0, 810324.0, 810324.0, 810324.0, 810324.0, 810324.0, 810324.0, 810324.0, 810324.0, 810324.0, 810324.0, 810324.0, 810324.0, 810324.0, 810324.0, 810324.0, 810324.0, 810324.0, 810324.0, 810324.0, 810324.0, 810324.0, 810324.0, 810324.0, 810324.0, 810324.0, 810324.0, 810324.0, 810324.0, 810324.0, 810324.0, 810324.0, 810324.0, 810324.0, 810324.0, 810324.0, 810324.0, 810324.0, 810324.0, 810324.0, 810324.0, 810324.0, 810324.0, 810324.0, 810324.0, 810324.0, 810324.0, 810324.0, 810324.0, 810324.0, 810324.0, 810324.0, 810324.0, 810324.0, 810324.0, 810324.0, 810324.0, 810324.0, 810324.0, 810324.0, 810324.0, 810324.0, 810324.0, 810324.0, 810324.0, 810324.0, 810324.0, 810324.0, 810324.0, 810324.0, 810324.0, 810324.0, 810324.0, 810324.0, 810324.0, 810324.0, 810324.0, 810324.0, 810324.0, 810324.0, 810324.0, 810324.0, 810324.0, 810324.0, 810324.0, 810324.0, 810324.0, 810324.0, 810324.0, 810324.0, 810324.0, 810324.0, 810324.0, 810324.0, 810324.0, 810324.0, 810324.0, 810324.0, 810324.0, 810324.0, 810324.0, 810324.0, 810324.0, 810324.0, 810324.0, 810324.0, 810324.0, 810324.0, 810324.0, 810324.0, 810324.0, 810324.0, 810324.0, 810324.0, 810324.0, 810324.0, 810324.0, 810324.0, 810324.0, 810324.0, 810324.0, 810324.0, 810324.0, 810324.0, 810324.0, 810324.0, 810324.0, 810324.0, 810324.0, 810324.0, 810324.0, 810324.0, 810324.0, 810324.0, 810324.0, 810324.0, 810324.0, 810324.0, 810324.0, 810324.0, 810324.0, 810324.0, 810324.0, 810324.0, 810324.0, 810324.0, 810324.0, 810324.0, 810324.0, 810324.0, 810324.0, 810324.0, 810324.0, 810324.0, 810324.0, 810324.0, 810324.0, 810324.0, 810324.0, 810324.0, 810324.0, 810324.0, 810324.0, 810324.0, 810324.0, 810324.0, 810324.0, 810324.0, 810324.0, 810324.0, 810324.0, 810324.0, 810324.0, 810324.0, 810324.0, 810324.0, 810324.0, 810324.0, 810324.0, 810324.0, 810324.0, 810324.0, 810324.0, 810324.0, 810324.0, 810324.0, 810324.0, 810324.0, 810324.0, 810324.0, 810324.0, 810324.0, 810324.0, 810324.0, 810324.0, 810324.0, 810324.0, 810324.0, 810324.0, 810324.0, 810324.0, 810324.0, 810324.0, 810324.0, 810324.0, 810324.0, 810324.0, 810324.0, 810324.0, 810324.0, 810324.0, 810324.0, 810324.0, 810324.0, 810324.0, 810324.0, 810324.0, 810324.0, 810324.0, 810324.0, 810324.0, 810324.0, 810324.0, 810324.0, 810324.0, 810324.0, 810324.0, 810324.0, 810324.0, 810324.0, 810324.0, 810324.0, 810324.0, 810324.0, 810324.0, 810324.0, 810324.0, 810324.0, 810324.0, 810324.0, 810324.0, 810324.0, 810324.0, 810324.0, 810324.0, 810324.0, 810324.0, 810324.0, 810324.0, 810324.0, 810324.0, 810324.0, 810324.0, 810324.0, 810324.0, 810324.0, 810324.0, 810324.0, 810324.0, 810324.0, 810324.0, 810324.0, 810324.0, 810324.0, 810324.0, 810324.0, 810324.0, 810324.0, 810324.0, 810324.0, 810324.0, 810324.0, 810324.0, 810324.0, 810324.0, 810324.0, 810324.0, 810324.0, 810324.0, 810324.0, 810324.0, 810324.0, 810324.0, 810324.0, 810324.0, 810324.0, 810324.0, 810324.0, 810324.0, 810324.0, 810324.0, 810324.0, 810324.0, 810324.0, 810324.0, 810324.0, 810324.0, 810324.0, 810324.0, 810324.0, 810324.0, 810324.0, 810324.0, 810324.0, 810324.0, 810324.0, 810324.0, 810324.0, 810324.0, 810324.0, 810324.0, 810324.0, 810324.0, 810324.0, 810324.0, 810324.0, 810324.0, 810324.0, 810324.0, 810324.0, 810324.0, 810324.0, 810324.0, 810324.0, 810324.0, 810324.0, 810324.0, 810324.0, 810324.0, 810324.0, 810324.0, 810324.0, 810324.0, 810324.0, 810324.0, 810324.0, 810324.0, 810324.0, 810324.0, 810324.0, 810324.0, 810324.0, 810324.0, 810324.0, 810324.0, 810324.0, 810324.0, 810324.0, 810324.0, 810324.0, 810324.0, 810324.0, 810324.0, 810324.0, 810324.0, 810324.0, 810324.0, 810324.0, 810324.0, 810324.0, 810324.0, 810324.0, 810324.0, 810324.0, 810324.0, 810324.0, 810324.0, 810324.0, 810324.0, 810324.0, 810324.0, 810324.0, 810324.0, 810324.0, 810324.0, 810324.0, 810324.0, 810324.0, 810324.0, 810324.0, 810324.0, 810324.0, 810324.0, 810324.0, 810324.0, 810324.0, 810324.0, 810324.0, 810324.0, 810324.0, 810324.0, 810324.0, 810324.0, 810324.0, 810324.0, 810324.0, 810324.0, 810324.0, 810324.0, 810324.0, 810324.0, 810324.0, 810324.0, 810324.0, 810324.0, 810324.0, 810324.0, 810324.0, 810324.0, 810324.0, 810324.0, 810324.0, 810324.0, 810324.0, 810324.0, 810324.0, 810324.0, 810324.0, 810324.0, 810324.0, 810324.0, 810324.0, 810324.0, 810324.0, 810324.0, 810324.0, 810324.0, 810324.0, 810324.0, 810324.0, 810324.0, 810324.0, 810324.0, 810324.0, 810324.0, 810324.0, 810324.0, 810324.0, 810324.0, 810324.0, 810324.0, 810324.0, 810324.0, 810324.0, 810324.0, 810324.0, 810324.0, 810324.0, 810324.0, 810324.0, 810324.0, 810324.0, 810324.0, 810324.0, 810324.0, 810324.0, 810324.0, 810324.0, 810324.0, 810324.0, 810324.0, 810324.0, 810324.0, 810324.0, 810324.0, 810324.0, 810324.0, 810324.0, 810324.0, 810324.0, 810324.0, 810324.0, 810324.0, 810324.0, 810324.0, 810324.0, 810324.0, 810324.0, 810324.0, 810324.0, 810324.0, 810324.0, 810324.0, 810324.0, 810324.0, 810324.0, 810324.0, 810324.0, 810324.0, 810324.0, 810324.0, 810324.0, 810324.0, 810324.0, 810324.0, 810324.0, 810324.0, 810324.0, 810324.0, 810324.0, 810324.0, 810324.0, 810324.0, 810324.0, 810324.0, 810324.0, 810324.0, 810324.0, 810324.0, 810324.0, 810324.0, 810324.0, 810324.0, 810324.0, 810324.0, 810324.0, 810324.0, 810324.0, 810324.0, 810324.0, 810324.0, 810324.0, 810324.0, 810324.0, 810324.0, 810324.0, 810324.0, 810324.0, 810324.0, 810324.0, 810324.0, 810324.0, 810324.0, 810324.0, 810324.0, 810324.0, 810324.0, 810324.0, 810324.0, 810324.0, 810324.0, 810324.0, 810324.0, 810166.3588079694, 810166.3588079694, 810166.3588079694, 810166.3588079694, 810166.3588079694, 810166.3588079694, 810166.3588079694, 810166.3588079694, 810166.3588079694, 810166.3588079694, 810166.3588079694, 810166.3588079694, 810166.3588079694, 810166.3588079694, 810166.3588079694, 810166.3588079694, 810166.3588079694, 810166.3588079694, 810166.3588079694, 810166.3588079694, 810166.3588079694, 810166.3588079694, 810166.3588079694, 810166.3588079694, 810166.3588079694, 810166.3588079694, 810166.3588079694, 810166.3588079694, 810166.3588079694, 810166.3588079694, 810166.3588079694, 810166.3588079694, 810166.3588079694, 810166.3588079694, 810166.3588079694, 810166.3588079694, 810166.3588079694, 810166.3588079694, 810166.3588079694, 810166.3588079694, 810166.3588079694, 810166.3588079694, 810166.3588079694, 810166.3588079694, 810193.3508986789, 810193.3508986789, 810193.3508986789, 810193.3508986789, 810193.3508986789, 810193.3508986789, 810193.3508986789, 810193.3508986789, 810193.3508986789, 810193.3508986789, 810193.3508986789, 810193.3508986789, 810193.3508986789, 810193.3508986789, 810193.3508986789, 810193.3508986789, 810193.3508986789, 810193.3508986789, 810193.3508986789, 810193.3508986789, 810193.3508986789, 810193.3508986789, 810193.3508986789, 810193.3508986789, 810193.3508986789, 810193.3508986789, 810193.3508986789, 810193.3508986789, 810193.3508986789, 810193.3508986789, 810193.3508986789, 810193.3508986789, 810193.3508986789, 810193.3508986789, 810193.3508986789, 810193.3508986789, 810193.3508986789, 810193.3508986789, 810193.3508986789, 810193.3508986789, 810324.0, 810324.0, 810324.0, 810324.0, 810324.0, 810324.0, 810324.0, 810324.0, 810324.0, 810324.0, 810324.0, 810324.0, 810324.0, 810324.0, 810324.0, 810324.0, 810324.0, 810324.0, 810324.0, 810324.0, 810324.0, 810324.0, 810324.0, 810324.0, 810324.0, 810324.0, 810324.0, 810324.0, 810324.0, 810324.0, 810324.0, 810324.0, 810324.0, 810324.0, 810324.0, 810324.0, 810324.0, 810324.0, 810324.0, 810324.0, 810324.0, 810324.0, 810324.0, 810324.0, 810324.0, 810324.0, 810324.0, 810324.0, 810324.0, 810324.0, 810324.0, 810324.0, 810324.0, 810324.0, 810324.0, 810324.0, 810324.0, 810324.0, 810324.0, 810324.0, 810324.0, 810324.0, 810324.0, 810324.0, 810324.0, 810324.0, 810324.0, 810324.0, 810324.0, 810324.0, 810324.0, 810324.0, 810324.0, 810324.0, 810324.0, 810324.0, 810324.0, 810324.0, 810324.0, 810324.0, 810324.0, 810324.0, 810324.0, 810324.0, 810324.0, 810324.0, 810324.0, 810324.0, 810324.0, 810324.0, 810324.0, 810324.0, 810324.0, 810324.0, 810324.0, 810324.0, 810324.0, 810324.0, 810324.0, 810324.0, 810324.0, 810324.0, 810324.0, 810324.0, 810324.0, 810324.0, 810324.0, 810324.0, 810324.0, 810324.0, 810324.0, 810324.0, 810324.0, 810324.0, 810324.0, 810324.0, 810324.0, 810324.0, 810324.0, 810324.0, 810324.0, 810324.0, 810324.0, 810324.0, 810324.0, 810324.0, 810324.0, 810324.0, 810324.0, 810324.0, 810324.0, 810324.0, 810324.0, 810324.0, 810324.0, 810324.0, 810324.0, 810324.0, 810324.0, 810324.0, 810324.0, 810324.0, 810324.0, 802730.8162239417, 802730.8162239417, 802730.8162239417, 802730.8162239417, 802730.8162239417, 802730.8162239417, 802730.8162239417, 802730.8162239417, 802730.8162239417, 802730.8162239417, 802730.8162239417, 802730.8162239417, 802730.8162239417, 802730.8162239417, 802730.8162239417, 802730.8162239417, 802730.8162239417, 802730.8162239417, 802730.8162239417, 802730.8162239417, 802730.8162239417, 802730.8162239417, 802730.8162239417, 802730.8162239417, 802730.8162239417, 802730.8162239417, 802730.8162239417, 802730.8162239417, 802730.8162239417, 802730.8162239417, 802730.8162239417, 802730.8162239417, 802730.8162239417, 802730.8162239417, 802730.8162239417, 802730.8162239417, 802730.8162239417, 802730.8162239417, 802817.6222998195, 802817.6222998195, 807008.9126318657, 807008.9126318657, 810324.0, 810324.0, 810324.0, 810324.0, 810324.0, 810324.0, 810324.0, 810324.0, 810324.0, 810324.0, 810324.0, 810324.0, 810324.0, 810324.0, 810324.0, 810324.0, 810324.0, 810324.0, 810324.0, 810324.0, 810324.0, 810324.0, 810324.0, 810324.0, 810324.0, 810324.0, 810324.0, 810324.0, 810324.0, 810324.0, 810324.0, 810324.0, 810324.0, 810324.0, 810324.0, 810324.0, 810324.0, 810324.0, 810324.0, 810324.0, 810324.0, 810324.0, 810324.0, 810324.0, 810324.0, 810324.0, 810324.0, 810324.0, 810324.0, 810324.0, 810324.0, 810324.0, 810324.0, 810324.0, 810324.0, 810324.0, 810324.0, 810324.0, 810324.0, 810324.0, 810324.0, 810324.0, 810324.0, 810324.0, 810324.0, 810324.0, 810324.0, 810324.0, 810324.0, 810324.0, 810324.0, 810324.0, 810324.0, 810324.0, 810324.0, 810324.0, 810324.0, 810324.0, 810324.0, 810324.0, 810324.0, 810324.0, 810324.0, 810324.0, 810324.0, 810324.0, 810324.0, 810324.0, 810324.0, 810324.0, 810324.0, 810324.0, 810324.0, 810324.0, 810324.0, 810324.0, 810324.0, 810324.0, 810324.0, 810324.0, 810324.0, 810324.0, 810324.0, 810324.0, 810324.0, 810324.0, 810324.0, 810324.0, 810324.0, 810324.0, 810324.0, 810324.0, 810324.0, 810324.0, 810324.0, 810324.0, 810324.0, 810324.0, 810324.0, 810324.0, 810324.0, 810324.0, 810324.0, 810324.0, 810324.0, 810324.0, 810324.0, 810324.0, 810324.0, 810324.0, 810324.0, 810324.0, 810324.0, 810324.0, 810324.0, 810324.0, 810324.0, 810324.0, 810324.0, 810324.0, 810324.0, 810324.0, 810324.0, 810324.0, 810324.0, 810324.0, 810324.0, 810324.0, 810324.0, 810324.0, 810324.0, 810324.0, 810324.0, 810324.0, 810324.0, 810324.0, 810324.0, 810324.0, 810324.0, 810324.0, 810324.0, 810324.0, 810324.0, 810324.0, 810324.0, 810324.0, 810324.0, 810324.0, 810324.0, 810324.0, 810324.0, 810324.0, 810324.0, 810324.0, 810324.0, 810324.0, 810324.0, 810324.0, 810324.0, 810324.0, 810324.0, 810324.0, 810324.0, 810324.0, 810324.0, 810324.0, 810324.0, 810324.0, 810324.0, 810324.0, 810324.0, 810324.0, 810324.0, 810324.0, 810324.0, 810324.0, 810324.0, 810324.0, 810324.0, 810324.0, 810324.0, 810324.0, 810324.0, 810324.0, 810324.0, 810324.0, 810324.0, 810324.0, 810324.0, 810324.0, 810324.0, 810324.0, 810324.0, 810324.0, 810324.0, 810324.0, 810324.0, 810324.0, 810324.0, 810324.0, 810324.0, 810324.0, 810324.0, 810324.0, 810324.0, 810324.0, 810324.0, 810324.0, 810324.0, 810324.0, 810324.0, 810324.0, 810324.0, 810324.0, 810324.0, 810324.0, 810324.0, 810324.0, 810324.0, 810324.0, 810324.0, 810324.0, 810324.0, 810324.0, 810324.0, 810324.0, 810324.0, 810324.0, 810324.0, 810324.0, 810324.0, 810324.0, 810324.0, 810324.0, 810324.0, 810324.0, 810324.0, 810324.0, 810324.0, 810324.0, 810324.0, 810324.0, 810324.0, 810324.0, 810324.0, 810324.0, 810324.0, 810324.0, 810324.0, 810324.0, 810324.0, 810324.0, 810324.0, 810324.0, 810324.0, 810324.0, 810324.0, 810324.0, 810324.0, 810324.0, 810324.0, 810324.0, 810324.0, 810324.0, 810324.0, 810324.0, 810324.0, 810324.0, 810324.0, 810324.0, 810324.0, 810324.0, 810324.0, 810324.0, 810324.0, 810324.0, 810324.0, 810324.0, 810324.0, 810324.0, 810324.0, 810324.0, 810324.0, 810324.0, 810324.0, 810324.0, 810324.0, 810324.0, 810324.0, 810324.0, 810324.0, 810324.0, 810324.0, 810324.0, 810324.0, 810324.0, 810324.0, 810324.0, 810324.0, 810324.0, 810324.0, 810324.0, 810324.0, 810324.0, 810324.0, 810324.0, 810324.0, 810324.0, 810324.0, 810324.0, 810324.0, 810324.0, 810324.0, 810324.0, 810324.0, 810324.0, 810324.0, 810324.0, 810324.0, 810324.0, 810324.0, 810324.0, 810324.0, 810324.0, 810324.0, 810324.0, 810324.0, 810324.0, 810324.0, 810324.0, 810324.0, 810324.0, 810324.0, 810324.0, 810324.0, 810324.0, 810324.0, 810324.0, 810324.0, 810324.0, 810324.0, 810324.0, 810324.0, 810324.0, 810324.0, 810324.0, 806120.2670700143, 806120.2670700143, 806120.2670700143, 806120.2670700143, 806120.2670700143, 806120.2670700143, 806120.2670700143, 806120.2670700143, 806120.2670700143, 806120.2670700143, 806120.2670700143, 806120.2670700143, 806120.2670700143, 806120.2670700143, 806120.2670700143, 806120.2670700143, 806120.2670700143, 806120.2670700143, 806120.2670700143, 806120.2670700143, 806120.2670700143, 806120.2670700143, 806120.2670700143, 806120.2670700143, 806120.2670700143, 806120.2670700143, 806120.2670700143, 806120.2670700143, 806120.2670700143, 806120.2670700143, 806120.2670700143, 806120.2670700143, 806120.2670700143, 806120.2670700143, 806120.2670700143, 806120.2670700143, 806120.2670700143, 806120.2670700143, 810324.0, 810324.0, 810324.0, 810324.0, 810324.0, 810324.0, 810324.0, 810324.0, 810324.0, 810324.0, 810324.0, 810324.0, 810324.0, 810324.0, 810324.0, 810324.0, 810324.0, 810324.0, 810324.0, 810324.0, 810324.0, 810324.0, 810324.0, 810324.0, 810324.0, 810324.0, 810324.0, 810324.0, 810324.0, 810324.0, 810324.0, 810324.0, 810324.0, 810324.0, 810324.0, 810324.0, 810324.0, 810324.0, 810324.0, 810324.0, 810324.0, 810324.0, 810324.0, 810324.0, 810324.0, 810324.0, 810324.0, 810324.0, 810324.0, 810324.0, 810324.0, 810324.0, 810324.0, 810324.0, 810324.0, 810324.0, 810324.0, 810324.0, 810324.0, 810324.0, 810324.0, 810324.0, 810324.0, 810324.0, 810324.0, 810324.0, 810324.0, 810324.0, 810324.0, 810324.0, 810324.0, 810324.0, 810324.0, 810324.0, 810324.0, 810324.0, 810324.0, 810324.0, 810324.0, 810324.0, 810324.0, 810324.0, 810324.0, 810324.0, 810324.0, 810324.0, 810324.0, 810324.0, 810324.0, 810324.0, 810324.0, 810324.0, 810324.0, 810324.0, 810324.0, 810324.0, 810324.0, 810324.0, 810324.0, 810324.0, 810324.0, 810324.0, 810324.0, 810324.0, 810324.0, 810324.0, 810324.0, 810324.0, 810324.0, 810324.0, 810324.0, 810324.0, 810324.0, 810324.0, 810324.0, 810324.0, 810324.0, 810324.0, 810324.0, 810324.0, 810324.0, 810324.0, 810324.0, 810324.0, 810324.0, 810324.0, 810324.0, 810324.0, 810324.0, 810324.0, 810324.0, 810324.0, 810324.0, 810324.0, 810324.0, 810324.0, 810324.0, 810324.0, 810324.0, 810324.0, 810324.0, 810324.0, 810324.0, 810324.0, 810324.0, 810324.0, 810324.0, 810324.0, 810324.0, 810324.0, 810324.0, 810324.0, 810324.0, 810324.0, 810324.0, 810324.0, 810324.0, 810324.0, 810324.0, 810324.0, 810324.0, 810324.0, 810324.0, 810324.0, 810324.0, 810324.0, 810324.0, 810324.0, 810324.0, 810324.0, 810324.0, 810324.0, 810324.0, 810324.0, 810324.0, 810324.0, 810324.0, 810324.0, 810324.0, 810324.0, 810324.0, 810324.0, 810324.0, 810324.0, 810324.0, 810324.0, 810324.0, 810324.0, 810324.0, 806954.6993099339, 806954.6993099339, 806954.6993099339, 806954.6993099339, 806954.6993099339, 806954.6993099339, 806954.6993099339, 806954.6993099339, 806954.6993099339, 806954.6993099339, 806954.6993099339, 806954.6993099339, 806954.6993099339, 806954.6993099339, 806954.6993099339, 806954.6993099339, 806954.6993099339, 806954.6993099339, 806954.6993099339, 806954.6993099339, 806954.6993099339, 810324.0, 810324.0, 810324.0, 810324.0, 810324.0, 810324.0, 810324.0, 810324.0, 810324.0, 810324.0, 810324.0, 810324.0, 810324.0, 810324.0, 810324.0, 810324.0, 810324.0, 810324.0, 810324.0, 810324.0, 810324.0, 810324.0, 810324.0, 810324.0, 810324.0, 810135.1388678864, 810135.1388678864, 810135.1388678864, 810135.1388678864, 810135.1388678864, 810135.1388678864, 810135.1388678864, 810135.1388678864, 810135.1388678864, 810135.1388678864, 810135.1388678864, 810135.1388678864, 810135.1388678864, 810135.1388678864, 810135.1388678864, 810135.1388678864, 810135.1388678864, 810135.1388678864, 810135.1388678864, 810135.1388678864, 810135.1388678864, 810135.1388678864, 810135.1388678864, 810135.1388678864, 810135.1388678864, 810135.1388678864, 810135.1388678864, 810135.1388678864, 810135.1388678864, 810135.1388678864, 810135.1388678864, 810135.1388678864, 810135.1388678864, 810135.1388678864, 810135.1388678864, 810135.1388678864, 810135.1388678864, 810135.1388678864, 810135.1388678864, 810135.1388678864, 810135.1388678864, 810135.1388678864, 810324.0, 810324.0, 810324.0, 810324.0, 810324.0, 810324.0, 810324.0, 810324.0, 810324.0, 810324.0, 810324.0, 810324.0, 810324.0, 810324.0, 810324.0, 810324.0, 810324.0, 810324.0, 810324.0, 810324.0, 810324.0, 810324.0, 810324.0, 810324.0, 810324.0, 810324.0, 810324.0, 810324.0, 810324.0, 810324.0, 810324.0, 810324.0, 810324.0, 810324.0, 810324.0, 810324.0, 810324.0, 810324.0, 810324.0, 810324.0, 810324.0, 810324.0, 810324.0, 810324.0, 810324.0, 810324.0, 810324.0, 810324.0, 810324.0, 810324.0, 810324.0, 810324.0, 810324.0, 810324.0, 810324.0, 810324.0, 810324.0, 810324.0, 810324.0, 810324.0, 810324.0, 810324.0, 810324.0, 810324.0, 810324.0, 810324.0, 810324.0, 810324.0, 810324.0, 810324.0, 810324.0, 810324.0, 810324.0, 810324.0, 810324.0, 810324.0, 810324.0, 810324.0, 810324.0, 810324.0, 810324.0, 810324.0, 810324.0, 810324.0, 810324.0, 810324.0, 810324.0, 810324.0, 810324.0, 810324.0, 810324.0, 810324.0, 810324.0, 810324.0, 795766.0706792779, 795766.0706792779, 795766.0706792779, 795766.0706792779, 795766.0706792779, 795766.0706792779, 795766.0706792779, 795766.0706792779, 795766.0706792779, 795766.0706792779, 795766.0706792779, 795766.0706792779, 795766.0706792779, 795766.0706792779, 795766.0706792779, 795766.0706792779, 795766.0706792779, 795766.0706792779, 795766.0706792779, 795766.0706792779, 795766.0706792779, 795766.0706792779, 795766.0706792779, 795766.0706792779, 795766.0706792779, 795766.0706792779, 795766.0706792779, 804275.3210582479, 810324.0, 810324.0, 810324.0, 810324.0, 810324.0, 810324.0, 810324.0, 810324.0, 810324.0, 810324.0, 810324.0, 810324.0, 810324.0, 810324.0, 810324.0, 810324.0, 810324.0, 810324.0, 810324.0, 810324.0, 810324.0, 810324.0, 810324.0, 810324.0, 810324.0, 810324.0, 810324.0, 810324.0, 810324.0, 810324.0, 810324.0, 810324.0, 810324.0, 810324.0, 810324.0, 810324.0, 810324.0, 810324.0, 810324.0, 810324.0, 810324.0, 810324.0, 810324.0, 810324.0, 810324.0, 810324.0, 810324.0, 810324.0, 810324.0, 810324.0, 810324.0, 810324.0, 810324.0, 810324.0, 810324.0, 810324.0, 810324.0, 810324.0, 810324.0, 810324.0, 810324.0, 810324.0, 810324.0, 810324.0, 810324.0, 810324.0, 810324.0, 810324.0, 810324.0, 810324.0, 810324.0, 810324.0, 810324.0, 810324.0, 810324.0, 810324.0, 810324.0, 810324.0, 810324.0, 810324.0, 810324.0, 810324.0, 810324.0, 810324.0, 810324.0, 810324.0, 810324.0, 810324.0, 810324.0, 810324.0, 810324.0, 810324.0, 810324.0, 810324.0, 810324.0, 810324.0, 810324.0, 810324.0, 810324.0, 810324.0, 810324.0, 810324.0, 810324.0, 810324.0, 810324.0, 810324.0, 810324.0, 810324.0, 810324.0, 810324.0, 810324.0, 810324.0, 810324.0, 810324.0, 810324.0, 810324.0, 810324.0, 810324.0, 810324.0, 810324.0, 810324.0, 810324.0, 810324.0, 810324.0, 810324.0, 810324.0, 810324.0, 810324.0, 810324.0, 810324.0, 810324.0, 810324.0, 810324.0, 810324.0, 810324.0, 810324.0, 810324.0, 810324.0, 810324.0, 810324.0, 810324.0, 810324.0, 810324.0, 810324.0, 810324.0, 810324.0, 810324.0, 810324.0, 810324.0, 810324.0, 810324.0, 810324.0, 810324.0, 810324.0, 809512.9985537961, 809512.9985537961, 809512.9985537961, 809512.9985537961, 809512.9985537961, 809512.9985537961, 809512.9985537961, 809512.9985537961, 809512.9985537961, 809512.9985537961, 809512.9985537961, 809512.9985537961, 809512.9985537961, 809512.9985537961, 809512.9985537961, 809512.9985537961, 809512.9985537961, 809512.9985537961, 809512.9985537961, 809512.9985537961, 809512.9985537961, 809512.9985537961, 809512.9985537961, 809512.9985537961, 809512.9985537961, 809512.9985537961, 809512.9985537961, 809512.9985537961, 809512.9985537961, 809512.9985537961, 809512.9985537961, 809512.9985537961, 809512.9985537961, 809512.9985537961, 809512.9985537961, 809512.9985537961, 809512.9985537961, 809512.9985537961, 809512.9985537961, 809512.9985537961, 809512.9985537961, 809512.9985537961, 809512.9985537961, 809512.9985537961, 809512.9985537961, 809512.9985537961, 809512.9985537961, 809512.9985537961, 809512.9985537961, 809512.9985537961, 809512.9985537961, 809512.9985537961, 809512.9985537961, 809512.9985537961, 809512.9985537961, 809512.9985537961, 809512.9985537961, 809512.9985537961, 809512.9985537961, 809512.9985537961, 809512.9985537961, 809512.9985537961, 809512.9985537961, 809512.9985537961, 809512.9985537961, 809512.9985537961, 809512.9985537961, 809512.9985537961, 809512.9985537961, 809512.9985537961, 809512.9985537961, 809512.9985537961, 809512.9985537961, 809512.9985537961, 809512.9985537961, 809512.9985537961, 809512.9985537961, 809512.9985537961, 809512.9985537961, 809512.9985537961, 809512.9985537961, 809512.9985537961, 809512.9985537961, 809512.9985537961, 809512.9985537961, 809512.9985537961, 809512.9985537961, 809512.9985537961, 809512.9985537961, 809512.9985537961, 790198.9373763672, 790198.9373763672, 790198.9373763672, 790198.9373763672, 790198.9373763672, 790198.9373763672, 790198.9373763672, 790198.9373763672, 790198.9373763672, 790198.9373763672, 790198.9373763672, 790198.9373763672, 790198.9373763672, 790198.9373763672, 790198.9373763672, 790198.9373763672, 790198.9373763672, 790198.9373763672, 790198.9373763672, 790198.9373763672, 790198.9373763672, 790198.9373763672, 790198.9373763672, 790198.9373763672, 790198.9373763672, 790198.9373763672, 790198.9373763672, 790198.9373763672, 790198.9373763672, 790198.9373763672, 790198.9373763672, 790198.9373763672, 790198.9373763672, 794847.8877447939, 796946.6675209007, 796946.6675209007, 810324.0, 810324.0, 810324.0, 810324.0, 810324.0, 810324.0, 810324.0, 810324.0, 810324.0, 810324.0, 810324.0, 810324.0, 810324.0, 810324.0, 810324.0, 810324.0, 810324.0, 810324.0, 810324.0, 810324.0, 810324.0, 810324.0, 810324.0, 810324.0, 810324.0, 810324.0, 810324.0, 810324.0, 810324.0, 810324.0, 810324.0, 810324.0, 810324.0, 810324.0, 810324.0, 810324.0, 810324.0, 810324.0, 810324.0, 810324.0, 810324.0, 810324.0, 810324.0, 810324.0, 810324.0, 810324.0, 810324.0, 810324.0, 810324.0, 810324.0, 810324.0, 810324.0, 810324.0, 810324.0, 810324.0, 810324.0, 810324.0, 810324.0, 810324.0, 810324.0, 810324.0, 810324.0, 810324.0, 810324.0, 810324.0, 810324.0, 810324.0, 810324.0, 810324.0, 810324.0, 810324.0, 810324.0, 810324.0, 810324.0, 810324.0, 810324.0, 810324.0, 810324.0, 810324.0, 810324.0, 810324.0, 810324.0, 810324.0, 810324.0, 810324.0, 810324.0, 810324.0, 810324.0, 810324.0, 810324.0, 810324.0, 810324.0, 810324.0, 810324.0, 810324.0, 810324.0, 810324.0, 810324.0, 810324.0, 810324.0, 810324.0, 810324.0, 810324.0, 810324.0, 810324.0, 810324.0, 810324.0, 810324.0, 810324.0, 810324.0, 810324.0, 810324.0, 810324.0, 810324.0, 810324.0, 810324.0, 810324.0, 810324.0, 810324.0, 810324.0, 810324.0, 810324.0, 810324.0, 810324.0, 810324.0, 810324.0, 810324.0, 810324.0, 810324.0, 810324.0, 810324.0, 810324.0, 810324.0, 810324.0, 810324.0, 810324.0, 810324.0, 810324.0, 810324.0, 810324.0, 810324.0, 810324.0, 810324.0, 810324.0, 810324.0, 810324.0, 810324.0, 810324.0, 810324.0, 810324.0, 810324.0, 810324.0, 810324.0, 810324.0, 810324.0, 810324.0, 810324.0, 810324.0, 810324.0, 810324.0, 810324.0, 810324.0, 810324.0, 810324.0, 810324.0, 810324.0, 810324.0, 810324.0, 810324.0, 810324.0, 810324.0, 810324.0, 810324.0, 810324.0, 810324.0, 810324.0, 810324.0, 810324.0, 810324.0, 810324.0, 810324.0, 810324.0, 810324.0, 810324.0, 810324.0, 810324.0, 810324.0, 810324.0, 810324.0, 810324.0, 810324.0, 810324.0, 810324.0, 810324.0, 810324.0, 810324.0, 810324.0, 810324.0, 810324.0, 810324.0, 810324.0, 810324.0, 810324.0, 810324.0, 810324.0, 810324.0, 810324.0, 810324.0, 810324.0, 810324.0, 810324.0, 810324.0, 810324.0, 810324.0, 810324.0, 810324.0, 810324.0, 810324.0, 810324.0, 810324.0, 810324.0, 810324.0, 810324.0, 810324.0, 810324.0, 810324.0, 810324.0, 810324.0, 810324.0, 810324.0, 810324.0, 810324.0, 810324.0, 810324.0, 810324.0, 810324.0, 810324.0, 810324.0, 810324.0, 810324.0, 810324.0, 810324.0, 810324.0, 810324.0, 810324.0, 810324.0, 810324.0, 810324.0, 810324.0, 810324.0, 810324.0, 810324.0, 810324.0, 810324.0, 810324.0, 810324.0, 810324.0, 810324.0, 810324.0, 810324.0, 810324.0, 810324.0, 810324.0, 810324.0, 810324.0, 810324.0, 810324.0, 810324.0, 810324.0, 810324.0, 810324.0, 810324.0, 810324.0, 810324.0, 810324.0, 810324.0, 810324.0, 810324.0, 810324.0, 810324.0, 810324.0, 810324.0, 810324.0, 810324.0, 810324.0, 810324.0, 810324.0, 810324.0, 810324.0, 810324.0, 810324.0, 810324.0, 810324.0, 810324.0, 810324.0, 810324.0, 810324.0, 810324.0, 810324.0, 810324.0, 810324.0, 810324.0, 810324.0, 810324.0, 810324.0, 810324.0, 810324.0, 810324.0, 810324.0, 810324.0, 810324.0, 810324.0, 810324.0, 810324.0, 810324.0, 810324.0, 810324.0, 810324.0, 810324.0, 810324.0, 810324.0, 810324.0, 810324.0, 810324.0, 810324.0, 810324.0, 810324.0, 810324.0, 810324.0, 810324.0, 810324.0, 810324.0, 810324.0, 810324.0, 810324.0, 810324.0, 810324.0, 810324.0, 810324.0, 810324.0, 810324.0, 810324.0, 810324.0, 810324.0, 810324.0, 810324.0, 810324.0, 810324.0, 810324.0, 810324.0, 810324.0, 810324.0, 810324.0, 810324.0, 810324.0, 810324.0, 810324.0, 810324.0, 810324.0, 810324.0, 810324.0, 810324.0, 810324.0, 810324.0, 810324.0, 810324.0, 810324.0, 810324.0, 810324.0, 810324.0, 810324.0, 810324.0, 810324.0, 810324.0, 810324.0, 810324.0, 810324.0, 810324.0, 810324.0, 810324.0, 810324.0, 810324.0, 810324.0, 810324.0, 810324.0, 810324.0, 810324.0, 810324.0, 810324.0, 810324.0, 810324.0, 810324.0, 810324.0, 810324.0, 810324.0, 810324.0, 810324.0, 810324.0, 810324.0, 810324.0, 810324.0, 810324.0, 810324.0, 810324.0, 810324.0, 810324.0, 810324.0, 810324.0, 810324.0, 810324.0, 810324.0, 810324.0, 810324.0, 810324.0, 810324.0, 810324.0, 810324.0, 810324.0, 810324.0, 810324.0, 810324.0, 810324.0, 810324.0, 810324.0, 810324.0, 810324.0, 810324.0, 810324.0, 810324.0, 810324.0, 810324.0, 810324.0, 810324.0, 810324.0, 810324.0, 810324.0, 810324.0, 810324.0, 810324.0, 810324.0, 810324.0, 810324.0, 810324.0, 810324.0, 810324.0, 810324.0, 810324.0, 810324.0, 810324.0, 810324.0, 810324.0, 810324.0, 810324.0, 810324.0, 810324.0, 810324.0, 810324.0, 810324.0, 810324.0, 810324.0, 810324.0, 810324.0, 810324.0, 810324.0, 810324.0, 
39274.201004735034, 39274.201004735034, 16482.661643428808, 16482.661643428808, 16449.07593394237, 10005.199395253963, 10005.199395253963, 10005.199395253963, 10005.199395253963, 8401.44747045615, 8040.40011543383, 8040.40011543383, 8040.40011543383, 5248.720112316315, 5219.870180096906, 2401.405708575616, 2401.405708575616, 2401.405708575616, 2401.405708575616, 2401.405708575616, 2306.170481576754, 1809.071482009936, 597.7815866773421, 597.7815866773421, 597.7815866773421, 597.7815866773421, 581.3132241085485, 581.3132241085485, 305.51977794466643, 232.83938194944298, 208.05835149591314, 208.05835149591314, 208.05835149591314, 208.05835149591314, 134.7885991313786, 134.7885991313786, 134.7885991313786, 134.7885991313786, 134.7885991313786, 122.62977955672906, 89.59781048386606, 89.59781048386606, 89.59781048386606, 86.94840249289194, 86.94840249289194, 86.94840249289194, 81.04283170081837, 71.84565406838854, 71.84565406838854, 71.84565406838854, 71.84565406838854, 36.34755946472667, 21.379343354432667, 21.379343354432667, 21.379343354432667, 21.379343354432667, 21.379343354432667, 21.379343354432667, 21.379343354432667, 21.379343354432667, 19.834845919187742, 19.834845919187742, 19.834845919187742, 19.834845919187742, 19.834845919187742, 19.834845919187742, 19.834845919187742, 19.834845919187742, 19.834845919187742, 19.834845919187742, 19.834845919187742, 19.834845919187742, 19.834845919187742, 19.834845919187742, 19.834845919187742, 19.834845919187742, 19.834845919187742, 19.834845919187742, 17.97214240201254, 17.97214240201254, 17.97214240201254, 17.134204270429457, 16.708605882124754, 12.078468935462022, 12.078468935462022, 12.078468935462022, 12.078468935462022, 12.078468935462022, 12.078468935462022, 12.078468935462022, 12.078468935462022, 113284.19463101611, 113284.19463101611, 150714.52436587805, 208832.87566679204, 208832.87566679204, 208832.87566679204, 212993.2917324022, 212993.2917324022, 445139.8925736106, 375639.0526240555, 375639.0526240555, 448069.18121772876, 509681.24703279586, 509681.24703279586, 577565.0372560711, 603407.0721130978, 603407.0721130978, 603407.0721130978, 603407.0721130978, 677440.8774325005, 677440.8774325005, 677440.8774325005, 677440.8774325005, 677440.8774325005, 677440.8774325005, 677440.8774325005, 736771.3375124701, 736771.3375124701, 752156.7291797751, 752156.7291797751, 789397.9293907378, 789397.9293907378, 784927.4374241062, 784927.4374241062, 794604.3830088085, 808104.9798727708, 808104.9798727708, 808104.9798727708, 810324.0, 810324.0, 810324.0, 810324.0, 810324.0, 810324.0, 810324.0, 810324.0, 810324.0, 810324.0, 810324.0, 810324.0, 810324.0, 810324.0, 810324.0, 810324.0, 810324.0, 810324.0, 810324.0, 810324.0, 810324.0, 810324.0, 810324.0, 810324.0, 810324.0, 810324.0, 810324.0, 810324.0, 810324.0, 810324.0, 810324.0, 810324.0, 810324.0, 810324.0, 810324.0, 810324.0, 810324.0, 810324.0, 810324.0, 810324.0, 810324.0, 810324.0, 810324.0, 810324.0, 810324.0, 810324.0, 810324.0, 810324.0, 810324.0, 810324.0, 810324.0, 810324.0, 810324.0, 810324.0, 810324.0, 810324.0, 810324.0, 810324.0, 810324.0, 810324.0, 810324.0, 810324.0, 810324.0, 810324.0, 810324.0, 810324.0, 810324.0, 810324.0, 810324.0, 810324.0, 810324.0, 810324.0, 810324.0, 810324.0, 810324.0, 810324.0, 810324.0, 810324.0, 810324.0, 810324.0, 810324.0, 810324.0, 810324.0, 810324.0, 810324.0, 810324.0, 810324.0, 810324.0, 810324.0, 810324.0, 810324.0, 810324.0, 810324.0, 810324.0, 810324.0, 810324.0, 810324.0, 810324.0, 810324.0, 810324.0, 810324.0, 810324.0, 810324.0, 810324.0, 810324.0, 810324.0, 810324.0, 810324.0, 810324.0, 810324.0, 810324.0, 810324.0, 810324.0, 810324.0, 810324.0, 810324.0, 810324.0, 810324.0, 810324.0, 810324.0, 810324.0, 810324.0, 810324.0, 810324.0, 810324.0, 810324.0, 810324.0, 810324.0, 810324.0, 810324.0, 810324.0, 810324.0, 810324.0, 810324.0, 810324.0, 810324.0, 810324.0, 810324.0, 810324.0, 810324.0, 810324.0, 810324.0, 810324.0, 810324.0, 810324.0, 810324.0, 810324.0, 810324.0, 810324.0, 810324.0, 810324.0, 810324.0, 810324.0, 810324.0, 810324.0, 810324.0, 810324.0, 810324.0, 810324.0, 810324.0, 810324.0, 810324.0, 810324.0, 810324.0, 810324.0, 810324.0, 810324.0, 810324.0, 810324.0, 810324.0, 810324.0, 810324.0, 810324.0, 810324.0, 810324.0, 810324.0, 810324.0, 810324.0, 810324.0, 810324.0, 810324.0, 810324.0, 810324.0, 810324.0, 810324.0, 810324.0, 810324.0, 810324.0, 810324.0, 810324.0, 810324.0, 810324.0, 810324.0, 810324.0, 810324.0, 810324.0, 810324.0, 810324.0, 810324.0, 810324.0, 810324.0, 810324.0, 810324.0, 810324.0, 810324.0, 810324.0, 810324.0, 810324.0, 810324.0, 810324.0, 810324.0, 810324.0, 810324.0, 810324.0, 810324.0, 810324.0, 810324.0, 810324.0, 810324.0, 810324.0, 810324.0, 810324.0, 810324.0, 810324.0, 810324.0, 810324.0, 810324.0, 810324.0, 810324.0, 810324.0, 810324.0, 810324.0, 810324.0, 810324.0, 810324.0, 810324.0, 810324.0, 810324.0, 810324.0, 810324.0, 810324.0, 810324.0, 810324.0, 810324.0, 810324.0, 810324.0, 810324.0, 810324.0, 810324.0, 810324.0, 810324.0, 810324.0, 810324.0, 810324.0, 810324.0, 810324.0, 810324.0, 810324.0, 810324.0, 810324.0, 810324.0, 810324.0, 810324.0, 810324.0, 810324.0, 810324.0, 810324.0, 810324.0, 810324.0, 810324.0, 810324.0, 810324.0, 810324.0, 810324.0, 810324.0, 810324.0, 810324.0, 810324.0, 810324.0, 810324.0, 810324.0, 810324.0, 810324.0, 810324.0, 810324.0, 810324.0, 810324.0, 810324.0, 810324.0, 810324.0, 810324.0, 810324.0, 810324.0, 810324.0, 810324.0, 810324.0, 810324.0, 810324.0, 810324.0, 810324.0, 810324.0, 810324.0, 810324.0, 810324.0, 810324.0, 810324.0, 810324.0, 810324.0, 810324.0, 810324.0, 810324.0, 810324.0, 810324.0, 810324.0, 810324.0, 810324.0, 810324.0, 810324.0, 810324.0, 810324.0, 810324.0, 810324.0, 810324.0, 810324.0, 810324.0, 810324.0, 810324.0, 810324.0, 810324.0, 810324.0, 810324.0, 810324.0, 810324.0, 810324.0, 810324.0, 810324.0, 810324.0, 810324.0, 810324.0, 810324.0, 810324.0, 810324.0, 810324.0, 810324.0, 810324.0, 810324.0, 810324.0, 810324.0, 810324.0, 810324.0, 810324.0, 810324.0, 810324.0, 810324.0, 810324.0, 810324.0, 810324.0, 810324.0, 810324.0, 810324.0, 810324.0, 810324.0, 810324.0, 810324.0, 810324.0, 810324.0, 810324.0, 810324.0, 810324.0, 810324.0, 810324.0, 810324.0, 810324.0, 810324.0, 810324.0, 810324.0, 810324.0, 810324.0, 810324.0, 810324.0, 810324.0, 810324.0, 810324.0, 810324.0, 810324.0, 810324.0, 810324.0, 810324.0, 810324.0, 810324.0, 810324.0, 810324.0, 810324.0, 810324.0, 810324.0, 810324.0, 810324.0, 810324.0, 810324.0, 810324.0, 810324.0, 810324.0, 810324.0, 810324.0, 810324.0, 810324.0, 810324.0, 810324.0, 810324.0, 810324.0, 810324.0, 810324.0, 810324.0, 810324.0, 810324.0, 810324.0, 810324.0, 810324.0, 810324.0, 810324.0, 810324.0, 810324.0, 810324.0, 810324.0, 810324.0, 810324.0, 810324.0, 810324.0, 810324.0, 810324.0, 810324.0, 810324.0, 810324.0, 810324.0, 810324.0, 810324.0, 810324.0, 810324.0, 810324.0, 810324.0, 810324.0, 810324.0, 810324.0, 810324.0, 810324.0, 810324.0, 810324.0, 810324.0, 810324.0, 810324.0, 810324.0, 810324.0, 810324.0, 810324.0, 810324.0, 810324.0, 810324.0, 810324.0, 810324.0, 810324.0, 810324.0, 807042.383607344, 807042.383607344, 807042.383607344, 807042.383607344, 807042.383607344, 807042.383607344, 807042.383607344, 807042.383607344, 807042.383607344, 807042.383607344, 807042.383607344, 807042.383607344, 807042.383607344, 807042.383607344, 807042.383607344, 807042.383607344, 807042.383607344, 807042.383607344, 807042.383607344, 807042.383607344, 807042.383607344, 807042.383607344, 807042.383607344, 807042.383607344, 807042.383607344, 807042.383607344, 807042.383607344, 807042.383607344, 807042.383607344, 807042.383607344, 807042.383607344, 807042.383607344, 807042.383607344, 807042.383607344, 807042.383607344, 807042.383607344, 807042.383607344, 807042.383607344, 807042.383607344, 807042.383607344, 807042.383607344, 807042.383607344, 807042.383607344, 807042.383607344, 807042.383607344, 807042.383607344, 807042.383607344, 807042.383607344, 807042.383607344, 807042.383607344, 807042.383607344, 807042.383607344, 807042.383607344, 807042.383607344, 807042.383607344, 807042.383607344, 807042.383607344, 807042.383607344, 807042.383607344, 807042.383607344, 807042.383607344, 807042.383607344, 807042.383607344, 807042.383607344, 807042.383607344, 807042.383607344, 807042.383607344, 807042.383607344, 807042.383607344, 807042.383607344, 807042.383607344, 807042.383607344, 807042.383607344, 807042.383607344, 807042.383607344, 807042.383607344, 807042.383607344, 807042.383607344, 807042.383607344, 807042.383607344, 807042.383607344, 807042.383607344, 807042.383607344, 807042.383607344, 807042.383607344, 807042.383607344, 807042.383607344, 807042.383607344, 807042.383607344, 807042.383607344, 807042.383607344, 801038.8971391328, 801038.8971391328, 801038.8971391328, 801038.8971391328, 801038.8971391328, 801038.8971391328, 801038.8971391328, 801038.8971391328, 801038.8971391328, 801038.8971391328, 801038.8971391328, 801038.8971391328, 801038.8971391328, 801038.8971391328, 801038.8971391328, 801038.8971391328, 801038.8971391328, 801038.8971391328, 801038.8971391328, 801038.8971391328, 801038.8971391328, 801038.8971391328, 801038.8971391328, 801038.8971391328, 801038.8971391328, 801038.8971391328, 801038.8971391328, 801038.8971391328, 801038.8971391328, 801038.8971391328, 801038.8971391328, 801038.8971391328, 801038.8971391328, 801038.8971391328, 801038.8971391328, 801038.8971391328, 801038.8971391328, 801038.8971391328, 801038.8971391328, 801038.8971391328, 801038.8971391328, 801038.8971391328, 809036.014191117, 809036.014191117, 809036.014191117, 809036.014191117, 809036.014191117, 809036.014191117, 809036.014191117, 809036.014191117, 809036.014191117, 809036.014191117, 809036.014191117, 809036.014191117, 809036.014191117, 809036.014191117, 809036.014191117, 809036.014191117, 809036.014191117, 809036.014191117, 809036.014191117, 809036.014191117, 809036.014191117, 809036.014191117, 809036.014191117, 809036.014191117, 809036.014191117, 809036.014191117, 809036.014191117, 809036.014191117, 809036.014191117, 809036.014191117, 809036.014191117, 809036.014191117, 809036.014191117, 809036.014191117, 809036.014191117, 809036.014191117, 809036.014191117, 809036.014191117, 809036.014191117, 809036.014191117, 809036.014191117, 809036.014191117, 809036.014191117, 810324.0, 810324.0, 810324.0, 810324.0, 810324.0, 810324.0, 810324.0, 810324.0, 810324.0, 810324.0, 810324.0, 810324.0, 810324.0, 810324.0, 810324.0, 810324.0, 810324.0, 810324.0, 810324.0, 810324.0, 810324.0, 810324.0, 810324.0, 810324.0, 810324.0, 810324.0, 810324.0, 810324.0, 810324.0, 810324.0, 810324.0, 810324.0, 810324.0, 810324.0, 810324.0, 810324.0, 810324.0, 810324.0, 810324.0, 810324.0, 810324.0, 810324.0, 810324.0, 810324.0, 810324.0, 810324.0, 810324.0, 810324.0, 810324.0, 810324.0, 810324.0, 810324.0, 810324.0, 810324.0, 810324.0, 810324.0, 810324.0, 810324.0, 810324.0, 810324.0, 810324.0, 810324.0, 810324.0, 810324.0, 810324.0, 810324.0, 810324.0, 810324.0, 810324.0, 810324.0, 810324.0, 810324.0, 810324.0, 810324.0, 810324.0, 810324.0, 810324.0, 810324.0, 810324.0, 810324.0, 810324.0, 810324.0, 810324.0, 810324.0, 810324.0, 810324.0, 810324.0, 810324.0, 810324.0, 810324.0, 810324.0, 810324.0, 810324.0, 810324.0, 810324.0, 810324.0, 810324.0, 810324.0, 810324.0, 810324.0, 810324.0, 810324.0, 810324.0, 810324.0, 810324.0, 810324.0, 810324.0, 810324.0, 810324.0, 810324.0, 810324.0, 810324.0, 810324.0, 810324.0, 810324.0, 810324.0, 810324.0, 810324.0, 810324.0, 810324.0, 810324.0, 810324.0, 810324.0, 810324.0, 810324.0, 810324.0, 810324.0, 810324.0, 810324.0, 810324.0, 810324.0, 810324.0, 810324.0, 810324.0, 810324.0, 810324.0, 810324.0, 810324.0, 810324.0, 810324.0, 810324.0, 810324.0, 810324.0, 810324.0, 810324.0, 810324.0, 810324.0, 810324.0, 810324.0, 810324.0, 810324.0, 810324.0, 810324.0, 810324.0, 810324.0, 810324.0, 810324.0, 810324.0, 810324.0, 810324.0, 810324.0, 810324.0, 810324.0, 810324.0, 810324.0, 810324.0, 810324.0, 810324.0, 810324.0, 810324.0, 810324.0, 810324.0, 810324.0, 810324.0, 810324.0, 810324.0, 810324.0, 810324.0, 810324.0, 810324.0, 810324.0, 810324.0, 810324.0, 810324.0, 810324.0, 810324.0, 810324.0, 809363.2614252683, 809363.2614252683, 809363.2614252683, 809363.2614252683, 809363.2614252683, 809363.2614252683, 809363.2614252683, 809363.2614252683, 809363.2614252683, 809363.2614252683, 809363.2614252683, 809363.2614252683, 809363.2614252683, 809363.2614252683, 809363.2614252683, 809363.2614252683, 809363.2614252683, 809363.2614252683, 809363.2614252683, 809363.2614252683, 809363.2614252683, 809363.2614252683, 809363.2614252683, 809363.2614252683, 809363.2614252683, 809363.2614252683, 809363.2614252683, 809363.2614252683, 809363.2614252683, 809363.2614252683, 809363.2614252683, 809363.2614252683, 809363.2614252683, 809363.2614252683, 809363.2614252683, 809363.2614252683, 809363.2614252683, 809363.2614252683, 809363.2614252683, 809363.2614252683, 809363.2614252683, 809363.2614252683, 809363.2614252683, 809994.8301196481, 809994.8301196481, 810324.0, 809888.1516506809, 809888.1516506809, 809888.1516506809, 809888.1516506809, 809888.1516506809, 809888.1516506809, 809888.1516506809, 809888.1516506809, 809888.1516506809, 809888.1516506809, 809888.1516506809, 809888.1516506809, 809888.1516506809, 809888.1516506809, 809888.1516506809, 809888.1516506809, 809888.1516506809, 809888.1516506809, 809888.1516506809, 809888.1516506809, 809888.1516506809, 809888.1516506809, 809888.1516506809, 809888.1516506809, 809888.1516506809, 809888.1516506809, 809888.1516506809, 809888.1516506809, 809888.1516506809, 809888.1516506809, 809888.1516506809, 809888.1516506809, 809888.1516506809, 809888.1516506809, 809888.1516506809, 809888.1516506809, 809888.1516506809, 809888.1516506809, 810324.0, 810324.0, 810324.0, 810324.0, 810324.0, 810324.0, 810324.0, 810324.0, 810324.0, 810324.0, 810324.0, 810324.0, 810324.0, 810324.0, 810324.0, 810324.0, 810324.0, 810324.0, 810324.0, 810324.0, 810324.0, 810324.0, 810324.0, 810324.0, 810324.0, 810324.0, 810324.0, 810324.0, 810324.0, 810324.0, 810324.0, 810324.0, 810324.0, 810324.0, 810324.0, 810324.0, 810324.0, 810324.0, 810324.0, 810324.0, 810324.0, 810324.0, 810324.0, 810324.0, 810324.0, 810324.0, 810324.0, 810324.0, 810324.0, 810324.0, 810324.0, 810324.0, 810324.0, 810324.0, 810324.0, 810324.0, 810324.0, 810324.0, 810324.0, 810324.0, 810324.0, 810324.0, 810324.0, 810324.0, 810324.0, 810324.0, 810324.0, 810324.0, 810324.0, 810324.0, 810324.0, 810324.0, 810324.0, 810324.0, 810324.0, 810324.0, 810324.0, 810324.0, 810324.0, 810324.0, 810324.0, 810324.0, 810324.0, 810324.0, 810324.0, 810324.0, 810324.0, 810324.0, 810324.0, 810324.0, 810324.0, 810324.0, 810324.0, 810324.0, 810324.0, 810324.0, 810324.0, 810324.0, 810324.0, 810324.0, 810324.0, 810324.0, 810324.0, 810324.0, 810324.0, 810324.0, 810324.0, 810324.0, 810324.0, 810324.0, 810324.0, 810324.0, 810324.0, 810324.0, 810324.0, 810324.0, 810324.0, 810324.0, 810324.0, 810324.0, 810324.0, 810324.0, 810324.0, 810324.0, 810324.0, 810324.0, 810324.0, 810324.0, 810324.0, 810324.0, 810324.0, 810324.0, 810324.0, 810324.0, 810324.0, 810324.0, 810324.0, 810324.0, 810324.0, 810324.0, 810324.0, 810324.0, 810324.0, 810324.0, 810324.0, 810324.0, 810324.0, 810324.0, 810324.0, 810324.0, 810324.0, 810324.0, 810324.0, 810324.0, 810324.0, 810324.0, 810324.0, 810324.0, 810324.0, 810324.0, 810324.0, 810324.0, 810324.0, 810324.0, 810324.0, 810324.0, 810324.0, 810324.0, 810324.0, 810324.0, 810324.0, 810324.0, 810324.0, 810324.0, 810324.0, 810324.0, 810324.0, 810324.0, 810324.0, 810324.0, 810324.0, 810324.0, 810324.0, 810324.0, 810324.0, 810324.0, 810324.0, 810324.0, 810324.0, 810324.0, 810324.0, 810324.0, 810324.0, 810324.0, 810324.0, 810324.0, 810324.0, 810324.0, 810324.0, 810324.0, 810324.0, 810324.0, 810324.0, 810324.0, 810324.0, 810324.0, 810324.0, 810324.0, 810324.0, 810324.0, 810324.0, 810324.0, 810324.0, 810324.0, 810324.0, 810324.0, 810324.0, 810324.0, 810324.0, 810324.0, 810324.0, 810324.0, 810324.0, 810324.0, 810324.0, 810324.0, 810324.0, 810324.0, 810324.0, 810324.0, 810324.0, 810324.0, 810324.0, 810324.0, 810324.0, 810324.0, 810324.0, 810324.0, 810324.0, 810324.0, 810324.0, 810324.0, 810324.0, 810324.0, 810324.0, 810324.0, 810324.0, 810324.0, 810324.0, 810324.0, 810324.0, 810324.0, 810324.0, 810324.0, 810324.0, 810324.0, 810324.0, 810324.0, 810324.0, 810324.0, 810324.0, 810324.0, 810324.0, 810324.0, 810324.0, 810324.0, 810324.0, 810324.0, 810324.0, 810324.0, 810324.0, 810324.0, 810324.0, 810324.0, 810324.0, 810324.0, 810324.0, 810324.0, 810324.0, 810324.0, 810324.0, 810324.0, 810324.0, 810324.0, 810324.0, 810324.0, 810324.0, 810324.0, 810324.0, 810324.0, 810324.0, 810324.0, 810324.0, 810324.0, 810324.0, 810324.0, 810324.0, 810324.0, 810324.0, 810324.0, 810324.0, 810324.0, 810324.0, 810324.0, 810324.0, 810324.0, 810324.0, 810324.0, 810324.0, 810324.0, 810324.0, 810324.0, 810324.0, 810324.0, 810324.0, 810324.0, 810324.0, 810324.0, 810324.0, 810324.0, 810324.0, 810324.0, 810324.0, 810324.0, 810324.0, 810324.0, 810324.0, 810324.0, 810324.0, 810324.0, 810324.0, 810324.0, 810324.0, 810324.0, 810324.0, 810324.0, 810324.0, 810324.0, 810324.0, 810324.0, 810324.0, 810324.0, 810324.0, 810324.0, 810324.0, 810324.0, 810324.0, 810324.0, 810324.0, 810324.0, 810324.0, 810324.0, 810324.0, 810324.0, 810324.0, 810324.0, 810324.0, 810324.0, 810324.0, 810324.0, 810324.0, 810324.0, 810324.0, 810324.0, 810324.0, 810324.0, 810324.0, 810324.0, 810324.0, 810324.0, 810324.0, 810324.0, 810324.0, 810324.0, 810324.0, 810324.0, 810324.0, 810324.0, 810324.0, 810324.0, 810324.0, 810324.0, 810324.0, 810324.0, 810324.0, 810324.0, 810324.0, 810324.0, 810324.0, 810324.0, 810324.0, 810324.0, 810324.0, 810324.0, 810324.0, 810324.0, 810324.0, 810324.0, 810324.0, 810324.0, 810324.0, 810324.0, 810324.0, 810324.0, 810324.0, 810324.0, 810324.0, 810324.0, 810324.0, 810324.0, 810324.0, 810324.0, 810324.0, 810324.0, 810324.0, 810324.0, 810324.0, 810324.0, 810324.0, 810324.0, 810324.0, 810324.0, 810324.0, 810324.0, 810324.0, 810324.0, 810324.0, 810324.0, 810324.0, 810324.0, 810324.0, 810324.0, 810324.0, 810324.0, 810324.0, 810324.0, 810324.0, 810324.0, 810324.0, 810324.0, 810324.0, 810324.0, 810324.0, 810324.0, 810324.0, 810324.0, 810324.0, 810324.0, 810324.0, 810324.0, 810324.0, 810324.0, 810324.0, 810324.0, 810324.0, 810324.0, 810324.0, 810324.0, 810324.0, 810324.0, 810324.0, 785847.9877400134, 785847.9877400134, 785847.9877400134, 785847.9877400134, 785847.9877400134, 785847.9877400134, 785847.9877400134, 785847.9877400134, 785847.9877400134, 785847.9877400134, 785847.9877400134, 785847.9877400134, 785847.9877400134, 785847.9877400134, 785847.9877400134, 785847.9877400134, 785847.9877400134, 785847.9877400134, 785847.9877400134, 785847.9877400134, 785847.9877400134, 785847.9877400134, 785847.9877400134, 785847.9877400134, 785847.9877400134, 785847.9877400134, 785847.9877400134, 785847.9877400134, 785847.9877400134, 785847.9877400134, 785847.9877400134, 785847.9877400134, 785847.9877400134, 801785.3814878168, 802468.914832788, 808629.1728927311, 808629.1728927311, 808629.1728927311, 808629.1728927311, 808814.7145843487, 808814.7145843487, 809700.36094012, 809700.36094012, 809700.36094012, 809700.36094012, 809700.36094012, 809700.36094012, 809700.36094012, 809700.36094012, 809700.36094012, 809700.36094012, 809700.36094012, 809700.36094012, 809700.36094012, 809700.36094012, 809700.36094012, 809700.36094012, 809700.36094012, 809700.36094012, 809700.36094012, 809700.36094012, 809700.36094012, 809700.36094012, 809700.36094012, 809700.36094012, 809700.36094012, 809700.36094012, 809700.36094012, 809700.36094012, 809700.36094012, 809700.36094012, 809700.36094012, 809700.36094012, 809700.36094012, 809700.36094012, 809700.36094012, 809700.36094012, 809700.36094012, 809700.36094012, 809700.36094012, 809700.36094012, 810057.2143161659, 810057.2143161659, 810324.0, 810324.0, 810324.0, 810324.0, 810324.0, 810324.0, 810324.0, 810324.0, 810324.0, 810324.0, 810324.0, 810324.0, 810324.0, 810324.0, 810324.0, 810324.0, 810324.0, 810324.0, 810324.0, 810324.0, 810324.0, 810324.0, 810324.0, 810324.0, 810324.0, 810324.0, 810324.0, 810324.0, 810324.0, 810324.0, 810324.0, 810324.0, 810324.0, 810324.0, 810324.0, 810324.0, 810324.0, 810324.0, 810324.0, 810324.0, 810324.0, 810324.0, 810324.0, 810324.0, 810324.0, 810324.0, 810324.0, 810324.0, 810324.0, 810324.0, 810324.0, 810324.0, 810324.0, 810324.0, 810324.0, 810324.0, 810324.0, 810324.0, 810324.0, 810324.0, 810324.0, 810324.0, 810324.0, 810324.0, 810324.0, 810324.0, 810324.0, 810324.0, 810324.0, 810324.0, 810324.0, 810324.0, 810324.0, 810324.0, 810324.0, 810324.0, 810324.0, 810324.0, 810324.0, 810324.0, 810324.0, 810324.0, 810324.0, 810324.0, 810324.0, 810324.0, 810324.0, 810324.0, 810324.0, 810324.0, 810324.0, 810324.0, 810324.0, 810324.0, 810324.0, 810324.0, 810324.0, 810324.0, 810324.0, 810324.0, 810324.0, 810324.0, 810324.0, 810324.0, 810324.0, 810324.0, 810324.0, 810324.0, 810324.0, 810324.0, 810324.0, 810324.0, 810324.0, 810324.0, 810324.0, 810324.0, 810324.0, 810324.0, 810324.0, 810324.0, 810324.0, 810324.0, 810324.0, 810324.0, 810324.0, 810324.0, 810324.0, 810324.0, 810324.0, 810324.0, 810324.0, 810324.0, 810324.0, 810324.0, 810324.0, 810324.0, 810324.0, 810324.0, 810324.0, 810324.0, 810324.0, 810324.0, 810324.0, 810324.0, 810324.0, 810324.0, 810324.0, 810324.0, 810324.0, 810324.0, 810324.0, 810324.0, 810324.0, 810324.0, 810324.0, 810324.0, 810324.0, 810324.0, 810324.0, 810324.0, 810324.0, 810324.0, 810324.0, 810324.0, 810324.0, 810324.0, 810324.0, 810324.0, 810324.0, 810324.0, 810324.0, 810324.0, 810324.0, 810324.0, 810324.0, 810324.0, 810324.0, 810324.0, 810324.0, 810324.0, 810324.0, 810324.0, 810324.0, 810324.0, 810324.0, 810324.0, 810324.0, 810324.0, 810324.0, 810324.0, 810324.0, 810324.0, 810324.0, 810324.0, 810324.0, 810324.0, 810324.0, 810324.0, 810324.0, 810324.0, 810324.0, 810324.0, 810324.0, 810324.0, 810324.0, 810324.0, 810324.0, 810324.0, 810324.0, 810324.0, 810324.0, 810324.0, 810324.0, 810324.0, 810324.0, 810324.0, 810324.0, 810324.0, 810324.0, 810324.0, 810324.0, 810324.0, 810324.0, 810324.0, 810324.0, 810324.0, 810324.0, 810324.0, 810324.0, 810324.0, 810324.0, 810324.0, 810324.0, 810324.0, 810324.0, 810324.0, 810324.0, 810324.0, 810324.0, 810324.0, 810324.0, 810324.0, 810324.0, 810324.0, 810324.0, 810324.0, 810324.0, 810324.0, 810324.0, 810324.0, 810324.0, 810324.0, 810324.0, 810324.0, 810324.0, 810324.0, 810324.0, 810324.0, 810324.0, 810324.0, 810324.0, 810324.0, 810324.0, 810324.0, 810324.0, 810324.0, 810324.0, 810324.0, 810324.0, 810324.0, 810324.0, 810324.0, 810324.0, 810324.0, 810324.0, 810324.0, 810324.0, 810324.0, 810324.0, 810324.0, 810324.0, 810324.0, 810324.0, 810324.0, 810324.0, 810324.0, 810324.0, 810324.0, 810324.0, 810324.0, 810324.0, 810324.0, 810324.0, 810324.0, 810324.0, 810324.0, 810324.0, 810324.0, 810324.0, 810324.0, 810324.0, 810324.0, 810324.0, 810324.0, 810324.0, 810324.0, 810324.0, 810324.0, 810324.0, 810324.0, 810324.0, 810324.0, 810324.0, 810324.0, 810324.0, 810324.0, 810324.0, 810324.0, 810324.0, 810324.0, 810324.0, 810324.0, 810324.0, 810324.0, 810324.0, 810324.0, 810324.0, 810324.0, 810324.0, 810324.0, 810324.0, 810324.0, 810324.0, 810324.0, 810324.0, 810324.0, 810324.0, 810324.0, 810324.0, 810324.0, 810324.0, 810324.0, 810324.0, 810324.0, 810324.0, 810324.0, 810324.0, 810324.0, 810324.0, 810324.0, 810324.0, 810324.0, 810324.0, 810324.0, 810324.0, 810324.0, 810324.0, 810324.0, 810324.0, 810324.0, 810324.0, 810324.0, 810324.0, 810324.0, 810324.0, 810324.0, 810324.0, 810324.0, 810324.0, 810324.0, 810324.0, 810324.0, 810324.0, 810324.0, 810324.0, 810324.0, 810324.0, 810324.0, 810324.0, 810324.0, 810324.0, 810324.0, 810324.0, 810324.0, 810324.0, 810324.0, 810324.0, 810324.0, 810324.0, 810324.0, 810324.0, 810324.0, 810324.0, 810324.0, 810324.0, 810324.0, 810324.0, 810324.0, 810324.0, 810324.0, 810324.0, 810324.0, 810324.0, 810324.0, 810324.0, 810324.0, 810324.0, 810324.0, 810324.0, 810324.0, 810324.0, 810324.0, 810324.0, 810324.0, 810324.0, 810324.0, 810324.0, 810324.0, 810324.0, 810324.0, 810324.0, 810324.0, 810324.0, 810324.0, 810324.0, 810324.0, 810324.0, 810324.0, 810324.0, 810324.0, 810324.0, 810324.0, 810324.0, 810324.0, 810324.0, 810324.0, 810324.0, 810324.0, 810324.0, 810324.0, 810324.0, 810324.0, 810324.0, 810324.0, 810324.0, 810324.0, 810324.0, 810324.0, 810324.0, 810324.0, 810324.0, 810324.0, 810324.0, 810324.0, 810324.0, 810324.0, 810324.0, 810324.0, 810324.0, 810324.0, 810324.0, 810324.0, 810324.0, 810324.0, 810324.0, 810324.0, 810324.0, 810324.0, 810324.0, 810324.0, 810324.0, 810324.0, 810324.0, 810324.0, 810324.0, 810324.0, 810324.0, 810324.0, 810324.0, 810324.0, 810324.0, 810324.0, 810324.0, 810324.0, 810324.0, 810324.0, 810324.0, 810324.0, 810324.0, 810324.0, 810324.0, 810324.0, 810324.0, 810324.0, 810324.0, 810324.0, 810324.0, 810324.0, 810324.0, 810324.0, 810324.0, 810324.0, 810324.0, 810324.0, 810324.0, 810324.0, 810324.0, 810324.0, 810324.0, 810324.0, 810324.0, 810324.0, 810324.0, 810324.0, 810324.0, 810324.0, 810324.0, 810324.0, 810324.0, 810324.0, 810324.0, 810324.0, 810324.0, 810324.0, 810324.0, 810324.0, 810324.0, 810324.0, 810324.0, 810324.0, 810324.0, 810324.0, 810324.0, 810324.0, 810324.0, 810324.0, 810324.0, 810324.0, 810324.0, 810324.0, 810324.0, 810324.0, 810324.0, 810324.0, 810324.0, 810324.0, 810324.0, 810324.0, 810324.0, 810324.0, 810324.0, 810324.0, 810324.0, 810324.0, 810324.0, 810324.0, 810324.0, 810324.0, 810324.0, 810324.0, 810324.0, 810324.0, 810324.0, 810324.0, 810324.0, 810324.0, 810324.0, 810324.0, 810324.0, 810324.0, 810324.0, 810324.0, 810324.0, 810324.0, 810324.0, 810324.0, 810324.0, 810324.0, 810324.0, 810324.0, 810324.0, 810324.0, 810324.0, 810324.0, 810324.0, 810324.0, 810324.0, 810324.0, 810324.0, 810324.0, 810324.0, 810324.0, 810324.0, 810324.0, 810324.0, 810324.0, 810324.0, 810324.0, 810324.0, 810324.0, 810324.0, 810324.0, 810324.0, 810324.0, 810324.0, 810324.0, 810324.0, 810324.0, 810324.0, 810324.0, 810324.0, 810324.0, 810324.0, 810324.0, 810324.0, 810324.0, 810324.0, 810324.0, 810324.0, 810324.0, 810324.0, 810324.0, 810324.0, 810324.0, 810324.0, 810324.0, 810324.0, 810324.0, 810324.0, 810324.0, 810324.0, 810324.0, 810324.0, 810324.0, 810324.0, 810324.0, 810324.0, 810324.0, 810324.0, 810324.0, 810324.0, 810324.0, 810324.0, 810324.0, 810324.0, 810324.0, 810324.0, 810324.0, 810324.0, 810324.0, 810324.0, 810324.0, 810324.0, 810324.0, 810324.0, 810324.0, 810324.0, 810324.0, 810324.0, 810324.0, 810324.0, 810324.0, 810324.0, 810324.0, 810324.0, 810324.0, 810324.0, 810324.0, 810324.0, 810324.0, 810324.0, 810324.0, 810324.0, 810324.0, 810324.0, 810324.0, 810324.0, 810324.0, 810324.0, 810324.0, 810324.0, 810324.0, 810324.0, 810324.0, 810324.0, 810324.0, 810324.0, 810324.0, 810324.0, 810324.0, 810324.0, 810324.0, 810324.0, 810324.0, 810324.0, 810324.0, 810324.0, 810324.0, 810324.0, 810324.0, 810324.0, 810324.0, 810324.0, 810324.0, 810324.0, 810324.0, 810324.0, 810324.0, 810324.0, 810324.0, 810324.0, 810324.0, 810324.0, 810324.0, 810324.0, 810324.0, 810324.0, 810324.0, 810324.0, 810324.0, 810324.0, 810324.0, 810324.0, 810324.0, 810324.0, 810324.0, 810324.0, 810324.0, 810324.0, 810324.0, 810324.0, 810324.0, 810324.0, 810324.0, 810324.0, 810324.0, 810324.0, 810324.0, 810324.0, 810324.0, 810324.0, 810324.0, 810324.0, 810324.0, 810324.0, 810324.0, 810324.0, 810324.0, 810324.0, 810324.0, 810324.0, 810324.0, 810324.0, 810324.0, 810324.0, 810324.0, 810324.0, 810324.0, 810324.0, 810324.0, 810324.0, 810324.0, 810324.0, 810324.0, 810324.0, 810324.0, 810324.0, 810324.0, 810324.0, 810324.0, 810324.0, 810324.0, 810324.0, 810324.0, 810324.0, 810324.0, 810324.0, 810324.0, 810324.0, 810324.0, 810324.0, 810324.0, 810324.0, 810324.0, 810324.0, 810324.0, 810324.0, 810324.0, 810324.0, 810324.0, 810324.0, 810324.0, 810324.0, 810324.0, 810324.0, 810324.0, 810324.0, 810324.0, 810324.0, 810324.0, 810324.0, 810324.0, 810324.0, 810324.0, 810324.0, 810324.0, 810324.0, 810324.0, 810324.0, 810324.0, 810324.0, 810324.0, 810324.0, 810324.0, 810324.0, 810324.0, 810324.0, 810324.0, 810324.0, 810324.0, 810324.0, 810324.0, 810324.0, 810324.0, 810324.0, 810324.0, 810324.0, 810324.0, 810324.0, 810324.0, 810324.0, 810324.0, 810324.0, 810324.0, 810324.0, 810324.0, 810324.0, 810324.0, 810324.0, 810324.0, 810324.0, 810324.0, 810324.0, 810324.0, 810324.0, 810324.0, 810324.0, 810324.0, 810324.0, 810324.0, 810324.0, 810324.0, 810324.0, 810324.0, 810324.0, 810324.0, 810324.0, 810324.0, 810324.0, 810324.0, 810324.0, 810324.0, 810324.0, 810324.0, 810324.0, 810324.0, 810324.0, 810324.0, 810324.0, 810324.0, 810324.0, 810324.0, 810324.0, 810324.0, 810324.0, 810324.0, 810324.0, 810324.0, 810324.0, 810324.0, 810324.0, 810324.0, 810324.0, 810324.0, 810324.0, 810324.0, 810324.0, 810324.0, 810324.0, 810324.0, 810324.0, 810324.0, 810324.0, 810324.0, 810324.0, 810324.0, 810324.0, 810324.0, 810324.0, 810324.0, 810324.0, 810324.0, 810324.0, 810324.0, 810324.0, 810324.0, 810324.0, 810324.0, 810324.0, 810324.0, 810324.0, 810324.0, 810324.0, 810324.0, 810324.0, 810324.0, 810324.0, 810324.0, 810324.0, 810324.0, 810324.0, 810324.0, 810324.0, 810324.0, 810324.0, 810324.0, 810324.0, 810324.0, 810324.0, 810324.0, 810324.0, 810324.0, 810324.0, 810324.0, 810324.0, 810324.0, 810324.0, 810324.0, 810324.0, 810324.0, 810324.0, 810324.0, 810324.0, 810324.0, 810324.0, 810324.0, 810324.0, 810324.0, 810324.0, 810324.0, 810324.0, 810324.0, 810324.0, 810324.0, 810324.0, 810324.0, 810324.0, 810324.0, 810324.0, 810324.0, 810324.0, 810324.0, 810324.0, 810324.0, 810324.0, 810324.0, 810324.0, 810324.0, 810324.0, 810324.0, 810324.0, 810324.0, 810324.0, 810324.0, 810324.0, 810324.0, 810324.0, 810324.0, 810324.0, 810324.0, 810324.0, 810324.0, 810324.0, 810324.0, 810324.0, 810324.0, 810324.0, 810324.0, 810324.0, 810324.0, 810324.0, 810324.0, 810324.0, 810324.0, 810324.0, 810324.0, 810324.0, 810324.0, 810324.0, 810324.0, 810324.0, 810324.0, 810324.0, 810324.0, 810324.0, 810324.0, 810324.0, 810324.0, 810324.0, 810324.0, 810324.0, 810324.0, 810324.0, 810324.0, 810324.0, 810324.0, 810324.0, 810324.0, 810324.0, 810324.0, 810324.0, 810324.0, 810324.0, 810324.0, 810324.0, 810324.0, 810324.0, 810324.0, 810324.0, 810324.0, 810324.0, 810324.0, 810324.0, 810324.0, 810324.0, 810324.0, 810324.0, 810324.0, 810324.0, 810324.0, 810324.0, 810324.0, 810324.0, 810324.0, 810324.0, 810324.0, 810324.0, 810324.0, 810324.0, 810324.0, 810324.0, 810324.0, 810324.0, 810324.0, 810324.0, 810324.0, 810324.0, 810324.0, 810324.0, 810324.0, 810324.0, 810324.0, 810324.0, 810324.0, 810324.0, 810324.0, 810324.0, 810324.0, 810324.0, 810324.0, 810324.0, 810324.0, 810324.0, 810324.0, 810324.0, 810324.0, 810324.0, 810324.0, 810324.0, 810324.0, 810324.0, 810324.0, 810324.0, 810324.0, 810324.0, 810324.0, 810324.0, 810324.0, 810324.0, 810324.0, 810324.0, 810324.0, 810324.0, 810324.0, 810324.0, 810324.0, 810324.0, 810324.0, 810324.0, 810324.0, 810324.0, 810324.0, 810324.0, 810324.0, 810324.0, 810324.0, 810324.0, 810324.0, 810324.0, 810324.0, 810324.0, 810324.0, 810324.0, 810324.0, 810324.0, 810324.0, 810324.0, 810324.0, 810324.0, 810324.0, 810324.0, 810324.0, 810324.0, 810324.0, 810324.0, 810324.0, 810324.0, 810324.0, 810324.0, 810324.0, 810324.0, 810324.0, 810324.0, 810324.0, 810324.0, 810324.0, 810324.0, 810324.0, 810324.0, 810324.0, 810324.0, 810324.0, 810324.0, 810289.4039959447, 810289.4039959447, 810289.4039959447, 810289.4039959447, 810289.4039959447, 810289.4039959447, 810289.4039959447, 810289.4039959447, 810289.4039959447, 810289.4039959447, 810289.4039959447, 810289.4039959447, 810289.4039959447, 810289.4039959447, 810289.4039959447, 810289.4039959447, 810289.4039959447, 810289.4039959447, 810289.4039959447, 810289.4039959447, 810289.4039959447, 810289.4039959447, 810289.4039959447, 810289.4039959447, 810289.4039959447, 810289.4039959447, 810289.4039959447, 810289.4039959447, 810289.4039959447, 810289.4039959447, 810289.4039959447, 810289.4039959447, 810289.4039959447, 810289.4039959447, 810289.4039959447, 810289.4039959447, 810289.4039959447, 810324.0, 810324.0, 810324.0, 810324.0, 810324.0, 810324.0, 810324.0, 810324.0, 810324.0, 810324.0, 810324.0, 810324.0, 810324.0, 810324.0, 810324.0, 810324.0, 810324.0, 810324.0, 810324.0, 810324.0, 810324.0, 810324.0, 810324.0, 810324.0, 810324.0, 810324.0, 810324.0, 810324.0, 810324.0, 810324.0, 810324.0, 810324.0, 810324.0, 810324.0, 810324.0, 810324.0, 810324.0, 810324.0, 810324.0, 810324.0, 810324.0, 810324.0, 810324.0, 810324.0, 810324.0, 810324.0, 810324.0, 810324.0, 810324.0, 810324.0, 810324.0, 810324.0, 810324.0, 810324.0, 810324.0, 810324.0, 810324.0, 810324.0, 810324.0, 810324.0, 810324.0, 810324.0, 810324.0, 810324.0, 810324.0, 810324.0, 810324.0, 810324.0, 810324.0, 810324.0, 810324.0, 810324.0, 810324.0, 810324.0, 810324.0, 810324.0, 810324.0, 810324.0, 810324.0, 810324.0, 810324.0, 810324.0, 810324.0, 810324.0, 810324.0, 810324.0, 810324.0, 810324.0, 810324.0, 810324.0, 810324.0, 810324.0, 810324.0, 810324.0, 810324.0, 810324.0, 810324.0, 810324.0, 810324.0, 810324.0, 810324.0, 810324.0, 810324.0, 810324.0, 810324.0, 810324.0, 810324.0, 810324.0, 810324.0, 810324.0, 810324.0, 810324.0, 810324.0, 810324.0, 810324.0, 810324.0, 810324.0, 810324.0, 810324.0, 810324.0, 810324.0, 810324.0, 810324.0, 810324.0, 810324.0, 810324.0, 810324.0, 810324.0, 810324.0, 810324.0, 810324.0, 810324.0, 810324.0, 810324.0, 810324.0, 810324.0, 810324.0, 810324.0, 810324.0, 810324.0, 810324.0, 810324.0, 810324.0, 810324.0, 810324.0, 810324.0, 810324.0, 810324.0, 810324.0, 810324.0, 810324.0, 810324.0, 810324.0, 810324.0, 810324.0, 810324.0, 810324.0, 810324.0, 810324.0, 810324.0, 810324.0, 810324.0, 810324.0, 810324.0, 810324.0, 810324.0, 810324.0, 810324.0, 810324.0, 810324.0, 810324.0, 810324.0, 810324.0, 810324.0, 810324.0, 810324.0, 810324.0, 810324.0, 810324.0, 810324.0, 810324.0, 810324.0, 810324.0, 810324.0, 810324.0, 810324.0, 810324.0, 810324.0, 810324.0, 810324.0, 809764.6797124953, 809764.6797124953, 809764.6797124953, 809764.6797124953, 809764.6797124953, 809764.6797124953, 809764.6797124953, 809764.6797124953, 809764.6797124953, 809764.6797124953, 809764.6797124953, 809764.6797124953, 809764.6797124953, 809764.6797124953, 809764.6797124953, 809764.6797124953, 809764.6797124953, 809764.6797124953, 809764.6797124953, 809764.6797124953, 809764.6797124953, 809764.6797124953, 809764.6797124953, 809764.6797124953, 810324.0, 810324.0, 810324.0, 810324.0, 810324.0, 810324.0, 810324.0, 810324.0, 810324.0, 810324.0, 810324.0, 810324.0, 810324.0, 810324.0, 810324.0, 810324.0, 810324.0, 810324.0, 810324.0, 810324.0, 810324.0, 810324.0, 810324.0, 810324.0, 810324.0, 810324.0, 810324.0, 810324.0, 810324.0, 810324.0, 810324.0, 810324.0, 810324.0, 810324.0, 810324.0, 810324.0, 810324.0, 810324.0, 810324.0, 810324.0, 810324.0, 810324.0, 810324.0, 810324.0, 810324.0, 810324.0, 810324.0, 810324.0, 810324.0, 810324.0, 810324.0, 810324.0, 810324.0, 810324.0, 810324.0, 810324.0, 810324.0, 810324.0, 810324.0, 810324.0, 810324.0, 810324.0, 810324.0, 810324.0, 810324.0, 810324.0, 810324.0, 810324.0, 810324.0, 810324.0, 810324.0, 810324.0, 810324.0, 810324.0, 810324.0, 810324.0, 810324.0, 810324.0, 810324.0, 810324.0, 810324.0, 810324.0, 810324.0, 810324.0, 810324.0, 810324.0, 810324.0, 810324.0, 810324.0, 810324.0, 810324.0, 810324.0, 810324.0, 810324.0, 810324.0, 810324.0, 810324.0, 810324.0, 810324.0, 810324.0, 810324.0, 810324.0, 810324.0, 810324.0, 810324.0, 810324.0, 810324.0, 810324.0, 810324.0, 810324.0, 810324.0, 810324.0, 810324.0, 810324.0, 810324.0, 810324.0, 810324.0, 810324.0, 810324.0, 810324.0, 810324.0, 810324.0, 810324.0, 810324.0, 810324.0, 810324.0, 810324.0, 810324.0, 810324.0, 810324.0, 810324.0, 810324.0, 810324.0, 810324.0, 810324.0, 810324.0, 810324.0, 810324.0, 810324.0, 810324.0, 810324.0, 810324.0, 810324.0, 810324.0, 810324.0, 810324.0, 810324.0, 810324.0, 810324.0, 810324.0, 810324.0, 810324.0, 810324.0, 810324.0, 810324.0, 810324.0, 810324.0, 810324.0, 810324.0, 810324.0, 810324.0, 810324.0, 810324.0, 810324.0, 810324.0, 810324.0, 810324.0, 810324.0, 810324.0, 810324.0, 810324.0, 810324.0, 810324.0, 810324.0, 810324.0, 810324.0, 810324.0, 810324.0, 810324.0, 810324.0, 810324.0, 810324.0, 810324.0, 810324.0, 810324.0, 810324.0, 810324.0, 810324.0, 810324.0, 810324.0, 810324.0, 810324.0, 810324.0, 810324.0, 810324.0, 810324.0, 810324.0, 810324.0, 810324.0, 810324.0, 810324.0, 810324.0, 810324.0, 810324.0, 810324.0, 810324.0, 810324.0, 810324.0, 810324.0, 810324.0, 810324.0, 810324.0, 810324.0, 810324.0, 810324.0, 810324.0, 810324.0, 810324.0, 810324.0, 810324.0, 810324.0, 810324.0, 810324.0, 810324.0, 810324.0, 810324.0, 810324.0, 810324.0, 810324.0, 810324.0, 810324.0, 810324.0, 810324.0, 810324.0, 810324.0, 810324.0, 810324.0, 810324.0, 810324.0, 810324.0, 810324.0, 810324.0, 810324.0, 810324.0, 810324.0, 810324.0, 810324.0, 810324.0, 810324.0, 810324.0, 810324.0, 810324.0, 810324.0, 810324.0, 810324.0, 810324.0, 810324.0, 810324.0, 810324.0, 810324.0, 810324.0, 810324.0, 810324.0, 810324.0, 810324.0, 810324.0, 810324.0, 810324.0, 810324.0, 810324.0, 810324.0, 810324.0, 810324.0, 810324.0, 810324.0, 810324.0, 810324.0, 810324.0, 810324.0, 810324.0, 810324.0, 810324.0, 810324.0, 810324.0, 810324.0, 810324.0, 810324.0, 810324.0, 810324.0, 810324.0, 810324.0, 810324.0, 810324.0, 810324.0, 810324.0, 810324.0, 810324.0, 810324.0, 810324.0, 810324.0, 810324.0, 810324.0, 810324.0, 810324.0, 810324.0, 810324.0, 810324.0, 810324.0, 810324.0, 810324.0, 810324.0, 810324.0, 810324.0, 810324.0, 810324.0, 810324.0, 810324.0, 810324.0, 810324.0, 810324.0, 810324.0, 810324.0, 810324.0, 810324.0, 810324.0, 810324.0, 810324.0, 810324.0, 810324.0, 810324.0, 810324.0, 810324.0, 810324.0, 810324.0, 810324.0, 810324.0, 810324.0, 810324.0, 810324.0, 810324.0, 810324.0, 810324.0, 810324.0, 810324.0, 810324.0, 810324.0, 810324.0, 810324.0, 810324.0, 810324.0, 810324.0, 810324.0, 810324.0, 810324.0, 810324.0, 810324.0, 810324.0, 810324.0, 810324.0, 810324.0, 810324.0, 810324.0, 810324.0, 810324.0, 810324.0, 810324.0, 810324.0, 810324.0, 810324.0, 810324.0, 810324.0, 810324.0, 810324.0, 810324.0, 810324.0, 810324.0, 810324.0, 810324.0, 810324.0, 810324.0, 810324.0, 810324.0, 810324.0, 810324.0, 810324.0, 810324.0, 810324.0, 810324.0, 810324.0, 810324.0, 810324.0, 810324.0, 810324.0, 810324.0, 810324.0, 810324.0, 810324.0, 810324.0, 810324.0, 810324.0, 810324.0, 810324.0, 810324.0, 810324.0, 810324.0, 810324.0, 810324.0, 810324.0, 810324.0, 810324.0, 810324.0, 810324.0, 810324.0, 810324.0, 810324.0, 810324.0, 810324.0, 810324.0, 810324.0, 810324.0, 810324.0, 810324.0, 810324.0, 810324.0, 810324.0, 810324.0, 810324.0, 810324.0, 810324.0, 810324.0, 810324.0, 810324.0, 810324.0, 810324.0, 810324.0, 810324.0, 810324.0, 810324.0, 810324.0, 810324.0, 810324.0, 810324.0, 810324.0, 810324.0, 810324.0, 810324.0, 810324.0, 810324.0, 810324.0, 810324.0, 810324.0, 810324.0, 810324.0, 810324.0, 810324.0, 810324.0, 810324.0, 810324.0, 810324.0, 810324.0, 810324.0, 810324.0, 810324.0, 810324.0, 810324.0, 810324.0, 810324.0, 810324.0, 810324.0, 810324.0, 810324.0, 810324.0, 810324.0, 810324.0, 810324.0, 810324.0, 810324.0, 810324.0, 810324.0, 810324.0, 810324.0, 810324.0, 810324.0, 810324.0, 810324.0, 810324.0, 810324.0, 810324.0, 810324.0, 810324.0, 810324.0, 810324.0, 810324.0, 810324.0, 810324.0, 810324.0, 810324.0, 810324.0, 810324.0, 810324.0, 810324.0, 810324.0, 810324.0, 810324.0, 810324.0, 810324.0, 810324.0, 810324.0, 810324.0, 810324.0, 810324.0, 810324.0, 810324.0, 810324.0, 810324.0, 810324.0, 810324.0, 810324.0, 810324.0, 810324.0, 810324.0, 810324.0, 810324.0, 810324.0, 810324.0, 810324.0, 810324.0, 810324.0, 810324.0, 810324.0, 810324.0, 810324.0, 810324.0, 810324.0, 810324.0, 810324.0, 810324.0, 810324.0, 810324.0, 810324.0, 810324.0, 810324.0, 810324.0, 810324.0, 810324.0, 810324.0, 810324.0, 810324.0, 810324.0, 810324.0, 810324.0, 810324.0, 810324.0, 810324.0, 810324.0, 810324.0, 810324.0, 810324.0, 810324.0, 810324.0, 810324.0, 810324.0, 810324.0, 810324.0, 810324.0, 810324.0, 810324.0, 810324.0, 810324.0, 810324.0, 810324.0, 810324.0, 810324.0, 810324.0, 810324.0, 810324.0, 810324.0, 810324.0, 810324.0, 810324.0, 810324.0, 810324.0, 810324.0, 810324.0, 810324.0, 810324.0, 810324.0, 810324.0, 810324.0, 810324.0, 810324.0, 810324.0, 810324.0, 810324.0, 810324.0, 810324.0, 810324.0, 810324.0, 810324.0, 810324.0, 810324.0, 810324.0, 810324.0, 810324.0, 810324.0, 810324.0, 810324.0, 810324.0, 810324.0, 810324.0, 810324.0, 810324.0, 810324.0, 810324.0, 810324.0, 810324.0, 810324.0, 810324.0, 810324.0, 810324.0, 810324.0, 810324.0, 810324.0, 810324.0, 810324.0, 810324.0, 810324.0, 810324.0, 810324.0, 810324.0, 810324.0, 810324.0, 810324.0, 810324.0, 810324.0, 810324.0, 810324.0, 810324.0, 810324.0, 810324.0, 810324.0, 810324.0, 810324.0, 810324.0, 810324.0, 810324.0, 810324.0, 810324.0, 810324.0, 810324.0, 810324.0, 810324.0, 810324.0, 810324.0, 810324.0, 810324.0, 810324.0, 810324.0, 810324.0, 810324.0, 810324.0, 810324.0, 810324.0, 810324.0, 810324.0, 810324.0, 810324.0, 810324.0, 810324.0, 810324.0, 810324.0, 810324.0, 810324.0, 810324.0, 810324.0, 810324.0, 810324.0, 810324.0, 810324.0, 810324.0, 810324.0, 810324.0, 810324.0, 810324.0, 810324.0, 810324.0, 810324.0, 810324.0, 810324.0, 810324.0, 810324.0, 810324.0, 810324.0, 810324.0, 810324.0, 810324.0, 810324.0, 810324.0, 810324.0, 810324.0, 810324.0, 810324.0, 810324.0, 810324.0, 810324.0, 810324.0, 810324.0, 810324.0, 810324.0, 810324.0, 810324.0, 810324.0, 810324.0, 810324.0, 810324.0, 810324.0, 810324.0, 810324.0, 810324.0, 810324.0, 810324.0, 810324.0, 810324.0, 810324.0, 810324.0, 810324.0, 810324.0, 810324.0, 810324.0, 810324.0, 810324.0, 810324.0, 810324.0, 810324.0, 810324.0, 810324.0, 810324.0, 810324.0, 810324.0, 810324.0, 810324.0, 810324.0, 810324.0, 810324.0, 810324.0, 810324.0, 810324.0, 810324.0, 810324.0, 810324.0, 810324.0, 810324.0, 810324.0, 810324.0, 810324.0, 810324.0, 810324.0, 810324.0, 810324.0, 810324.0, 810324.0, 810324.0, 810324.0, 810324.0, 810324.0, 810324.0, 810324.0, 810324.0, 810324.0, 810324.0, 810324.0, 810324.0, 810324.0, 810324.0, 810324.0, 810324.0, 810324.0, 810324.0, 810324.0, 810324.0, 810324.0, 810324.0, 810324.0, 810324.0, 810324.0, 810324.0, 810324.0, 810324.0, 810324.0, 810324.0, 810324.0, 810324.0, 810324.0, 810324.0, 810324.0, 810324.0, 810324.0, 810324.0, 810324.0, 810324.0, 810324.0, 810324.0, 810324.0, 810324.0, 810324.0, 810324.0, 810324.0, 810324.0, 810324.0, 810324.0, 810324.0, 810324.0, 810324.0, 810324.0, 810324.0, 810324.0, 810324.0, 810324.0, 810324.0, 810324.0, 810324.0, 810324.0, 810324.0, 810324.0, 810324.0, 810324.0, 810324.0, 810324.0, 810324.0, 810324.0, 810324.0, 810324.0, 810324.0, 810324.0, 810324.0, 810324.0, 810324.0, 810324.0, 810324.0, 810226.1694588246, 810226.1694588246, 810226.1694588246, 810226.1694588246, 810226.1694588246, 810226.1694588246, 810226.1694588246, 810226.1694588246, 810226.1694588246, 810226.1694588246, 810226.1694588246, 810226.1694588246, 810226.1694588246, 810226.1694588246, 810226.1694588246, 810226.1694588246, 810226.1694588246, 810226.1694588246, 810226.1694588246, 810226.1694588246, 810226.1694588246, 810226.1694588246, 810226.1694588246, 810226.1694588246, 810226.1694588246, 810226.1694588246, 810226.1694588246, 810226.1694588246, 810226.1694588246, 810226.1694588246, 810226.1694588246, 810226.1694588246, 810226.1694588246, 810226.1694588246, 810226.1694588246, 810226.1694588246, 810226.1694588246, 810226.1694588246, 810226.1694588246, 810226.1694588246, 810226.1694588246, 810324.0, 810324.0, 810324.0, 810324.0, 810176.9971415224, 810176.9971415224, 810176.9971415224, 810176.9971415224, 810176.9971415224, 810176.9971415224, 810176.9971415224, 810176.9971415224, 810176.9971415224, 810176.9971415224, 810176.9971415224, 810176.9971415224, 810176.9971415224, 810176.9971415224, 810176.9971415224, 810176.9971415224, 810176.9971415224, 810176.9971415224, 810176.9971415224, 810176.9971415224, 810176.9971415224, 810176.9971415224, 810176.9971415224, 810176.9971415224, 810176.9971415224, 810176.9971415224, 810176.9971415224, 810176.9971415224, 810176.9971415224, 810176.9971415224, 810176.9971415224, 810176.9971415224, 810176.9971415224, 810176.9971415224, 810176.9971415224, 810176.9971415224, 810176.9971415224, 810176.9971415224, 810176.9971415224, 810176.9971415224, 810176.9971415224, 810324.0, 810324.0, 810324.0, 810324.0, 810324.0, 810324.0, 810324.0, 810324.0, 810324.0, 810324.0, 810324.0, 810324.0, 810324.0, 810324.0, 810324.0, 810324.0, 810324.0, 810324.0, 810324.0, 810324.0, 810324.0, 810324.0, 810324.0, 810324.0, 810324.0, 810324.0, 810324.0, 810324.0, 810324.0, 810324.0, 810324.0, 810324.0, 810324.0, 810324.0, 810324.0, 810324.0, 810324.0, 810324.0, 810324.0, 810324.0, 810324.0, 810324.0, 810324.0, 810324.0, 810324.0, 810324.0, 810324.0, 810324.0, 810324.0, 810324.0, 810324.0, 810324.0, 810324.0, 810324.0, 810324.0, 810324.0, 810324.0, 810324.0, 810324.0, 810324.0, 810324.0, 810324.0, 810324.0, 810324.0, 810324.0, 810324.0, 810324.0, 810324.0, 810324.0, 810324.0, 810324.0, 810324.0, 810324.0, 810324.0, 810324.0, 810324.0, 810324.0, 810324.0, 810324.0, 810324.0, 810324.0, 810324.0, 810324.0, 810324.0, 810324.0, 810324.0, 810324.0, 810324.0, 810324.0, 810324.0, 810324.0, 810324.0, 810324.0, 810324.0, 810324.0, 810324.0, 796350.0602977206, 796350.0602977206, 796350.0602977206, 796350.0602977206, 796350.0602977206, 796350.0602977206, 796350.0602977206, 796350.0602977206, 796350.0602977206, 796350.0602977206, 796350.0602977206, 796350.0602977206, 796350.0602977206, 796350.0602977206, 796350.0602977206, 796350.0602977206, 796350.0602977206, 796350.0602977206, 796350.0602977206, 796350.0602977206, 796350.0602977206, 796350.0602977206, 796350.0602977206, 796350.0602977206, 796350.0602977206, 796350.0602977206, 796350.0602977206, 796350.0602977206, 796350.0602977206, 796350.0602977206, 796350.0602977206, 796350.0602977206, 796350.0602977206, 800058.1707293933, 800058.1707293933, 800058.1707293933, 809161.6576035332, 809161.6576035332, 810183.3096140107, 810324.0, 810324.0, 810324.0, 810324.0, 810324.0, 810324.0, 810324.0, 810324.0, 810324.0, 810324.0, 810324.0, 810324.0, 810324.0, 810324.0, 810324.0, 810324.0, 810324.0, 810324.0, 810324.0, 810324.0, 810324.0, 810324.0, 810324.0, 810324.0, 810324.0, 810324.0, 810324.0, 810324.0, 810324.0, 810324.0, 810324.0, 810324.0, 810324.0, 810324.0, 810324.0, 810324.0, 810324.0, 810324.0, 810324.0, 810324.0, 810324.0, 810324.0, 810324.0, 810324.0, 810324.0, 810324.0, 810324.0, 810324.0, 810324.0, 810324.0, 810324.0, 801463.722275251, 801463.722275251, 801463.722275251, 801463.722275251, 801463.722275251, 801463.722275251, 801463.722275251, 801463.722275251, 801463.722275251, 801463.722275251, 801463.722275251, 801463.722275251, 801463.722275251, 801463.722275251, 801463.722275251, 801463.722275251, 801463.722275251, 801463.722275251, 801463.722275251, 801463.722275251, 801463.722275251, 801463.722275251, 801463.722275251, 801463.722275251, 801463.722275251, 801463.722275251, 801463.722275251, 801463.722275251, 801463.722275251, 801463.722275251, 801463.722275251, 801463.722275251, 809013.7171452953, 809013.7171452953, 809013.7171452953, 809013.7171452953, 809013.7171452953, 809013.7171452953, 809013.7171452953, 809013.7171452953, 809013.7171452953, 809013.7171452953, 809013.7171452953, 809013.7171452953, 810324.0, 810324.0, 810324.0, 810324.0, 810324.0, 810324.0, 810324.0, 810324.0, 810324.0, 810324.0, 810324.0, 810324.0, 810324.0, 810324.0, 810324.0, 810324.0, 810324.0, 810324.0, 810324.0, 810324.0, 810324.0, 810324.0, 810324.0, 810324.0, 810324.0, 810324.0, 810324.0, 810324.0, 810324.0, 810324.0, 810324.0, 810324.0, 810324.0, 810324.0, 810324.0, 810324.0, 810324.0, 810324.0, 810324.0, 810324.0, 810324.0, 810324.0, 810324.0, 810324.0, 810324.0, 810324.0, 810324.0, 810324.0, 810324.0, 810324.0, 810324.0, 810324.0, 810324.0, 810324.0, 810324.0, 810324.0, 810324.0, 810324.0, 810324.0, 810324.0, 810324.0, 810324.0, 810324.0, 810324.0, 810324.0, 810324.0, 810324.0, 810324.0, 810324.0, 810324.0, 810324.0, 810324.0, 810324.0, 810324.0, 810324.0, 810324.0, 810324.0, 810324.0, 810324.0, 810324.0, 810324.0, 810324.0, 810324.0, 810324.0, 810324.0, 810324.0, 810324.0, 810324.0, 810324.0, 810324.0, 810324.0, 810324.0, 810324.0, 810324.0, 810324.0, 810324.0, 810324.0, 810324.0, 810324.0, 810324.0, 810324.0, 810324.0, 810324.0, 810324.0, 810324.0, 810324.0, 810324.0, 810324.0, 810324.0, 810324.0, 810324.0, 810324.0, 810324.0, 810324.0, 810324.0, 810324.0, 810324.0, 810324.0, 810324.0, 810324.0, 810324.0, 810324.0, 810324.0, 810324.0, 810324.0, 810324.0, 810324.0, 810324.0, 810324.0, 810324.0, 810324.0, 810324.0, 810324.0, 810324.0, 810324.0, 810324.0, 810324.0, 810324.0, 810317.6479184339, 810317.6479184339, 810317.6479184339, 810317.6479184339, 810317.6479184339, 810317.6479184339, 810317.6479184339, 810317.6479184339, 810317.6479184339, 810317.6479184339, 810317.6479184339, 810317.6479184339, 810317.6479184339, 810317.6479184339, 810317.6479184339, 810317.6479184339, 810317.6479184339, 810317.6479184339, 810317.6479184339, 810317.6479184339, 810317.6479184339, 810317.6479184339, 810317.6479184339, 810317.6479184339, 810317.6479184339, 810317.6479184339, 810317.6479184339, 810317.6479184339, 810317.6479184339, 810317.6479184339, 810317.6479184339, 810317.6479184339, 810317.6479184339, 810317.6479184339, 810317.6479184339, 810317.6479184339, 810317.6479184339, 810317.6479184339, 810317.6479184339, 810317.6479184339, 810324.0, 810324.0, 810324.0, 810324.0, 810324.0, 810324.0, 810324.0, 810324.0, 810324.0, 810324.0, 810324.0, 810324.0, 810324.0, 810324.0, 810324.0, 810324.0, 810324.0, 810324.0, 810324.0, 810324.0, 810324.0, 810324.0, 810324.0, 810324.0, 810324.0, 810324.0, 810324.0, 810324.0, 810324.0, 810324.0, 810324.0, 810324.0, 810324.0, 810324.0, 810324.0, 810324.0, 810324.0, 810324.0, 810324.0, 810324.0, 810324.0, 810324.0, 810324.0, 810324.0, 810324.0, 810324.0, 810324.0, 810324.0, 810324.0, 810324.0, 810324.0, 802579.5226761135, 802579.5226761135, 802579.5226761135, 802579.5226761135, 802579.5226761135, 802579.5226761135, 802579.5226761135, 802579.5226761135, 802579.5226761135, 802579.5226761135, 802579.5226761135, 802579.5226761135, 802579.5226761135, 802579.5226761135, 802579.5226761135, 802579.5226761135, 802579.5226761135, 802579.5226761135, 802579.5226761135, 802579.5226761135, 802579.5226761135, 802579.5226761135, 802579.5226761135, 802579.5226761135, 802579.5226761135, 802579.5226761135, 802579.5226761135, 802579.5226761135, 802579.5226761135, 802579.5226761135, 802579.5226761135, 802579.5226761135, 802579.5226761135, 802579.5226761135, 802579.5226761135, 802579.5226761135, 802579.5226761135, 802579.5226761135, 802579.5226761135, 802579.5226761135, 810324.0, 810324.0, 810324.0, 810324.0, 810324.0, 810324.0, 810324.0, 810324.0, 810324.0, 810324.0, 810324.0, 810324.0, 810324.0, 810324.0, 810324.0, 810324.0, 810324.0, 810324.0, 810324.0, 810324.0, 810324.0, 810324.0, 810324.0, 810324.0, 810324.0, 810324.0, 810324.0, 810324.0, 810324.0, 810324.0, 810324.0, 810324.0, 810324.0, 810324.0, 810324.0, 810324.0, 810324.0, 810324.0, 810324.0, 810324.0, 810324.0, 810324.0, 810324.0, 810324.0, 810324.0, 810324.0, 810324.0, 810324.0, 810324.0, 810324.0, 810324.0, 810324.0, 810324.0, 810324.0, 810324.0, 810324.0, 810324.0, 810324.0, 810324.0, 810324.0, 810324.0, 810324.0, 810324.0, 810324.0, 810324.0, 810324.0, 810324.0, 810324.0, 810324.0, 810324.0, 810324.0, 810324.0, 810324.0, 810324.0, 810324.0, 810324.0, 810324.0, 810324.0, 810324.0, 810324.0, 810324.0, 810324.0, 810324.0, 810324.0, 810324.0, 810324.0, 810324.0, 810324.0, 810324.0, 810324.0, 810324.0, 810324.0, 810324.0, 810324.0, 810324.0, 810324.0, 810324.0, 810324.0, 810324.0, 810324.0, 810324.0, 810324.0, 810324.0, 810324.0, 810324.0, 810324.0, 810324.0, 810324.0, 810324.0, 810324.0, 810324.0, 810324.0, 810324.0, 810324.0, 810324.0, 810324.0, 810324.0, 810324.0, 810324.0, 810324.0, 810324.0, 810324.0, 810324.0, 810324.0, 810324.0, 810324.0, 810324.0, 810324.0, 810324.0, 810324.0, 810324.0, 810324.0, 810324.0, 810324.0, 810324.0, 810324.0, 810324.0, 810324.0, 810324.0, 810324.0, 810324.0, 810324.0, 810324.0, 810324.0, 810324.0, 810324.0, 810324.0, 810324.0, 810324.0, 810324.0, 810324.0, 810324.0, 810324.0, 810324.0, 810324.0, 810324.0, 810324.0, 810324.0, 810324.0, 810324.0, 810324.0, 810324.0, 810324.0, 810324.0, 810324.0, 810324.0, 810324.0, 810324.0, 810324.0, 810324.0, 810324.0, 810324.0, 810324.0, 810324.0, 810324.0, 810324.0, 810324.0, 810324.0, 810324.0, 810324.0, 810324.0, 810324.0, 810324.0, 810324.0, 810324.0, 810324.0, 810324.0, 810324.0, 
28542.056574052098, 13339.236521580917, 13339.236521580917, 13339.236521580917, 13339.236521580917, 13339.236521580917, 13339.236521580917, 13339.236521580917, 9230.513997389304, 9230.513997389304, 6514.92456381932, 6514.92456381932, 6514.92456381932, 5192.651352214373, 3869.012385588619, 1993.0481743107048, 1993.0481743107048, 1862.660313636702, 1862.660313636702, 1754.2237020688387, 1754.2237020688387, 1754.2237020688387, 675.2556834364021, 675.2556834364021, 650.7225225976704, 650.7225225976704, 650.7225225976704, 650.7225225976704, 501.1237472472727, 501.1237472472727, 162.77754563696644, 162.77754563696644, 129.63076151941408, 129.63076151941408, 129.63076151941408, 127.86898683105109, 127.86898683105109, 107.21876440011238, 107.21876440011238, 107.21876440011238, 86.45688940985694, 86.45688940985694, 86.45688940985694, 62.44872776275016, 62.44872776275016, 62.44872776275016, 62.44872776275016, 62.44872776275016, 59.112306283739144, 59.112306283739144, 59.112306283739144, 59.112306283739144, 59.112306283739144, 59.112306283739144, 55.48665442461935, 39.52993146185942, 39.52993146185942, 39.52993146185942, 39.52993146185942, 39.52993146185942, 39.52993146185942, 38.03993030950076, 33.44385430526624, 33.44385430526624, 33.44385430526624, 33.44385430526624, 33.44385430526624, 33.44385430526624, 33.44385430526624, 33.44385430526624, 27.82339221359812, 27.82339221359812, 27.82339221359812, 27.82339221359812, 27.82339221359812, 27.82339221359812, 27.82339221359812, 27.82339221359812, 27.82339221359812, 27.820731709090012, 27.602355278435198, 25.274226851426686, 24.83882092429572, 24.83882092429572, 24.83882092429572, 24.83882092429572, 24.835262392405273, 24.835262392405273, 24.835262392405273, 24.835262392405273, 24.835262392405273, 125784.40846654023, 125784.40846654023, 218485.86358359532, 187611.17230457233, 324167.77559594804, 400313.7905885527, 400313.7905885527, 400313.7905885527, 454988.86568986194, 454988.86568986194, 432548.61081606377, 467877.84494476713, 467877.84494476713, 544881.4099672318, 544881.4099672318, 560143.4766151404, 560143.4766151404, 591491.0085704916, 612457.880648536, 598592.2120316037, 653246.949805549, 653246.949805549, 751798.5995782975, 751798.5995782975, 751798.5995782975, 705488.4870344677, 752176.7344685587, 752176.7344685587, 790056.8433861875, 790056.8433861875, 790056.8433861875, 790056.8433861875, 790056.8433861875, 790056.8433861875, 799897.5144602775, 799897.5144602775, 796609.0237366668, 798422.857024925, 798422.857024925, 798422.857024925, 810324.0, 810324.0, 810324.0, 810324.0, 810324.0, 810324.0, 810324.0, 810324.0, 810324.0, 810324.0, 810324.0, 810324.0, 810324.0, 810324.0, 810324.0, 810324.0, 810324.0, 810324.0, 810324.0, 810324.0, 810324.0, 810324.0, 810324.0, 810324.0, 810324.0, 810324.0, 810324.0, 810324.0, 810324.0, 810324.0, 810324.0, 810324.0, 810324.0, 810324.0, 810324.0, 810324.0, 810324.0, 810324.0, 810324.0, 810324.0, 810324.0, 810324.0, 810324.0, 810324.0, 810324.0, 810324.0, 810324.0, 810324.0, 810324.0, 810324.0, 810324.0, 810324.0, 810324.0, 810324.0, 810324.0, 810324.0, 810324.0, 810324.0, 810324.0, 810324.0, 810324.0, 810324.0, 810324.0, 810324.0, 810324.0, 810324.0, 810324.0, 810324.0, 810324.0, 810324.0, 810324.0, 810324.0, 810324.0, 810324.0, 810324.0, 810324.0, 810324.0, 810324.0, 810324.0, 810324.0, 810324.0, 810324.0, 810324.0, 810324.0, 810324.0, 810324.0, 810324.0, 810324.0, 810324.0, 810324.0, 810324.0, 810324.0, 810324.0, 810324.0, 810324.0, 810324.0, 810324.0, 810324.0, 810324.0, 810324.0, 810324.0, 810324.0, 810324.0, 810324.0, 810324.0, 810324.0, 810324.0, 810324.0, 810324.0, 810324.0, 810324.0, 810324.0, 810324.0, 810324.0, 810324.0, 810324.0, 810324.0, 810324.0, 810324.0, 810324.0, 810324.0, 810324.0, 810324.0, 810324.0, 810324.0, 810324.0, 810324.0, 810324.0, 810324.0, 810324.0, 810324.0, 810324.0, 810324.0, 810324.0, 810324.0, 810324.0, 810324.0, 810324.0, 810324.0, 810324.0, 810324.0, 810324.0, 810324.0, 810324.0, 810324.0, 810324.0, 810324.0, 810324.0, 810324.0, 810324.0, 810324.0, 810324.0, 810324.0, 810324.0, 810324.0, 810324.0, 810324.0, 810324.0, 810324.0, 810324.0, 810324.0, 810324.0, 810324.0, 810324.0, 810324.0, 810324.0, 810324.0, 810324.0, 810324.0, 810324.0, 810324.0, 810324.0, 810324.0, 810324.0, 810324.0, 810324.0, 810324.0, 810324.0, 810324.0, 810324.0, 810324.0, 810324.0, 810324.0, 810324.0, 810324.0, 810324.0, 810324.0, 810324.0, 810324.0, 810324.0, 810324.0, 810324.0, 810324.0, 810324.0, 810324.0, 810324.0, 810324.0, 810324.0, 810324.0, 810324.0, 810324.0, 810324.0, 810324.0, 810324.0, 810324.0, 810324.0, 810324.0, 810324.0, 810324.0, 810324.0, 810324.0, 810324.0, 810324.0, 810324.0, 810324.0, 810324.0, 810324.0, 810324.0, 810324.0, 810324.0, 810324.0, 810324.0, 810324.0, 810324.0, 810324.0, 810324.0, 810324.0, 810324.0, 810324.0, 810324.0, 810324.0, 810324.0, 810324.0, 810324.0, 810324.0, 810324.0, 810324.0, 810324.0, 810324.0, 810324.0, 810324.0, 810324.0, 810324.0, 810324.0, 810324.0, 810324.0, 810324.0, 810324.0, 810324.0, 810324.0, 810324.0, 810324.0, 810324.0, 810324.0, 810324.0, 810324.0, 810324.0, 810324.0, 810324.0, 810324.0, 810324.0, 810324.0, 810324.0, 810324.0, 810324.0, 810324.0, 810324.0, 810324.0, 810324.0, 810324.0, 810324.0, 810324.0, 810324.0, 810324.0, 810324.0, 810324.0, 810324.0, 810324.0, 810324.0, 810324.0, 810324.0, 810324.0, 810324.0, 810324.0, 810324.0, 810324.0, 810324.0, 810324.0, 810324.0, 810324.0, 810324.0, 810324.0, 810324.0, 810324.0, 810324.0, 810324.0, 810324.0, 810324.0, 810324.0, 810324.0, 810324.0, 810324.0, 810324.0, 810324.0, 810324.0, 810324.0, 810324.0, 810324.0, 810324.0, 810324.0, 810324.0, 810324.0, 810324.0, 810324.0, 810324.0, 810324.0, 810324.0, 810324.0, 810324.0, 810324.0, 810324.0, 810324.0, 810324.0, 810324.0, 810324.0, 810324.0, 810324.0, 810324.0, 810324.0, 810324.0, 810324.0, 810324.0, 810324.0, 810324.0, 810324.0, 810324.0, 810324.0, 810324.0, 810324.0, 810324.0, 810324.0, 810324.0, 810324.0, 810324.0, 810324.0, 810324.0, 810324.0, 810324.0, 810324.0, 810324.0, 810324.0, 810324.0, 810324.0, 810324.0, 810324.0, 810324.0, 810324.0, 810324.0, 810324.0, 810324.0, 810324.0, 810324.0, 810324.0, 810324.0, 810324.0, 810324.0, 810324.0, 810324.0, 810324.0, 810324.0, 810324.0, 810324.0, 810324.0, 810324.0, 810324.0, 810324.0, 810324.0, 810324.0, 810324.0, 810324.0, 810324.0, 810324.0, 810324.0, 810324.0, 810324.0, 810324.0, 810324.0, 810324.0, 810324.0, 810324.0, 810324.0, 810324.0, 810324.0, 810324.0, 810324.0, 810324.0, 810324.0, 810324.0, 810324.0, 810324.0, 810324.0, 810324.0, 810324.0, 810324.0, 810324.0, 810324.0, 810324.0, 810324.0, 810324.0, 810324.0, 810324.0, 810324.0, 810324.0, 810324.0, 810324.0, 810324.0, 810324.0, 810324.0, 810324.0, 810324.0, 810324.0, 810324.0, 810324.0, 810324.0, 810324.0, 810324.0, 810324.0, 810324.0, 810324.0, 810324.0, 810324.0, 810324.0, 810324.0, 810324.0, 810324.0, 810324.0, 810324.0, 810324.0, 810324.0, 810324.0, 810324.0, 810324.0, 810324.0, 810324.0, 810324.0, 810324.0, 810324.0, 810324.0, 810324.0, 810324.0, 810324.0, 810324.0, 810324.0, 810324.0, 810324.0, 810324.0, 810324.0, 810324.0, 810324.0, 793543.7452875677, 793543.7452875677, 793543.7452875677, 793543.7452875677, 793543.7452875677, 793543.7452875677, 793543.7452875677, 793543.7452875677, 793543.7452875677, 793543.7452875677, 793543.7452875677, 793543.7452875677, 793543.7452875677, 793543.7452875677, 793543.7452875677, 793543.7452875677, 793543.7452875677, 793543.7452875677, 793543.7452875677, 793543.7452875677, 793543.7452875677, 793543.7452875677, 793543.7452875677, 793543.7452875677, 793543.7452875677, 793543.7452875677, 793543.7452875677, 793543.7452875677, 793543.7452875677, 793543.7452875677, 793543.7452875677, 793543.7452875677, 793543.7452875677, 793543.7452875677, 793543.7452875677, 793543.7452875677, 795877.3522383714, 798037.9518309853, 798037.9518309853, 804048.0423341636, 804048.0423341636, 810324.0, 810324.0, 810324.0, 810324.0, 810324.0, 810324.0, 810324.0, 810324.0, 810324.0, 810324.0, 810324.0, 810324.0, 810324.0, 810324.0, 810324.0, 810324.0, 810324.0, 810324.0, 810324.0, 810324.0, 810324.0, 810324.0, 810324.0, 810324.0, 810324.0, 810324.0, 810324.0, 810324.0, 810324.0, 810324.0, 810324.0, 810324.0, 810324.0, 810324.0, 810324.0, 810324.0, 810324.0, 810324.0, 810324.0, 810324.0, 810324.0, 810324.0, 810324.0, 810324.0, 810324.0, 810324.0, 810324.0, 810324.0, 810324.0, 810324.0, 810324.0, 810324.0, 810324.0, 810324.0, 810324.0, 810324.0, 810324.0, 810324.0, 810324.0, 810324.0, 810324.0, 810324.0, 810324.0, 810324.0, 810324.0, 810324.0, 810324.0, 810324.0, 810324.0, 810324.0, 810324.0, 810324.0, 810324.0, 810324.0, 810324.0, 810324.0, 810324.0, 810324.0, 810324.0, 810324.0, 810324.0, 810324.0, 810324.0, 810324.0, 810324.0, 810324.0, 810324.0, 810324.0, 810324.0, 810324.0, 810324.0, 810324.0, 810324.0, 810324.0, 810324.0, 810324.0, 810324.0, 810324.0, 810324.0, 810324.0, 810324.0, 810324.0, 810324.0, 810324.0, 810324.0, 810324.0, 810324.0, 810324.0, 810324.0, 810324.0, 810324.0, 810324.0, 810324.0, 810324.0, 810324.0, 810324.0, 810324.0, 810324.0, 810324.0, 810324.0, 810324.0, 810324.0, 810324.0, 810324.0, 810324.0, 810324.0, 810324.0, 810324.0, 810324.0, 810324.0, 810324.0, 810324.0, 810324.0, 810324.0, 810324.0, 810324.0, 810324.0, 810324.0, 810324.0, 810324.0, 810324.0, 810324.0, 810324.0, 810324.0, 810324.0, 810324.0, 810324.0, 810324.0, 810324.0, 810324.0, 810324.0, 810324.0, 810324.0, 810324.0, 810324.0, 810324.0, 810324.0, 810324.0, 810324.0, 810324.0, 810324.0, 810324.0, 810324.0, 810324.0, 810324.0, 810324.0, 810324.0, 810324.0, 810324.0, 810324.0, 810324.0, 810324.0, 810324.0, 810324.0, 810324.0, 810324.0, 810324.0, 810324.0, 810324.0, 810324.0, 810324.0, 810324.0, 810324.0, 810324.0, 810324.0, 810324.0, 810324.0, 810324.0, 810324.0, 810324.0, 810324.0, 810324.0, 810324.0, 810324.0, 810324.0, 810324.0, 810324.0, 810324.0, 810324.0, 810324.0, 810324.0, 810324.0, 810324.0, 810324.0, 810324.0, 810324.0, 810324.0, 810324.0, 810324.0, 810324.0, 810324.0, 810324.0, 810324.0, 810324.0, 810324.0, 810324.0, 810324.0, 810324.0, 810324.0, 810324.0, 810324.0, 810324.0, 810324.0, 810324.0, 810324.0, 810324.0, 810324.0, 810324.0, 810324.0, 810324.0, 810324.0, 810324.0, 810324.0, 810324.0, 810324.0, 810324.0, 810324.0, 810324.0, 810324.0, 810324.0, 810324.0, 810324.0, 810324.0, 810324.0, 810324.0, 810324.0, 810324.0, 810324.0, 810324.0, 810324.0, 810324.0, 810324.0, 810324.0, 810324.0, 810324.0, 810324.0, 810324.0, 810324.0, 810324.0, 810324.0, 810324.0, 810324.0, 810324.0, 810324.0, 810324.0, 810324.0, 810324.0, 810324.0, 810324.0, 810324.0, 810324.0, 810324.0, 810324.0, 810324.0, 810324.0, 810324.0, 810324.0, 810324.0, 810324.0, 810324.0, 810324.0, 810324.0, 810324.0, 810324.0, 810324.0, 810324.0, 810324.0, 810324.0, 810324.0, 810324.0, 810324.0, 810324.0, 810324.0, 810324.0, 810324.0, 810324.0, 810324.0, 810324.0, 810324.0, 810324.0, 810324.0, 810324.0, 810324.0, 810324.0, 810324.0, 810324.0, 810324.0, 810324.0, 810324.0, 810324.0, 810324.0, 810324.0, 810324.0, 810324.0, 810324.0, 810324.0, 810324.0, 810324.0, 810324.0, 810324.0, 810324.0, 810324.0, 809885.9053798111, 809885.9053798111, 809885.9053798111, 809885.9053798111, 809885.9053798111, 809885.9053798111, 809885.9053798111, 809885.9053798111, 809885.9053798111, 809885.9053798111, 809885.9053798111, 809885.9053798111, 809885.9053798111, 809885.9053798111, 809885.9053798111, 809885.9053798111, 809885.9053798111, 809885.9053798111, 809885.9053798111, 809885.9053798111, 809885.9053798111, 809885.9053798111, 809885.9053798111, 809885.9053798111, 809885.9053798111, 809885.9053798111, 809885.9053798111, 809885.9053798111, 809885.9053798111, 809885.9053798111, 809885.9053798111, 809885.9053798111, 809885.9053798111, 809885.9053798111, 809885.9053798111, 809885.9053798111, 809885.9053798111, 809885.9053798111, 809885.9053798111, 809885.9053798111, 809885.9053798111, 810324.0, 810324.0, 810324.0, 810324.0, 810324.0, 810324.0, 810324.0, 810324.0, 810324.0, 810324.0, 810324.0, 810324.0, 810324.0, 810324.0, 810324.0, 810324.0, 810324.0, 810324.0, 810324.0, 810324.0, 810324.0, 810324.0, 810324.0, 810324.0, 810324.0, 810324.0, 810324.0, 810324.0, 810324.0, 810324.0, 810324.0, 810324.0, 810324.0, 810324.0, 810324.0, 810324.0, 810324.0, 810324.0, 810324.0, 810324.0, 810324.0, 810324.0, 810324.0, 810324.0, 810324.0, 810324.0, 810324.0, 810324.0, 810324.0, 810324.0, 810324.0, 810324.0, 810324.0, 810324.0, 810324.0, 810324.0, 810324.0, 810324.0, 810324.0, 810324.0, 810324.0, 810324.0, 810324.0, 810324.0, 810324.0, 810324.0, 810324.0, 810324.0, 810324.0, 810324.0, 810324.0, 810324.0, 810324.0, 810324.0, 810324.0, 810324.0, 810324.0, 810324.0, 810324.0, 810324.0, 810324.0, 810324.0, 810324.0, 810324.0, 810324.0, 810324.0, 810324.0, 810324.0, 810324.0, 810324.0, 810324.0, 810324.0, 810324.0, 810324.0, 810324.0, 810324.0, 810324.0, 810324.0, 810324.0, 810324.0, 810324.0, 810324.0, 810324.0, 810324.0, 810324.0, 810324.0, 810324.0, 810324.0, 810324.0, 810324.0, 810324.0, 810324.0, 810324.0, 810324.0, 810324.0, 810324.0, 810324.0, 810324.0, 810324.0, 810324.0, 810324.0, 810324.0, 810324.0, 810324.0, 810324.0, 810324.0, 810324.0, 810324.0, 810324.0, 810324.0, 810324.0, 810324.0, 810324.0, 810324.0, 810324.0, 810324.0, 810324.0, 810324.0, 810324.0, 810324.0, 810324.0, 810324.0, 810324.0, 810324.0, 810324.0, 810324.0, 810324.0, 810324.0, 810324.0, 810324.0, 810324.0, 810324.0, 810324.0, 810324.0, 810324.0, 810324.0, 810324.0, 810324.0, 810324.0, 810324.0, 810324.0, 810324.0, 810324.0, 810324.0, 810324.0, 810324.0, 810324.0, 810324.0, 810324.0, 810324.0, 810324.0, 810324.0, 810324.0, 810324.0, 810324.0, 810324.0, 810324.0, 810324.0, 810324.0, 810324.0, 810324.0, 810324.0, 810324.0, 810324.0, 810324.0, 810324.0, 810324.0, 810324.0, 810324.0, 810324.0, 810324.0, 810324.0, 810324.0, 810324.0, 810324.0, 810324.0, 810324.0, 810324.0, 810324.0, 810324.0, 810324.0, 810324.0, 810324.0, 810324.0, 810324.0, 810324.0, 810324.0, 810324.0, 810324.0, 810324.0, 810324.0, 810324.0, 810324.0, 810324.0, 810324.0, 810324.0, 810324.0, 810324.0, 810324.0, 810324.0, 810324.0, 810324.0, 810324.0, 810324.0, 810324.0, 810324.0, 810324.0, 810324.0, 810324.0, 810324.0, 810324.0, 810324.0, 810324.0, 810324.0, 810324.0, 810324.0, 810324.0, 810324.0, 810324.0, 810324.0, 810324.0, 810324.0, 810324.0, 810324.0, 810324.0, 810324.0, 810324.0, 810324.0, 810324.0, 810324.0, 810324.0, 810324.0, 810324.0, 810324.0, 810324.0, 810324.0, 810324.0, 810324.0, 810324.0, 810324.0, 810324.0, 810324.0, 810324.0, 810324.0, 810324.0, 810324.0, 810324.0, 810324.0, 810324.0, 810324.0, 810324.0, 810324.0, 810324.0, 810324.0, 810324.0, 810324.0, 810324.0, 810324.0, 810324.0, 810324.0, 810324.0, 810324.0, 810324.0, 810324.0, 810324.0, 810324.0, 810324.0, 810324.0, 810324.0, 810324.0, 810324.0, 810324.0, 810324.0, 810324.0, 810324.0, 810324.0, 810324.0, 810324.0, 810324.0, 810324.0, 810324.0, 810324.0, 810324.0, 810324.0, 810324.0, 810324.0, 810324.0, 810324.0, 810324.0, 810324.0, 810324.0, 810324.0, 810324.0, 810324.0, 810324.0, 810324.0, 810324.0, 810324.0, 810324.0, 810324.0, 810324.0, 810324.0, 810324.0, 810324.0, 810324.0, 810324.0, 810324.0, 810324.0, 810324.0, 810324.0, 810324.0, 810324.0, 810324.0, 810324.0, 810324.0, 810324.0, 810324.0, 810324.0, 810324.0, 810324.0, 810324.0, 810324.0, 810324.0, 810324.0, 810324.0, 810324.0, 810324.0, 810324.0, 810324.0, 810324.0, 810324.0, 810324.0, 810324.0, 810324.0, 810324.0, 810324.0, 810324.0, 810324.0, 810324.0, 810324.0, 810324.0, 810324.0, 810324.0, 810324.0, 810324.0, 810324.0, 810324.0, 810324.0, 810324.0, 810324.0, 810324.0, 810324.0, 810324.0, 810324.0, 810324.0, 810324.0, 810324.0, 810324.0, 810324.0, 810324.0, 810324.0, 810324.0, 810324.0, 810324.0, 810324.0, 810324.0, 810324.0, 810324.0, 810324.0, 810324.0, 810324.0, 810324.0, 810324.0, 810324.0, 810324.0, 810324.0, 810324.0, 810324.0, 810324.0, 810324.0, 810324.0, 810324.0, 810324.0, 810324.0, 810324.0, 810324.0, 810324.0, 810324.0, 810324.0, 810324.0, 810324.0, 810324.0, 810324.0, 810324.0, 810324.0, 810324.0, 810324.0, 810324.0, 810324.0, 810324.0, 810324.0, 810324.0, 810324.0, 810324.0, 810324.0, 810324.0, 810324.0, 810324.0, 810324.0, 810324.0, 810324.0, 810324.0, 810324.0, 810324.0, 810324.0, 810324.0, 810324.0, 810324.0, 810324.0, 810324.0, 810324.0, 810324.0, 810324.0, 810324.0, 810324.0, 810324.0, 810324.0, 810324.0, 810324.0, 810324.0, 810324.0, 810324.0, 810324.0, 810324.0, 810324.0, 810324.0, 810324.0, 810324.0, 810324.0, 810324.0, 810324.0, 810324.0, 810324.0, 810324.0, 810324.0, 810324.0, 810324.0, 810324.0, 810324.0, 810324.0, 810324.0, 810324.0, 810324.0, 810324.0, 810324.0, 810324.0, 810324.0, 810324.0, 810324.0, 810324.0, 810324.0, 810324.0, 810324.0, 810324.0, 810324.0, 810324.0, 810324.0, 810324.0, 810324.0, 810324.0, 810324.0, 810324.0, 810324.0, 810324.0, 810324.0, 810324.0, 810324.0, 810324.0, 810324.0, 810324.0, 810324.0, 810324.0, 810324.0, 810324.0, 810324.0, 810324.0, 810324.0, 810324.0, 810324.0, 810324.0, 810324.0, 810324.0, 810324.0, 810324.0, 810324.0, 810324.0, 810324.0, 810324.0, 810324.0, 810324.0, 810324.0, 810324.0, 810324.0, 810324.0, 810324.0, 810324.0, 810324.0, 810324.0, 810324.0, 810324.0, 810324.0, 810324.0, 810324.0, 810324.0, 810324.0, 810324.0, 810324.0, 810324.0, 810324.0, 810324.0, 810324.0, 810324.0, 810324.0, 810324.0, 810324.0, 810324.0, 810324.0, 810324.0, 810324.0, 810324.0, 810324.0, 810324.0, 810324.0, 810324.0, 810324.0, 810324.0, 810324.0, 810324.0, 810324.0, 810324.0, 810324.0, 810324.0, 810324.0, 810324.0, 810324.0, 810324.0, 810324.0, 810324.0, 810324.0, 810324.0, 810324.0, 810324.0, 810324.0, 810324.0, 810324.0, 810324.0, 810324.0, 810324.0, 810324.0, 810324.0, 810324.0, 810324.0, 810324.0, 810324.0, 810324.0, 810324.0, 810324.0, 810324.0, 810324.0, 810324.0, 810324.0, 810324.0, 810324.0, 810324.0, 810324.0, 810324.0, 810324.0, 810324.0, 810324.0, 810324.0, 810324.0, 810324.0, 810324.0, 810324.0, 810324.0, 810324.0, 810324.0, 810324.0, 810324.0, 810324.0, 810324.0, 810324.0, 810324.0, 810324.0, 810324.0, 810324.0, 810324.0, 810324.0, 810324.0, 810324.0, 810324.0, 810324.0, 810324.0, 810324.0, 810324.0, 810324.0, 810324.0, 810324.0, 810324.0, 810324.0, 810324.0, 810324.0, 810324.0, 810324.0, 810324.0, 810324.0, 810324.0, 810324.0, 810324.0, 810324.0, 810324.0, 810324.0, 810324.0, 810324.0, 810324.0, 810324.0, 810324.0, 810324.0, 810324.0, 810324.0, 810324.0, 810324.0, 810324.0, 810324.0, 810324.0, 810324.0, 810324.0, 810324.0, 810324.0, 810324.0, 810324.0, 810324.0, 810324.0, 810324.0, 810324.0, 810324.0, 810324.0, 810324.0, 810324.0, 810324.0, 810324.0, 810324.0, 810324.0, 810324.0, 810324.0, 810324.0, 810324.0, 810324.0, 810324.0, 810324.0, 810324.0, 810324.0, 810324.0, 810324.0, 810324.0, 810324.0, 810324.0, 810324.0, 810324.0, 810324.0, 810324.0, 810324.0, 810324.0, 810324.0, 810324.0, 810324.0, 810324.0, 810324.0, 810324.0, 810324.0, 810324.0, 810324.0, 810324.0, 810324.0, 810324.0, 810324.0, 810324.0, 810324.0, 810324.0, 810324.0, 810324.0, 810324.0, 810324.0, 810324.0, 810324.0, 810324.0, 810324.0, 810324.0, 810324.0, 810324.0, 810324.0, 810324.0, 810324.0, 810324.0, 810324.0, 810324.0, 810324.0, 810324.0, 810324.0, 810324.0, 810324.0, 810324.0, 810324.0, 810324.0, 810324.0, 810324.0, 810324.0, 810324.0, 810324.0, 810324.0, 810324.0, 810324.0, 810324.0, 810324.0, 810324.0, 810324.0, 810324.0, 810324.0, 810324.0, 810324.0, 810324.0, 810324.0, 810324.0, 810324.0, 810324.0, 810324.0, 810324.0, 810324.0, 810324.0, 810324.0, 810324.0, 810324.0, 810324.0, 810324.0, 810324.0, 810324.0, 810324.0, 810324.0, 810324.0, 810324.0, 810324.0, 810324.0, 810324.0, 810324.0, 810324.0, 810324.0, 810324.0, 810324.0, 810324.0, 810324.0, 810324.0, 810324.0, 810324.0, 810324.0, 810324.0, 810324.0, 810324.0, 810324.0, 810324.0, 810324.0, 810324.0, 810324.0, 810324.0, 810324.0, 810324.0, 810324.0, 810324.0, 810324.0, 810324.0, 810324.0, 810324.0, 810324.0, 810324.0, 810324.0, 810324.0, 810324.0, 810324.0, 810324.0, 810324.0, 810324.0, 810324.0, 810324.0, 810324.0, 810324.0, 810324.0, 810324.0, 810324.0, 810324.0, 810324.0, 810324.0, 810324.0, 810324.0, 810324.0, 810324.0, 810324.0, 810324.0, 810324.0, 810324.0, 810324.0, 810324.0, 810324.0, 810324.0, 810324.0, 810324.0, 810324.0, 810324.0, 810324.0, 810324.0, 810324.0, 810324.0, 810324.0, 810324.0, 810324.0, 810324.0, 810324.0, 810324.0, 810324.0, 810324.0, 810324.0, 810324.0, 810324.0, 810324.0, 810324.0, 810324.0, 810324.0, 810324.0, 810324.0, 810324.0, 810324.0, 810324.0, 810324.0, 810324.0, 810324.0, 810324.0, 810324.0, 810324.0, 810324.0, 809578.136371243, 809578.136371243, 809578.136371243, 809578.136371243, 809578.136371243, 809578.136371243, 809578.136371243, 809578.136371243, 809578.136371243, 809578.136371243, 809578.136371243, 809578.136371243, 809578.136371243, 809578.136371243, 809578.136371243, 809578.136371243, 809578.136371243, 809578.136371243, 809578.136371243, 809578.136371243, 809578.136371243, 809578.136371243, 809578.136371243, 809578.136371243, 809578.136371243, 809578.136371243, 809578.136371243, 809578.136371243, 809578.136371243, 809578.136371243, 809578.136371243, 809578.136371243, 809578.136371243, 809578.136371243, 810324.0, 810324.0, 810324.0, 810324.0, 810324.0, 810324.0, 810324.0, 810324.0, 810324.0, 810324.0, 810324.0, 810324.0, 810324.0, 810324.0, 810324.0, 810324.0, 810324.0, 810324.0, 810324.0, 810324.0, 810324.0, 810324.0, 810324.0, 810324.0, 810324.0, 810324.0, 810324.0, 810324.0, 810324.0, 810324.0, 810324.0, 810324.0, 810324.0, 810324.0, 810324.0, 810324.0, 810324.0, 810324.0, 810324.0, 810324.0, 810324.0, 810324.0, 810324.0, 810324.0, 810324.0, 810324.0, 810324.0, 810324.0, 810324.0, 810324.0, 810324.0, 810324.0, 810324.0, 810324.0, 810324.0, 810324.0, 810324.0, 810324.0, 810324.0, 810324.0, 810324.0, 810324.0, 810324.0, 810324.0, 810324.0, 810324.0, 810324.0, 810324.0, 810324.0, 810324.0, 810324.0, 810324.0, 810324.0, 810324.0, 810324.0, 810324.0, 810324.0, 810324.0, 810324.0, 810324.0, 810324.0, 810324.0, 810324.0, 810324.0, 810324.0, 810324.0, 810324.0, 810324.0, 810324.0, 810324.0, 810324.0, 810324.0, 810324.0, 810324.0, 810324.0, 810324.0, 810324.0, 810324.0, 810324.0, 810324.0, 810324.0, 810324.0, 810324.0, 810324.0, 810324.0, 810324.0, 810324.0, 810324.0, 810324.0, 810324.0, 810324.0, 810324.0, 810324.0, 810324.0, 810324.0, 810324.0, 810324.0, 810324.0, 810324.0, 810324.0, 810324.0, 810324.0, 810324.0, 810324.0, 810324.0, 810324.0, 810324.0, 810324.0, 810324.0, 810324.0, 810324.0, 810324.0, 810324.0, 810324.0, 810324.0, 810324.0, 810324.0, 810324.0, 810324.0, 810324.0, 810324.0, 810324.0, 810324.0, 810324.0, 810324.0, 810324.0, 810324.0, 810324.0, 810324.0, 810324.0, 810324.0, 810324.0, 810324.0, 810324.0, 810324.0, 810324.0, 810324.0, 810324.0, 810324.0, 810324.0, 810324.0, 810324.0, 810324.0, 810324.0, 810324.0, 810324.0, 810324.0, 810324.0, 810324.0, 810324.0, 810324.0, 810324.0, 810324.0, 810324.0, 810324.0, 810324.0, 810324.0, 810324.0, 810324.0, 810324.0, 810324.0, 810324.0, 810324.0, 810324.0, 810324.0, 810324.0, 810324.0, 810324.0, 810324.0, 810324.0, 810324.0, 810324.0, 810324.0, 810324.0, 810324.0, 810324.0, 810324.0, 810324.0, 810324.0, 810324.0, 810324.0, 810324.0, 810324.0, 810324.0, 810324.0, 810324.0, 810324.0, 810324.0, 810324.0, 810324.0, 810324.0, 810324.0, 810324.0, 810324.0, 810324.0, 810324.0, 810324.0, 810324.0, 810324.0, 810324.0, 810324.0, 810324.0, 810324.0, 810324.0, 810324.0, 810324.0, 810324.0, 810324.0, 810324.0, 810324.0, 810324.0, 810324.0, 810324.0, 810324.0, 810324.0, 810324.0, 810324.0, 810324.0, 810324.0, 810324.0, 810324.0, 810324.0, 810324.0, 810324.0, 810324.0, 810324.0, 810324.0, 810324.0, 810324.0, 810324.0, 810324.0, 810324.0, 810324.0, 810324.0, 810324.0, 810324.0, 810324.0, 810324.0, 810324.0, 810324.0, 810324.0, 810324.0, 810324.0, 810324.0, 810324.0, 810324.0, 810324.0, 810324.0, 810324.0, 810324.0, 810324.0, 810324.0, 810324.0, 810324.0, 810324.0, 810324.0, 810324.0, 810324.0, 810324.0, 810324.0, 810324.0, 810324.0, 810324.0, 810324.0, 810324.0, 810324.0, 810324.0, 810324.0, 810324.0, 810324.0, 810324.0, 810324.0, 810324.0, 810324.0, 810324.0, 810324.0, 810324.0, 810324.0, 810324.0, 810324.0, 810324.0, 810324.0, 810324.0, 810324.0, 810324.0, 810324.0, 810324.0, 810324.0, 810324.0, 810324.0, 810324.0, 810324.0, 810324.0, 810324.0, 810324.0, 810324.0, 810324.0, 810324.0, 810324.0, 810324.0, 810324.0, 810324.0, 810324.0, 810324.0, 810324.0, 810324.0, 810324.0, 810324.0, 810324.0, 810324.0, 810324.0, 810324.0, 810324.0, 810324.0, 810324.0, 810324.0, 810324.0, 810324.0, 810324.0, 810324.0, 810324.0, 810324.0, 810324.0, 810324.0, 810324.0, 810324.0, 810324.0, 810324.0, 810324.0, 810324.0, 810324.0, 810324.0, 810324.0, 810324.0, 810324.0, 810324.0, 810324.0, 810324.0, 810324.0, 810324.0, 810324.0, 810324.0, 810324.0, 810324.0, 810324.0, 810324.0, 810324.0, 810324.0, 810324.0, 810324.0, 810324.0, 810324.0, 810324.0, 810324.0, 810324.0, 810324.0, 810324.0, 810324.0, 810324.0, 810324.0, 810324.0, 810324.0, 810324.0, 810324.0, 810324.0, 810324.0, 810324.0, 810324.0, 810324.0, 810324.0, 810324.0, 810324.0, 810324.0, 810324.0, 810324.0, 810324.0, 810324.0, 810324.0, 810324.0, 810324.0, 810324.0, 810324.0, 810324.0, 810324.0, 810324.0, 810324.0, 810324.0, 810324.0, 810324.0, 810324.0, 810324.0, 810324.0, 810324.0, 810324.0, 810324.0, 810324.0, 810324.0, 810324.0, 810324.0, 810324.0, 810324.0, 810324.0, 810324.0, 810324.0, 810324.0, 810324.0, 810324.0, 810324.0, 810324.0, 810324.0, 810324.0, 810324.0, 810324.0, 810324.0, 810324.0, 810324.0, 810324.0, 810324.0, 810324.0, 810324.0, 810324.0, 810324.0, 810324.0, 810324.0, 810324.0, 810324.0, 810324.0, 810324.0, 810324.0, 810324.0, 810324.0, 810324.0, 810324.0, 810324.0, 810324.0, 810324.0, 810324.0, 810324.0, 810324.0, 810324.0, 810324.0, 810324.0, 810324.0, 810324.0, 810324.0, 810324.0, 810324.0, 810324.0, 810324.0, 810324.0, 810324.0, 810324.0, 810324.0, 810324.0, 810324.0, 810324.0, 810324.0, 810324.0, 810324.0, 810324.0, 810324.0, 810324.0, 810324.0, 810324.0, 810324.0, 810324.0, 810324.0, 810324.0, 810324.0, 810324.0, 810324.0, 810324.0, 810324.0, 810324.0, 810324.0, 810324.0, 810324.0, 810324.0, 810324.0, 810324.0, 810324.0, 810324.0, 810324.0, 810324.0, 810324.0, 810324.0, 810324.0, 810324.0, 810324.0, 810324.0, 810324.0, 810324.0, 810324.0, 810324.0, 810324.0, 810324.0, 810324.0, 810324.0, 810324.0, 810324.0, 810324.0, 810324.0, 810324.0, 810324.0, 810324.0, 810324.0, 810324.0, 810324.0, 810324.0, 810324.0, 810324.0, 810324.0, 810324.0, 810324.0, 810324.0, 810324.0, 810324.0, 810324.0, 810324.0, 810324.0, 810324.0, 810324.0, 810324.0, 810324.0, 810324.0, 810324.0, 810324.0, 810324.0, 810324.0, 810324.0, 810324.0, 810324.0, 810324.0, 810324.0, 810324.0, 810324.0, 810324.0, 810324.0, 810324.0, 810324.0, 810324.0, 810324.0, 810324.0, 810324.0, 810324.0, 810324.0, 810324.0, 810324.0, 810324.0, 810324.0, 810324.0, 810324.0, 810324.0, 810324.0, 810324.0, 810324.0, 810324.0, 810324.0, 810324.0, 810324.0, 810324.0, 810324.0, 810324.0, 810324.0, 810324.0, 810324.0, 810324.0, 810324.0, 810324.0, 810324.0, 810324.0, 810324.0, 810324.0, 810324.0, 810324.0, 810324.0, 810324.0, 810324.0, 810324.0, 810324.0, 810324.0, 810324.0, 810324.0, 810324.0, 810324.0, 810324.0, 810324.0, 810324.0, 810324.0, 810324.0, 810324.0, 810324.0, 810324.0, 810324.0, 810324.0, 810324.0, 810324.0, 810324.0, 810324.0, 810324.0, 810324.0, 810324.0, 810324.0, 810324.0, 810324.0, 810324.0, 810324.0, 810324.0, 810324.0, 810324.0, 810324.0, 810324.0, 810324.0, 810324.0, 810324.0, 810324.0, 810324.0, 810324.0, 810324.0, 810324.0, 810324.0, 810324.0, 810324.0, 810324.0, 810324.0, 810324.0, 810324.0, 810324.0, 810324.0, 810324.0, 810324.0, 810324.0, 810324.0, 810324.0, 810324.0, 810324.0, 810324.0, 810324.0, 810324.0, 810324.0, 810324.0, 810324.0, 810324.0, 810324.0, 810324.0, 810324.0, 810324.0, 810324.0, 810324.0, 810324.0, 810324.0, 810324.0, 810324.0, 810324.0, 810324.0, 810324.0, 810324.0, 810324.0, 810324.0, 810324.0, 810324.0, 810324.0, 810324.0, 810324.0, 810324.0, 810324.0, 810324.0, 810324.0, 810324.0, 810324.0, 810324.0, 810324.0, 810324.0, 810324.0, 810324.0, 810324.0, 810324.0, 810324.0, 810324.0, 810324.0, 810324.0, 810324.0, 810324.0, 810324.0, 810324.0, 810324.0, 810324.0, 810324.0, 810324.0, 810324.0, 810324.0, 810324.0, 810324.0, 810324.0, 810324.0, 810324.0, 810324.0, 810324.0, 810324.0, 810324.0, 810324.0, 810324.0, 810324.0, 810324.0, 810324.0, 810324.0, 810324.0, 810324.0, 810324.0, 810324.0, 810324.0, 810324.0, 810324.0, 810324.0, 810324.0, 810324.0, 810324.0, 810324.0, 810324.0, 810324.0, 810324.0, 810324.0, 810324.0, 810324.0, 810324.0, 810324.0, 810324.0, 810324.0, 810324.0, 810324.0, 810324.0, 810324.0, 810324.0, 810324.0, 810324.0, 810324.0, 810324.0, 810324.0, 810324.0, 810324.0, 810324.0, 810324.0, 810324.0, 810324.0, 810324.0, 810324.0, 810324.0, 810324.0, 810324.0, 810324.0, 810324.0, 810324.0, 810324.0, 810324.0, 810324.0, 810324.0, 810324.0, 810324.0, 810324.0, 810324.0, 810324.0, 810324.0, 810324.0, 810324.0, 810324.0, 810324.0, 810324.0, 810324.0, 810324.0, 810324.0, 810324.0, 810324.0, 810324.0, 810324.0, 810324.0, 810324.0, 810324.0, 810324.0, 810324.0, 810324.0, 810324.0, 810324.0, 810324.0, 810324.0, 810324.0, 810324.0, 810324.0, 810324.0, 810324.0, 810324.0, 810324.0, 810324.0, 810324.0, 810324.0, 810324.0, 810324.0, 810324.0, 810324.0, 810324.0, 810324.0, 810324.0, 810324.0, 810324.0, 810324.0, 810324.0, 810324.0, 810324.0, 810324.0, 810324.0, 806101.2857704355, 806101.2857704355, 806101.2857704355, 806101.2857704355, 806101.2857704355, 806101.2857704355, 806101.2857704355, 806101.2857704355, 806101.2857704355, 806101.2857704355, 806101.2857704355, 806101.2857704355, 806101.2857704355, 806101.2857704355, 806101.2857704355, 806101.2857704355, 806101.2857704355, 806101.2857704355, 806101.2857704355, 806101.2857704355, 806101.2857704355, 806101.2857704355, 806101.2857704355, 806101.2857704355, 806101.2857704355, 806101.2857704355, 806101.2857704355, 806101.2857704355, 806101.2857704355, 806101.2857704355, 806101.2857704355, 806101.2857704355, 806101.2857704355, 806101.2857704355, 806101.2857704355, 806101.2857704355, 806101.2857704355, 806101.2857704355, 807513.7450485503, 807513.7450485503, 809885.7128070847, 809885.7128070847, 810324.0, 810324.0, 810324.0, 810324.0, 810324.0, 810324.0, 810324.0, 810324.0, 810324.0, 810324.0, 810324.0, 810324.0, 810324.0, 810324.0, 810324.0, 810324.0, 810324.0, 810324.0, 810324.0, 810324.0, 810324.0, 810324.0, 810324.0, 810324.0, 810324.0, 810324.0, 810324.0, 810324.0, 810324.0, 810324.0, 810324.0, 810324.0, 810324.0, 810324.0, 810324.0, 810324.0, 810324.0, 810324.0, 810324.0, 810324.0, 810324.0, 810324.0, 810324.0, 810324.0, 810324.0, 810324.0, 810324.0, 810324.0, 810324.0, 810324.0, 810324.0, 810324.0, 810324.0, 810324.0, 810324.0, 810324.0, 810324.0, 810324.0, 810324.0, 810324.0, 810324.0, 810324.0, 810324.0, 810324.0, 810324.0, 810324.0, 810324.0, 810324.0, 810324.0, 810324.0, 810324.0, 810324.0, 810324.0, 810324.0, 810324.0, 810324.0, 810324.0, 810324.0, 810324.0, 810324.0, 810324.0, 810324.0, 810324.0, 810324.0, 810324.0, 810324.0, 810324.0, 810324.0, 810324.0, 810324.0, 810324.0, 810324.0, 810324.0, 810324.0, 810324.0, 810324.0, 810324.0, 810324.0, 810324.0, 810324.0, 810324.0, 810324.0, 810324.0, 810324.0, 810324.0, 810324.0, 810324.0, 810324.0, 810324.0, 810324.0, 810324.0, 810324.0, 810324.0, 810324.0, 810324.0, 810324.0, 810324.0, 810324.0, 810324.0, 810324.0, 810324.0, 810324.0, 810324.0, 810324.0, 810324.0, 810324.0, 810324.0, 810324.0, 810324.0, 810324.0, 810324.0, 810324.0, 810324.0, 810324.0, 810324.0, 810324.0, 810324.0, 810324.0, 810324.0, 810324.0, 810324.0, 810324.0, 810324.0, 810324.0, 810324.0, 810324.0, 810324.0, 810324.0, 810324.0, 810324.0, 810324.0, 810324.0, 810324.0, 810324.0, 810324.0, 810324.0, 810324.0, 810324.0, 810324.0, 810324.0, 810324.0, 810324.0, 810324.0, 810324.0, 810324.0, 810324.0, 810324.0, 810324.0, 810324.0, 810324.0, 810324.0, 810324.0, 810324.0, 810324.0, 810324.0, 810324.0, 810324.0, 810324.0, 810324.0, 810324.0, 810324.0, 810324.0, 810324.0, 810324.0, 810324.0, 810324.0, 810324.0, 810324.0, 810324.0, 810324.0, 810324.0, 810324.0, 810324.0, 810324.0, 810324.0, 810324.0, 810324.0, 810324.0, 810324.0, 810324.0, 810324.0, 810324.0, 810324.0, 810324.0, 810324.0, 810324.0, 810324.0, 810324.0, 810324.0, 810324.0, 810324.0, 810324.0, 810324.0, 810324.0, 810324.0, 810324.0, 810324.0, 810324.0, 810324.0, 810324.0, 810324.0, 810324.0, 810324.0, 810324.0, 810324.0, 810324.0, 810324.0, 810324.0, 810324.0, 810324.0, 810324.0, 810324.0, 810324.0, 810324.0, 810324.0, 810324.0, 810324.0, 810324.0, 810324.0, 810324.0, 810324.0, 810324.0, 810324.0, 810324.0, 810324.0, 810324.0, 810324.0, 810324.0, 810324.0, 810324.0, 810324.0, 810324.0, 810324.0, 810324.0, 810324.0, 810324.0, 810324.0, 810324.0, 810324.0, 810324.0, 810324.0, 810324.0, 810324.0, 810324.0, 810324.0, 810324.0, 810324.0, 810324.0, 810324.0, 810324.0, 810324.0, 810324.0, 810324.0, 810324.0, 810324.0, 810324.0, 810324.0, 810324.0, 810324.0, 810324.0, 810324.0, 810324.0, 810324.0, 810324.0, 810324.0, 810324.0, 810324.0, 810324.0, 810324.0, 810324.0, 810324.0, 810324.0, 810324.0, 810324.0, 810324.0, 810324.0, 810324.0, 810324.0, 810324.0, 810324.0, 810324.0, 810324.0, 810324.0, 810324.0, 810324.0, 810324.0, 810324.0, 810324.0, 810324.0, 810324.0, 810324.0, 810324.0, 810324.0, 810324.0, 810324.0, 810324.0, 810324.0, 810324.0, 810324.0, 810324.0, 810324.0, 810324.0, 810324.0, 810324.0, 810324.0, 810324.0, 810324.0, 810324.0, 810324.0, 810324.0, 810324.0, 810324.0, 810324.0, 810324.0, 810324.0, 810324.0, 810324.0, 810324.0, 810324.0, 810324.0, 810324.0, 810324.0, 810324.0, 810324.0, 810324.0, 810324.0, 810324.0, 810324.0, 810324.0, 810324.0, 810324.0, 810324.0, 810324.0, 810324.0, 810324.0, 810324.0, 810324.0, 810324.0, 810324.0, 810324.0, 810324.0, 810324.0, 810324.0, 810324.0, 810324.0, 810324.0, 810324.0, 810324.0, 810324.0, 810324.0, 810324.0, 810324.0, 810324.0, 810324.0, 810324.0, 810324.0, 810324.0, 810324.0, 810324.0, 810324.0, 810324.0, 810324.0, 810324.0, 810324.0, 810324.0, 810324.0, 810324.0, 810324.0, 810324.0, 810324.0, 810324.0, 810324.0, 810324.0, 810324.0, 810324.0, 810324.0, 810324.0, 810324.0, 810324.0, 810324.0, 810324.0, 810324.0, 810324.0, 810324.0, 810324.0, 810324.0, 810324.0, 810324.0, 810324.0, 810324.0, 810324.0, 810324.0, 810324.0, 810324.0, 810324.0, 810324.0, 810324.0, 810324.0, 810324.0, 810324.0, 810324.0, 810324.0, 810324.0, 810324.0, 810324.0, 810324.0, 810324.0, 810324.0, 810324.0, 810324.0, 810324.0, 810324.0, 810324.0, 810324.0, 810324.0, 810324.0, 810324.0, 810324.0, 810324.0, 810324.0, 810324.0, 810324.0, 810324.0, 810324.0, 810324.0, 810324.0, 810324.0, 810324.0, 810324.0, 810324.0, 810324.0, 810324.0, 810324.0, 810324.0, 810324.0, 810324.0, 810324.0, 810324.0, 810324.0, 810324.0, 810324.0, 810324.0, 810324.0, 810324.0, 810324.0, 810324.0, 810324.0, 810324.0, 810324.0, 810324.0, 810324.0, 810324.0, 810324.0, 810324.0, 810324.0, 810324.0, 810324.0, 810324.0, 810324.0, 810324.0, 810324.0, 810324.0, 810324.0, 810324.0, 810324.0, 810324.0, 810324.0, 810324.0, 810324.0, 810324.0, 810324.0, 810324.0, 810324.0, 810324.0, 810324.0, 810324.0, 810324.0, 810324.0, 810324.0, 810324.0, 810324.0, 810324.0, 810324.0, 810324.0, 810324.0, 810324.0, 810324.0, 810324.0, 810324.0, 810324.0, 810324.0, 810324.0, 810324.0, 810324.0, 810324.0, 810324.0, 810324.0, 810324.0, 810324.0, 810324.0, 810324.0, 810324.0, 810324.0, 810324.0, 810324.0, 810324.0, 810324.0, 810324.0, 810324.0, 810324.0, 810324.0, 810324.0, 810324.0, 810324.0, 810324.0, 810324.0, 810324.0, 810324.0, 810324.0, 810324.0, 810324.0, 810324.0, 810324.0, 810324.0, 810324.0, 810324.0, 810324.0, 810324.0, 810324.0, 810324.0, 810324.0, 810324.0, 810324.0, 810324.0, 810324.0, 810324.0, 810324.0, 810324.0, 810324.0, 810324.0, 810324.0, 810324.0, 810324.0, 810324.0, 810324.0, 810324.0, 810324.0, 810324.0, 810324.0, 810324.0, 810324.0, 810324.0, 810324.0, 810324.0, 810324.0, 810324.0, 810324.0, 810324.0, 810324.0, 810324.0, 810324.0, 810324.0, 810324.0, 810324.0, 810324.0, 810324.0, 810324.0, 810324.0, 810324.0, 810324.0, 810324.0, 810324.0, 810324.0, 810324.0, 810324.0, 810324.0, 810324.0, 810324.0, 810324.0, 810324.0, 810324.0, 810324.0, 810324.0, 810324.0, 810324.0, 810324.0, 810324.0, 810324.0, 810324.0, 810324.0, 810324.0, 810324.0, 810324.0, 810324.0, 810324.0, 810324.0, 810324.0, 810324.0, 810324.0, 810324.0, 810324.0, 810324.0, 810324.0, 810324.0, 810324.0, 810324.0, 810324.0, 810324.0, 810324.0, 810324.0, 810324.0, 810324.0, 810324.0, 810324.0, 810324.0, 810324.0, 810324.0, 810324.0, 810324.0, 810324.0, 810324.0, 810324.0, 810324.0, 810324.0, 810324.0, 810324.0, 810324.0, 810324.0, 810324.0, 810324.0, 810324.0, 810324.0, 810324.0, 810324.0, 810324.0, 810324.0, 810324.0, 810324.0, 810324.0, 810324.0, 810324.0, 810324.0, 810324.0, 810324.0, 810324.0, 810324.0, 810324.0, 810324.0, 810324.0, 810324.0, 810324.0, 810324.0, 810324.0, 810324.0, 810324.0, 810324.0, 810324.0, 810324.0, 810324.0, 810324.0, 810324.0, 810324.0, 810324.0, 810324.0, 810324.0, 810324.0, 810324.0, 810324.0, 810324.0, 810324.0, 810324.0, 810324.0, 810324.0, 810324.0, 810324.0, 810324.0, 810324.0, 810324.0, 810324.0, 810324.0, 810324.0, 810324.0, 810324.0, 810324.0, 810324.0, 810324.0, 810324.0, 810324.0, 810324.0, 810324.0, 810324.0, 810324.0, 810324.0, 810324.0, 810324.0, 810324.0, 810324.0, 810324.0, 810324.0, 810324.0, 810324.0, 810324.0, 810324.0, 810324.0, 810324.0, 810324.0, 810324.0, 810324.0, 810324.0, 810324.0, 810324.0, 810324.0, 810324.0, 810324.0, 810324.0, 810324.0, 810324.0, 810324.0, 810324.0, 810324.0, 810324.0, 810324.0, 810324.0, 810324.0, 810324.0, 810324.0, 810324.0, 810324.0, 810324.0, 810324.0, 810324.0, 810324.0, 810324.0, 810324.0, 810324.0, 810324.0, 810324.0, 810324.0, 810324.0, 810324.0, 810324.0, 810324.0, 810324.0, 810324.0, 810324.0, 810324.0, 810324.0, 810324.0, 810324.0, 810324.0, 810324.0, 810324.0, 810324.0, 810324.0, 810324.0, 810324.0, 810324.0, 810324.0, 810324.0, 810324.0, 810324.0, 810324.0, 810324.0, 810324.0, 810324.0, 810324.0, 810324.0, 810324.0, 810324.0, 810324.0, 810324.0, 810324.0, 810324.0, 810324.0, 810324.0, 810324.0, 810324.0, 810324.0, 810324.0, 810324.0, 810324.0, 810324.0, 810324.0, 810324.0, 810324.0, 810324.0, 810324.0, 810324.0, 810324.0, 810324.0, 810324.0, 810324.0, 810324.0, 810324.0, 810324.0, 810324.0, 810324.0, 810324.0, 810324.0, 810324.0, 810324.0, 810324.0, 810324.0, 810324.0, 810324.0, 810324.0, 810324.0, 810324.0, 810324.0, 810324.0, 810324.0, 810324.0, 810324.0, 810324.0, 810324.0, 810324.0, 810324.0, 810324.0, 810324.0, 810324.0, 810324.0, 810324.0, 810324.0, 810324.0, 810324.0, 810324.0, 810324.0, 810324.0, 810324.0, 810324.0, 810324.0, 810324.0, 810324.0, 810324.0, 810324.0, 810324.0, 810324.0, 810324.0, 810324.0, 810324.0, 810324.0, 810324.0, 810324.0, 810324.0, 810324.0, 810324.0, 809781.4163347837, 809781.4163347837, 809781.4163347837, 809781.4163347837, 809781.4163347837, 809781.4163347837, 809781.4163347837, 809781.4163347837, 809781.4163347837, 809781.4163347837, 809781.4163347837, 809781.4163347837, 809781.4163347837, 809781.4163347837, 809781.4163347837, 809781.4163347837, 809781.4163347837, 809781.4163347837, 809781.4163347837, 809781.4163347837, 809781.4163347837, 809781.4163347837, 809781.4163347837, 809781.4163347837, 809781.4163347837, 809781.4163347837, 809781.4163347837, 809781.4163347837, 809781.4163347837, 809781.4163347837, 809781.4163347837, 809781.4163347837, 809781.4163347837, 809781.4163347837, 809781.4163347837, 809781.4163347837, 809781.4163347837, 809781.4163347837, 810324.0, 810324.0, 810324.0, 810324.0, 810324.0, 810324.0, 810324.0, 810324.0, 810324.0, 810324.0, 810324.0, 810324.0, 810324.0, 810324.0, 810324.0, 810324.0, 810324.0, 810324.0, 810324.0, 810324.0, 810324.0, 810324.0, 810324.0, 810324.0, 810324.0, 810324.0, 810324.0, 810324.0, 810324.0, 810324.0, 810324.0, 810324.0, 810324.0, 810324.0, 810324.0, 810324.0, 810324.0, 810324.0, 810324.0, 810324.0, 810324.0, 810324.0, 810324.0, 810324.0, 810324.0, 810324.0, 810324.0, 810324.0, 810324.0, 810324.0, 810324.0, 810324.0, 810324.0, 810324.0, 810324.0, 810324.0, 810324.0, 810324.0, 810324.0, 810324.0, 810324.0, 810324.0, 810324.0, 810324.0, 810324.0, 810324.0, 810324.0, 810324.0, 810324.0, 810324.0, 810324.0, 810324.0, 810324.0, 810324.0, 810324.0, 810324.0, 810324.0, 810324.0, 810324.0, 810324.0, 810324.0, 810324.0, 810324.0, 810324.0, 810324.0, 810324.0, 810324.0, 810324.0, 810324.0, 810324.0, 810324.0, 810324.0, 810324.0, 810324.0, 810324.0, 810324.0, 810324.0, 810324.0, 810324.0, 810324.0, 810324.0, 810324.0, 810324.0, 810324.0, 810324.0, 810324.0, 810324.0, 810324.0, 810324.0, 810324.0, 810324.0, 810324.0, 810324.0, 810324.0, 810324.0, 810324.0, 810324.0, 810324.0, 810324.0, 810324.0, 810324.0, 810324.0, 810324.0, 810324.0, 810324.0, 810324.0, 810324.0, 810324.0, 810324.0, 810324.0, 810324.0, 810324.0, 810324.0, 810324.0, 810324.0, 810324.0, 810324.0, 810324.0, 810324.0, 810324.0, 810324.0, 810324.0, 810324.0, 810324.0, 801344.6337586516, 801344.6337586516, 801344.6337586516, 801344.6337586516, 801344.6337586516, 801344.6337586516, 801344.6337586516, 801344.6337586516, 801344.6337586516, 801344.6337586516, 801344.6337586516, 801344.6337586516, 801344.6337586516, 801344.6337586516, 801344.6337586516, 801344.6337586516, 801344.6337586516, 801344.6337586516, 801344.6337586516, 801344.6337586516, 801344.6337586516, 801344.6337586516, 801344.6337586516, 801344.6337586516, 801344.6337586516, 801344.6337586516, 801344.6337586516, 801344.6337586516, 801344.6337586516, 801344.6337586516, 801344.6337586516, 801344.6337586516, 801344.6337586516, 801344.6337586516, 801344.6337586516, 801344.6337586516, 801344.6337586516, 801344.6337586516, 801344.6337586516, 801344.6337586516, 801344.6337586516, 806969.1926733726, 809739.7615134919, 809363.4727264969, 809363.4727264969, 809363.4727264969, 809363.4727264969, 809363.4727264969, 809363.4727264969, 809363.4727264969, 809363.4727264969, 809363.4727264969, 809363.4727264969, 809363.4727264969, 809363.4727264969, 809363.4727264969, 809363.4727264969, 809363.4727264969, 809363.4727264969, 809363.4727264969, 809363.4727264969, 809363.4727264969, 809363.4727264969, 809363.4727264969, 809363.4727264969, 809363.4727264969, 809363.4727264969, 809363.4727264969, 809363.4727264969, 809363.4727264969, 809363.4727264969, 809363.4727264969, 809363.4727264969, 809363.4727264969, 809363.4727264969, 809363.4727264969, 809363.4727264969, 809363.4727264969, 809363.4727264969, 809363.4727264969, 809363.4727264969, 809363.4727264969, 809363.4727264969, 809363.4727264969, 809363.4727264969, 809363.4727264969, 809363.4727264969, 809363.4727264969, 809363.4727264969, 809363.4727264969, 809363.4727264969, 809363.4727264969, 809363.4727264969, 809363.4727264969, 809363.4727264969, 809363.4727264969, 809363.4727264969, 809363.4727264969, 809363.4727264969, 809363.4727264969, 809363.4727264969, 809363.4727264969, 809363.4727264969, 809363.4727264969, 809363.4727264969, 809363.4727264969, 809363.4727264969, 809363.4727264969, 809363.4727264969, 809363.4727264969, 809363.4727264969, 809363.4727264969, 809363.4727264969, 809363.4727264969, 809363.4727264969, 809363.4727264969, 809363.4727264969, 809363.4727264969, 809363.4727264969, 809363.4727264969, 809363.4727264969, 809363.4727264969, 809363.4727264969, 809363.4727264969, 809363.4727264969, 809363.4727264969, 809363.4727264969, 809363.4727264969, 809363.4727264969, 809363.4727264969, 809363.4727264969, 809363.4727264969, 809363.4727264969, 809363.4727264969, 810189.3830249794, 810189.3830249794, 810189.3830249794, 810189.3830249794, 810189.3830249794, 810189.3830249794, 810189.3830249794, 810189.3830249794, 810189.3830249794, 810189.3830249794, 810189.3830249794, 810189.3830249794, 810189.3830249794, 810189.3830249794, 810189.3830249794, 810189.3830249794, 810189.3830249794, 810189.3830249794, 810189.3830249794, 810189.3830249794, 810189.3830249794, 810189.3830249794, 810189.3830249794, 810189.3830249794, 810189.3830249794, 810189.3830249794, 810189.3830249794, 810189.3830249794, 810189.3830249794, 810189.3830249794, 810189.3830249794, 810189.3830249794, 810189.3830249794, 810189.3830249794, 810189.3830249794, 810189.3830249794, 810189.3830249794, 810189.3830249794, 810189.3830249794, 810189.3830249794, 810189.3830249794, 810189.3830249794, 810324.0, 810324.0, 810324.0, 810324.0, 810324.0, 810324.0, 810324.0, 810324.0, 810324.0, 810324.0, 810324.0, 810324.0, 810324.0, 810324.0, 810324.0, 810324.0, 810324.0, 810324.0, 810324.0, 810324.0, 810324.0, 810324.0, 810324.0, 810324.0, 810324.0, 810324.0, 810324.0, 810324.0, 810324.0, 810324.0, 810324.0, 810324.0, 810324.0, 810324.0, 810324.0, 810324.0, 810324.0, 810324.0, 810324.0, 810324.0, 810324.0, 810324.0, 810324.0, 810324.0, 810324.0, 810324.0, 810324.0, 810324.0, 810324.0, 810324.0, 810324.0, 810324.0, 810324.0, 810324.0, 810324.0, 810324.0, 810324.0, 810324.0, 810324.0, 810324.0, 810324.0, 810324.0, 810324.0, 810324.0, 810324.0, 810324.0, 810324.0, 810324.0, 810324.0, 810324.0, 810324.0, 810324.0, 810324.0, 810324.0, 810324.0, 810324.0, 810324.0, 810324.0, 810324.0, 810324.0, 810324.0, 810324.0, 810324.0, 810324.0, 810324.0, 810324.0, 810324.0, 810324.0, 810324.0, 810324.0, 810324.0, 810324.0, 810324.0, 810324.0, 810324.0, 810324.0, 806856.5696892621, 806856.5696892621, 806856.5696892621, 806856.5696892621, 806856.5696892621, 806856.5696892621, 806856.5696892621, 806856.5696892621, 806856.5696892621, 806856.5696892621, 806856.5696892621, 806856.5696892621, 806856.5696892621, 806856.5696892621, 806856.5696892621, 806856.5696892621, 806856.5696892621, 806856.5696892621, 806856.5696892621, 806856.5696892621, 806856.5696892621, 806856.5696892621, 806856.5696892621, 806856.5696892621, 806856.5696892621, 806856.5696892621, 806856.5696892621, 806856.5696892621, 806856.5696892621, 806856.5696892621, 806856.5696892621, 806856.5696892621, 806856.5696892621, 806856.5696892621, 806856.5696892621, 810324.0, 810324.0, 810324.0, 810324.0, 810324.0, 810324.0, 810324.0, 810324.0, 810324.0, 810324.0, 810324.0, 810324.0, 810324.0, 810324.0, 810324.0, 810324.0, 810324.0, 810324.0, 810324.0, 810324.0, 810324.0, 810324.0, 810324.0, 810324.0, 810324.0, 810324.0, 810324.0, 810324.0, 810324.0, 810324.0, 810324.0, 810324.0, 810324.0, 810324.0, 810324.0, 810324.0, 810324.0, 810324.0, 810324.0, 810324.0, 810324.0, 810324.0, 810324.0, 810324.0, 810324.0, 810324.0, 810324.0, 810324.0, 810324.0, 810324.0, 810324.0, 810324.0, 810324.0, 810324.0, 810324.0, 810324.0, 810324.0, 810324.0, 810324.0, 810324.0, 810324.0, 810324.0, 810324.0, 810324.0, 810324.0, 810324.0, 810324.0, 810324.0, 810324.0, 810324.0, 810324.0, 810324.0, 810324.0, 810324.0, 810324.0, 810324.0, 810324.0, 810324.0, 810324.0, 810324.0, 810324.0, 810324.0, 810324.0, 810324.0, 810324.0, 810324.0, 810324.0, 810324.0, 810324.0, 810324.0, 810324.0, 810324.0, 810324.0, 810324.0, 810324.0, 810324.0, 810324.0, 810324.0, 810324.0, 810324.0, 810324.0, 810324.0, 810324.0, 810324.0, 810324.0, 810324.0, 810324.0, 810324.0, 810324.0, 810324.0, 810324.0, 810324.0, 810324.0, 810324.0, 810324.0, 810324.0, 810324.0, 810324.0, 810324.0, 810324.0, 810324.0, 810324.0, 810324.0, 810324.0, 810324.0, 810324.0, 810324.0, 810324.0, 810324.0, 810324.0, 810324.0, 810324.0, 810324.0, 810324.0, 810324.0, 810324.0, 810324.0, 810324.0, 810324.0, 810324.0, 810324.0, 810324.0, 810324.0, 810324.0, 810324.0, 810324.0, 810324.0, 810324.0, 810324.0, 810324.0, 810324.0, 810324.0, 810324.0, 810324.0, 810324.0, 810324.0, 810324.0, 810324.0, 810324.0, 810324.0, 810324.0, 810324.0, 810324.0, 810324.0, 810324.0, 810324.0, 810324.0, 810324.0, 810324.0, 810324.0, 810324.0, 810324.0, 810324.0, 810324.0, 810324.0, 810324.0, 810324.0, 810324.0, 810324.0, 810324.0, 810324.0, 810324.0, 810324.0, 810324.0, 810324.0, 810324.0, 810324.0, 810324.0, 810324.0, 810324.0, 810324.0, 810324.0, 810324.0, 810324.0, 810324.0, 810324.0, 810324.0, 810324.0, 810324.0, 810324.0, 810324.0, 810324.0, 810324.0, 810324.0, 810324.0, 810324.0, 810324.0, 810324.0, 810324.0, 810324.0, 810324.0, 810324.0, 810324.0, 810324.0, 810324.0, 810324.0, 810324.0, 810324.0, 810324.0, 810324.0, 810324.0, 810324.0, 810324.0, 810324.0, 810324.0, 810324.0, 810324.0, 810324.0, 810324.0, 810324.0, 810324.0, 810324.0, 810324.0, 810324.0, 810324.0, 810324.0, 810324.0, 810324.0, 809672.6240960113, 809672.6240960113, 809672.6240960113, 809672.6240960113, 809672.6240960113, 809672.6240960113, 809672.6240960113, 809672.6240960113, 809672.6240960113, 809672.6240960113, 809672.6240960113, 809672.6240960113, 809672.6240960113, 809672.6240960113, 809672.6240960113, 809672.6240960113, 809672.6240960113, 809672.6240960113, 809672.6240960113, 809672.6240960113, 809672.6240960113, 809672.6240960113, 809672.6240960113, 809672.6240960113, 809672.6240960113, 809672.6240960113, 809672.6240960113, 809672.6240960113, 809672.6240960113, 809672.6240960113, 809672.6240960113, 809672.6240960113, 809672.6240960113, 809672.6240960113, 809672.6240960113, 809672.6240960113, 809672.6240960113, 809672.6240960113, 809672.6240960113, 810324.0, 810324.0, 810324.0, 810324.0, 810324.0, 810324.0, 810324.0, 810324.0, 810324.0, 810324.0, 810324.0, 810324.0, 810324.0, 810324.0, 810324.0, 810324.0, 810324.0, 810324.0, 810324.0, 810324.0, 810324.0, 810324.0, 810324.0, 810324.0, 810324.0, 810324.0, 810324.0, 810324.0, 810324.0, 810324.0, 810324.0, 810324.0, 810324.0, 810324.0, 810324.0, 810324.0, 810324.0, 810324.0, 810324.0, 810324.0, 810324.0, 810324.0, 810324.0, 810324.0, 810324.0, 810324.0, 810324.0, 810324.0, 810324.0, 810324.0, 810324.0, 810324.0, 810324.0, 810324.0, 810324.0, 810324.0, 810324.0, 810324.0, 810324.0, 810324.0, 810324.0, 810324.0, 810324.0, 810324.0, 810324.0, 810324.0, 810324.0, 810324.0, 810324.0, 810324.0, 810324.0, 810324.0, 810324.0, 810324.0, 810324.0, 810324.0, 810324.0, 810324.0, 810324.0, 810324.0, 810324.0, 810324.0, 810324.0, 810324.0, 810324.0, 810324.0, 810324.0, 810324.0, 810324.0, 810324.0, 810324.0, 810324.0, 810324.0, 810324.0, 810324.0, 810324.0, 810324.0, 810297.1672306968, 810297.1672306968, 810297.1672306968, 810297.1672306968, 810297.1672306968, 810297.1672306968, 810297.1672306968, 810297.1672306968, 810297.1672306968, 810297.1672306968, 810297.1672306968, 810297.1672306968, 810297.1672306968, 810297.1672306968, 810297.1672306968, 810297.1672306968, 810297.1672306968, 810297.1672306968, 810297.1672306968, 810297.1672306968, 810297.1672306968, 810297.1672306968, 810297.1672306968, 810297.1672306968, 810297.1672306968, 810297.1672306968, 810297.1672306968, 810297.1672306968, 810297.1672306968, 810297.1672306968, 810297.1672306968, 810297.1672306968, 810297.1672306968, 810297.1672306968, 810297.1672306968, 810297.1672306968, 810297.1672306968, 810297.1672306968, 810297.1672306968, 810297.1672306968, 810297.1672306968, 810297.1672306968, 810297.1672306968, 810297.1672306968, 810297.1672306968, 810297.1672306968, 810297.1672306968, 810297.1672306968, 810297.1672306968, 810297.1672306968, 810297.1672306968, 810297.1672306968, 810297.1672306968, 810297.1672306968, 810297.1672306968, 810297.1672306968, 810297.1672306968, 810297.1672306968, 810297.1672306968, 810297.1672306968, 810297.1672306968, 810297.1672306968, 810297.1672306968, 810297.1672306968, 810297.1672306968, 810297.1672306968, 810297.1672306968, 810297.1672306968, 810297.1672306968, 810297.1672306968, 810297.1672306968, 810297.1672306968, 810297.1672306968, 810297.1672306968, 810297.1672306968, 810297.1672306968, 810297.1672306968, 810297.1672306968, 810297.1672306968, 810297.1672306968, 810297.1672306968, 810297.1672306968, 810297.1672306968, 810297.1672306968, 810297.1672306968, 810297.1672306968, 810297.1672306968, 810297.1672306968, 810297.1672306968, 810324.0, 810324.0, 810324.0, 
29755.34583781196, 29701.554127986295, 29701.554127986295, 14897.539635287876, 14441.884669589865, 14441.884669589865, 14441.884669589865, 6092.915593776718, 6092.915593776718, 6092.915593776718, 5637.972730375002, 5637.972730375002, 5637.972730375002, 1059.4627667906216, 1059.4627667906216, 1059.4627667906216, 1059.4627667906216, 1059.4627667906216, 1059.4627667906216, 1059.4627667906216, 909.9910686715124, 909.9910686715124, 909.9910686715124, 785.76674919178, 785.76674919178, 785.76674919178, 785.76674919178, 785.76674919178, 785.76674919178, 785.76674919178, 785.76674919178, 768.4998116047578, 163.27648510718518, 163.27648510718518, 163.27648510718518, 163.27648510718518, 155.08044900722382, 155.08044900722382, 155.08044900722382, 155.08044900722382, 155.08044900722382, 155.08044900722382, 155.08044900722382, 139.35048374261396, 139.35048374261396, 139.35048374261396, 84.20932154670335, 84.20932154670335, 84.20932154670335, 84.20932154670335, 84.20932154670335, 84.20932154670335, 77.7340269758138, 77.7340269758138, 77.7340269758138, 77.7340269758138, 72.81610436110533, 72.81610436110533, 72.81610436110533, 72.81610436110533, 72.81610436110533, 71.71627106037857, 71.71627106037857, 71.71627106037857, 71.71627106037857, 71.71627106037857, 64.41970386309607, 63.078450752764084, 63.078450752764084, 63.078450752764084, 63.078450752764084, 63.078450752764084, 63.078450752764084, 63.078450752764084, 63.078450752764084, 63.078450752764084, 63.078450752764084, 63.078450752764084, 63.078450752764084, 63.078450752764084, 63.078450752764084, 63.078450752764084, 63.078450752764084, 63.078450752764084, 63.078450752764084, 63.078450752764084, 61.64635687965532, 59.072239563809816, 59.072239563809816, 59.072239563809816, 59.072239563809816, 164902.4370931796, 319348.83444794925, 132422.825808581, 333574.85970897216, 333574.85970897216, 381887.9852528339, 381887.9852528339, 411223.42597535613, 484784.6987200053, 484784.6987200053, 488855.9164359682, 583613.6714715525, 583613.6714715525, 608077.3905336009, 608077.3905336009, 601284.9564648039, 601284.9564648039, 601284.9564648039, 744683.83603011, 744683.83603011, 785865.5087030219, 785865.5087030219, 804480.1853151581, 804480.1853151581, 804480.1853151581, 804480.1853151581, 809717.783440289, 809717.783440289, 809717.783440289, 809717.783440289, 809717.783440289, 809717.783440289, 809717.783440289, 809717.783440289, 810324.0, 810324.0, 810324.0, 810324.0, 810324.0, 810324.0, 810324.0, 810324.0, 810324.0, 810324.0, 810324.0, 810324.0, 810324.0, 810324.0, 810324.0, 810324.0, 810324.0, 810324.0, 810324.0, 810324.0, 810324.0, 810324.0, 810324.0, 810324.0, 810324.0, 810324.0, 810324.0, 810324.0, 810324.0, 810324.0, 810324.0, 810324.0, 810324.0, 810324.0, 810324.0, 810324.0, 810324.0, 810324.0, 810324.0, 810324.0, 810324.0, 810324.0, 810324.0, 810324.0, 810324.0, 810324.0, 810324.0, 810324.0, 810324.0, 810324.0, 810324.0, 810324.0, 810324.0, 810324.0, 810324.0, 810324.0, 810324.0, 810324.0, 810324.0, 810324.0, 810324.0, 810324.0, 810324.0, 810324.0, 810324.0, 810324.0, 810324.0, 810324.0, 810324.0, 810324.0, 810324.0, 810324.0, 810324.0, 810324.0, 810324.0, 810324.0, 810324.0, 810324.0, 810324.0, 810324.0, 810324.0, 810324.0, 810324.0, 810324.0, 810324.0, 810324.0, 810324.0, 810324.0, 810324.0, 810324.0, 810324.0, 810324.0, 810324.0, 810324.0, 810324.0, 810324.0, 810324.0, 810324.0, 810324.0, 810324.0, 810324.0, 810324.0, 810324.0, 810324.0, 810324.0, 810324.0, 810324.0, 810324.0, 810324.0, 810324.0, 810324.0, 810324.0, 810324.0, 810324.0, 810324.0, 810324.0, 810324.0, 810324.0, 810324.0, 810324.0, 810324.0, 810324.0, 810324.0, 810324.0, 810324.0, 810324.0, 810324.0, 810324.0, 810324.0, 810324.0, 810324.0, 810324.0, 810324.0, 810324.0, 810324.0, 810324.0, 810324.0, 810324.0, 810324.0, 810324.0, 810324.0, 810324.0, 810324.0, 810324.0, 810324.0, 810324.0, 810324.0, 810324.0, 810324.0, 810324.0, 810324.0, 810324.0, 810324.0, 810324.0, 810324.0, 810324.0, 810324.0, 810324.0, 810324.0, 810324.0, 810324.0, 810324.0, 810324.0, 810324.0, 810324.0, 810324.0, 810324.0, 810324.0, 810324.0, 810324.0, 810324.0, 810324.0, 810324.0, 810324.0, 810324.0, 810324.0, 810324.0, 810324.0, 810324.0, 810324.0, 810324.0, 810324.0, 810324.0, 810324.0, 810324.0, 810324.0, 810324.0, 810324.0, 810324.0, 810324.0, 810324.0, 810324.0, 810324.0, 810324.0, 810324.0, 810324.0, 810324.0, 810324.0, 810324.0, 810324.0, 810324.0, 810324.0, 810324.0, 810324.0, 810324.0, 810324.0, 810324.0, 810324.0, 810324.0, 810324.0, 810324.0, 810324.0, 810324.0, 810324.0, 810324.0, 810324.0, 810324.0, 810324.0, 810324.0, 810324.0, 810324.0, 810324.0, 810324.0, 810324.0, 810324.0, 810324.0, 810324.0, 810324.0, 810324.0, 810324.0, 810324.0, 810324.0, 810324.0, 810324.0, 810324.0, 810324.0, 810324.0, 810324.0, 810324.0, 810324.0, 810324.0, 810324.0, 810324.0, 810324.0, 810324.0, 810324.0, 810324.0, 810324.0, 810324.0, 810324.0, 810324.0, 810324.0, 810324.0, 810324.0, 810324.0, 810324.0, 810324.0, 810324.0, 810324.0, 810324.0, 810324.0, 810324.0, 810324.0, 810324.0, 810324.0, 810324.0, 810324.0, 810324.0, 810324.0, 810324.0, 810324.0, 810324.0, 810324.0, 810324.0, 810324.0, 810324.0, 810324.0, 810324.0, 810324.0, 810324.0, 810324.0, 810324.0, 810324.0, 810324.0, 810324.0, 810324.0, 810324.0, 810324.0, 810324.0, 810324.0, 810324.0, 810324.0, 810324.0, 810324.0, 810324.0, 810324.0, 810324.0, 810324.0, 810324.0, 810324.0, 810324.0, 810324.0, 810324.0, 810324.0, 810324.0, 810324.0, 810324.0, 810324.0, 810324.0, 810324.0, 810324.0, 810324.0, 810324.0, 810324.0, 810324.0, 810324.0, 810324.0, 810324.0, 810324.0, 810324.0, 810324.0, 810324.0, 810324.0, 810324.0, 810324.0, 810324.0, 810324.0, 810324.0, 810324.0, 810324.0, 810324.0, 810324.0, 810324.0, 810324.0, 810324.0, 810324.0, 810324.0, 810324.0, 810324.0, 810324.0, 810324.0, 810324.0, 810324.0, 810324.0, 810324.0, 810324.0, 810324.0, 810324.0, 810324.0, 810324.0, 810324.0, 810324.0, 810324.0, 810324.0, 810324.0, 810324.0, 810324.0, 810324.0, 810324.0, 810324.0, 810324.0, 810324.0, 810324.0, 810324.0, 810324.0, 810324.0, 810324.0, 810324.0, 810324.0, 810324.0, 810324.0, 810324.0, 810324.0, 810324.0, 810324.0, 810324.0, 810324.0, 810324.0, 810324.0, 810324.0, 810324.0, 810324.0, 810324.0, 810324.0, 810324.0, 810324.0, 810324.0, 810324.0, 810324.0, 810324.0, 810324.0, 810324.0, 810324.0, 810324.0, 810324.0, 810324.0, 810324.0, 810324.0, 810324.0, 810324.0, 810324.0, 810324.0, 810324.0, 810324.0, 810324.0, 810324.0, 810324.0, 810324.0, 810324.0, 810324.0, 810324.0, 810324.0, 810324.0, 810324.0, 810324.0, 810324.0, 810324.0, 810324.0, 810324.0, 810324.0, 810324.0, 810324.0, 810324.0, 810324.0, 810324.0, 810324.0, 810324.0, 810324.0, 810324.0, 810324.0, 810324.0, 810324.0, 810324.0, 810324.0, 810324.0, 810324.0, 810324.0, 810324.0, 810324.0, 810324.0, 810324.0, 810324.0, 810324.0, 810324.0, 810324.0, 810324.0, 810324.0, 810324.0, 810324.0, 810324.0, 810324.0, 810324.0, 810324.0, 810324.0, 810324.0, 810324.0, 810324.0, 810324.0, 810324.0, 810324.0, 810324.0, 810324.0, 810324.0, 810324.0, 810324.0, 802626.0446216835, 802626.0446216835, 802626.0446216835, 802626.0446216835, 802626.0446216835, 802626.0446216835, 802626.0446216835, 802626.0446216835, 802626.0446216835, 802626.0446216835, 802626.0446216835, 802626.0446216835, 802626.0446216835, 802626.0446216835, 802626.0446216835, 802626.0446216835, 802626.0446216835, 802626.0446216835, 802626.0446216835, 802626.0446216835, 802626.0446216835, 802626.0446216835, 802626.0446216835, 802626.0446216835, 802626.0446216835, 802626.0446216835, 802626.0446216835, 802626.0446216835, 802626.0446216835, 802626.0446216835, 802626.0446216835, 802626.0446216835, 802626.0446216835, 802626.0446216835, 802626.0446216835, 802626.0446216835, 802626.0446216835, 802626.0446216835, 802626.0446216835, 802626.0446216835, 802626.0446216835, 802626.0446216835, 809778.4782389469, 809778.4782389469, 809778.4782389469, 809778.4782389469, 809778.4782389469, 809778.4782389469, 809778.4782389469, 809778.4782389469, 809778.4782389469, 809778.4782389469, 809778.4782389469, 809778.4782389469, 809778.4782389469, 809778.4782389469, 809778.4782389469, 809778.4782389469, 809778.4782389469, 809778.4782389469, 809778.4782389469, 809778.4782389469, 809778.4782389469, 809778.4782389469, 809778.4782389469, 809778.4782389469, 809778.4782389469, 809778.4782389469, 809778.4782389469, 809778.4782389469, 809778.4782389469, 809778.4782389469, 809778.4782389469, 809778.4782389469, 809778.4782389469, 809778.4782389469, 809778.4782389469, 809778.4782389469, 809778.4782389469, 809778.4782389469, 809778.4782389469, 809778.4782389469, 809778.4782389469, 809778.4782389469, 809778.4782389469, 809778.4782389469, 809778.4782389469, 809778.4782389469, 809778.4782389469, 809778.4782389469, 809778.4782389469, 800204.1697861187, 800204.1697861187, 800204.1697861187, 800204.1697861187, 800204.1697861187, 800204.1697861187, 800204.1697861187, 800204.1697861187, 800204.1697861187, 800204.1697861187, 800204.1697861187, 800204.1697861187, 800204.1697861187, 800204.1697861187, 800204.1697861187, 800204.1697861187, 800204.1697861187, 800204.1697861187, 800204.1697861187, 800204.1697861187, 800204.1697861187, 800204.1697861187, 800204.1697861187, 800204.1697861187, 800204.1697861187, 800204.1697861187, 800204.1697861187, 800204.1697861187, 800204.1697861187, 800204.1697861187, 800204.1697861187, 800204.1697861187, 800204.1697861187, 800204.1697861187, 800204.1697861187, 800204.1697861187, 800204.1697861187, 800204.1697861187, 800204.1697861187, 809107.3361896466, 809107.3361896466, 809107.3361896466, 809107.3361896466, 809107.3361896466, 810253.418474074, 810324.0, 810324.0, 810324.0, 810324.0, 810324.0, 810324.0, 810324.0, 810324.0, 810324.0, 810324.0, 810324.0, 810324.0, 810324.0, 810324.0, 810324.0, 810324.0, 810324.0, 810324.0, 810324.0, 810324.0, 810324.0, 810324.0, 810324.0, 810324.0, 810324.0, 810324.0, 810324.0, 810324.0, 810324.0, 810324.0, 810324.0, 810324.0, 810324.0, 810324.0, 810324.0, 810324.0, 810324.0, 810324.0, 810324.0, 810324.0, 810324.0, 810324.0, 810324.0, 810324.0, 810324.0, 810324.0, 810324.0, 810324.0, 810324.0, 810324.0, 810324.0, 810324.0, 810324.0, 810324.0, 810324.0, 810324.0, 810324.0, 810324.0, 810324.0, 810324.0, 810324.0, 810324.0, 810324.0, 810324.0, 810324.0, 810324.0, 810324.0, 810324.0, 810324.0, 810324.0, 810324.0, 810324.0, 810324.0, 810324.0, 810324.0, 810324.0, 810324.0, 810324.0, 810324.0, 810324.0, 810324.0, 810324.0, 810324.0, 810324.0, 810324.0, 810324.0, 810324.0, 810324.0, 810324.0, 810324.0, 810324.0, 810324.0, 810324.0, 810324.0, 810324.0, 810324.0, 810324.0, 810324.0, 810324.0, 810324.0, 810324.0, 810324.0, 810324.0, 810324.0, 810324.0, 810324.0, 810324.0, 810324.0, 810324.0, 810324.0, 810324.0, 810324.0, 810324.0, 810324.0, 810324.0, 810324.0, 810324.0, 810324.0, 810324.0, 810324.0, 810324.0, 810324.0, 810324.0, 810324.0, 810324.0, 810324.0, 810324.0, 810324.0, 810324.0, 810324.0, 810324.0, 810324.0, 810324.0, 810324.0, 810324.0, 810324.0, 810324.0, 810324.0, 810324.0, 810324.0, 810324.0, 810324.0, 810324.0, 810324.0, 810324.0, 810324.0, 810324.0, 810324.0, 810324.0, 810324.0, 810324.0, 810324.0, 810324.0, 810324.0, 810324.0, 810324.0, 810324.0, 810324.0, 810324.0, 810324.0, 810324.0, 810324.0, 810324.0, 810324.0, 810324.0, 810324.0, 810324.0, 810324.0, 810324.0, 810324.0, 810324.0, 810324.0, 810324.0, 810324.0, 810324.0, 810324.0, 810324.0, 810324.0, 810324.0, 810324.0, 810324.0, 810324.0, 810324.0, 810324.0, 810324.0, 810324.0, 810324.0, 810324.0, 810324.0, 810324.0, 810324.0, 810324.0, 810324.0, 810324.0, 810324.0, 810324.0, 810324.0, 810324.0, 810324.0, 810324.0, 810324.0, 810324.0, 810324.0, 810324.0, 810324.0, 810324.0, 810324.0, 810324.0, 810324.0, 810324.0, 810324.0, 810324.0, 810324.0, 810324.0, 810324.0, 810324.0, 810324.0, 810324.0, 810324.0, 810324.0, 810324.0, 810324.0, 810324.0, 810324.0, 810324.0, 810324.0, 810324.0, 810324.0, 810324.0, 810324.0, 810324.0, 810324.0, 810324.0, 810324.0, 810324.0, 810324.0, 810324.0, 810324.0, 810324.0, 810324.0, 810324.0, 810324.0, 810324.0, 810324.0, 810324.0, 810324.0, 810324.0, 810324.0, 810324.0, 810324.0, 810324.0, 810324.0, 810324.0, 810324.0, 810324.0, 810324.0, 810324.0, 810324.0, 810324.0, 810324.0, 810324.0, 810324.0, 810324.0, 810324.0, 810324.0, 810324.0, 810324.0, 810324.0, 810324.0, 810324.0, 810324.0, 810324.0, 810324.0, 798249.1556178973, 798249.1556178973, 798249.1556178973, 798249.1556178973, 798249.1556178973, 798249.1556178973, 798249.1556178973, 798249.1556178973, 798249.1556178973, 798249.1556178973, 798249.1556178973, 798249.1556178973, 798249.1556178973, 798249.1556178973, 798249.1556178973, 798249.1556178973, 798249.1556178973, 798249.1556178973, 798249.1556178973, 798249.1556178973, 798249.1556178973, 798249.1556178973, 798249.1556178973, 798249.1556178973, 798249.1556178973, 798249.1556178973, 798249.1556178973, 798249.1556178973, 798249.1556178973, 798249.1556178973, 798249.1556178973, 798249.1556178973, 808667.1262702898, 810324.0, 810324.0, 810324.0, 810324.0, 810324.0, 810324.0, 810324.0, 810324.0, 810324.0, 810324.0, 810324.0, 810324.0, 810324.0, 810324.0, 810324.0, 810324.0, 810324.0, 810324.0, 810324.0, 810324.0, 810324.0, 810324.0, 810324.0, 810324.0, 810324.0, 810324.0, 810324.0, 810324.0, 810324.0, 810324.0, 810324.0, 810324.0, 810324.0, 810324.0, 810324.0, 810324.0, 810324.0, 810324.0, 810324.0, 810324.0, 810324.0, 810324.0, 810324.0, 810324.0, 810324.0, 810324.0, 810324.0, 810324.0, 810324.0, 810324.0, 810324.0, 810324.0, 810324.0, 810324.0, 810324.0, 810324.0, 810324.0, 810324.0, 810324.0, 810324.0, 810324.0, 810324.0, 810324.0, 810324.0, 810324.0, 810324.0, 810324.0, 810324.0, 810324.0, 810324.0, 810324.0, 810324.0, 810324.0, 810324.0, 810324.0, 810324.0, 810324.0, 810324.0, 810324.0, 810324.0, 810324.0, 810324.0, 810324.0, 810324.0, 810324.0, 810324.0, 810324.0, 810324.0, 810324.0, 810324.0, 810324.0, 810324.0, 810324.0, 810324.0, 810324.0, 810324.0, 810324.0, 810324.0, 810324.0, 810324.0, 810324.0, 810324.0, 810324.0, 810324.0, 810324.0, 810324.0, 810324.0, 810324.0, 810324.0, 810324.0, 810324.0, 810324.0, 810324.0, 810324.0, 810324.0, 810324.0, 810324.0, 810324.0, 810324.0, 810324.0, 810324.0, 810324.0, 810324.0, 810324.0, 810324.0, 810324.0, 810324.0, 810324.0, 810324.0, 810324.0, 810324.0, 810324.0, 810324.0, 810324.0, 810324.0, 810324.0, 810324.0, 810324.0, 810324.0, 810324.0, 810324.0, 810324.0, 810324.0, 810324.0, 810324.0, 810324.0, 810324.0, 810324.0, 810324.0, 810324.0, 810324.0, 810324.0, 810324.0, 810324.0, 810324.0, 810324.0, 810324.0, 810324.0, 810324.0, 810324.0, 810324.0, 810324.0, 810324.0, 810324.0, 810324.0, 810324.0, 810324.0, 810324.0, 810324.0, 810324.0, 810324.0, 810324.0, 810324.0, 810324.0, 810324.0, 810324.0, 810324.0, 810324.0, 810324.0, 810324.0, 810324.0, 810324.0, 810324.0, 810324.0, 810324.0, 810324.0, 810324.0, 810324.0, 810324.0, 810324.0, 810324.0, 810324.0, 810324.0, 810324.0, 810324.0, 810324.0, 810324.0, 810324.0, 810324.0, 810324.0, 810324.0, 810324.0, 810324.0, 810324.0, 810324.0, 810324.0, 810324.0, 810324.0, 810324.0, 810324.0, 810324.0, 810324.0, 810324.0, 810324.0, 810324.0, 810324.0, 810324.0, 810324.0, 810324.0, 810324.0, 810324.0, 810324.0, 810324.0, 810324.0, 810324.0, 810324.0, 810324.0, 810324.0, 810324.0, 810324.0, 810324.0, 810324.0, 810324.0, 810324.0, 810324.0, 810324.0, 810324.0, 810324.0, 810324.0, 810324.0, 810324.0, 810324.0, 810324.0, 810324.0, 810324.0, 810324.0, 810324.0, 810324.0, 810324.0, 810324.0, 810324.0, 810324.0, 810324.0, 810324.0, 810324.0, 810324.0, 810324.0, 810324.0, 810324.0, 810324.0, 810324.0, 810324.0, 810324.0, 810324.0, 810324.0, 810324.0, 810324.0, 810324.0, 810324.0, 810324.0, 810324.0, 810324.0, 810324.0, 810324.0, 810324.0, 810324.0, 810324.0, 810324.0, 810324.0, 810324.0, 810324.0, 810324.0, 810324.0, 810324.0, 810324.0, 810324.0, 810324.0, 810324.0, 810324.0, 810324.0, 810324.0, 810324.0, 810324.0, 810324.0, 810324.0, 810324.0, 810324.0, 810324.0, 810324.0, 810324.0, 810324.0, 810324.0, 810324.0, 810324.0, 810324.0, 810324.0, 810324.0, 810324.0, 810324.0, 810324.0, 810324.0, 810324.0, 810324.0, 810324.0, 810324.0, 810324.0, 810324.0, 810324.0, 810324.0, 810324.0, 810324.0, 810324.0, 810324.0, 810324.0, 810324.0, 810324.0, 810324.0, 810324.0, 810324.0, 810324.0, 810324.0, 810324.0, 810324.0, 810324.0, 810324.0, 810324.0, 810324.0, 810324.0, 810324.0, 810324.0, 810324.0, 810324.0, 810324.0, 810324.0, 810324.0, 810324.0, 810324.0, 810324.0, 810324.0, 810324.0, 810324.0, 810324.0, 810324.0, 810324.0, 810324.0, 810324.0, 810324.0, 810324.0, 810324.0, 810324.0, 810324.0, 810324.0, 810324.0, 810324.0, 810324.0, 810324.0, 810324.0, 810324.0, 810324.0, 810324.0, 810324.0, 810324.0, 810324.0, 810324.0, 810324.0, 810324.0, 810324.0, 810324.0, 810324.0, 810324.0, 810324.0, 810324.0, 810324.0, 810324.0, 810324.0, 810324.0, 810324.0, 810324.0, 810324.0, 810324.0, 810324.0, 810324.0, 810324.0, 810324.0, 810324.0, 810324.0, 810324.0, 810324.0, 810324.0, 810324.0, 810324.0, 810324.0, 810324.0, 810324.0, 810324.0, 810324.0, 810324.0, 810324.0, 810324.0, 810324.0, 810324.0, 810324.0, 810324.0, 810324.0, 810324.0, 810324.0, 810324.0, 810324.0, 810324.0, 810324.0, 810324.0, 810324.0, 810324.0, 810324.0, 810324.0, 810324.0, 810324.0, 810324.0, 810324.0, 810324.0, 810324.0, 810324.0, 810324.0, 810324.0, 810324.0, 810324.0, 810324.0, 810324.0, 810324.0, 810324.0, 810324.0, 810324.0, 810324.0, 810324.0, 810324.0, 810324.0, 810324.0, 810324.0, 810324.0, 810324.0, 810324.0, 810324.0, 810324.0, 810324.0, 810324.0, 810324.0, 810324.0, 810324.0, 810324.0, 810324.0, 810324.0, 810324.0, 810324.0, 810324.0, 810324.0, 810324.0, 810324.0, 810324.0, 810324.0, 810324.0, 810324.0, 810324.0, 810324.0, 810324.0, 810324.0, 810324.0, 810324.0, 810324.0, 810324.0, 810324.0, 810324.0, 810324.0, 810324.0, 810324.0, 810324.0, 810324.0, 810324.0, 810324.0, 810324.0, 810324.0, 810324.0, 810324.0, 810324.0, 810324.0, 810324.0, 810324.0, 810324.0, 810324.0, 810324.0, 810324.0, 810324.0, 810324.0, 810324.0, 810324.0, 810324.0, 810324.0, 810324.0, 810324.0, 810324.0, 810324.0, 810324.0, 810324.0, 810324.0, 810324.0, 810324.0, 810324.0, 810324.0, 810324.0, 810324.0, 810324.0, 810324.0, 810324.0, 810324.0, 810324.0, 810324.0, 810324.0, 810324.0, 810324.0, 810324.0, 810324.0, 810324.0, 810324.0, 810324.0, 810324.0, 810324.0, 810324.0, 810324.0, 810324.0, 810324.0, 810324.0, 810324.0, 810324.0, 810324.0, 810324.0, 810324.0, 810324.0, 810324.0, 810324.0, 810324.0, 810324.0, 810324.0, 810324.0, 810324.0, 810324.0, 810324.0, 810324.0, 810324.0, 810324.0, 810324.0, 810324.0, 810324.0, 810324.0, 810324.0, 810324.0, 810324.0, 810324.0, 810324.0, 810324.0, 810324.0, 810324.0, 810324.0, 810324.0, 810324.0, 810324.0, 810324.0, 810324.0, 810324.0, 810324.0, 810324.0, 810324.0, 810324.0, 810324.0, 810324.0, 810324.0, 810324.0, 810324.0, 810324.0, 810324.0, 810324.0, 810324.0, 810324.0, 810324.0, 810324.0, 810324.0, 810324.0, 810324.0, 810324.0, 810324.0, 810324.0, 810324.0, 810324.0, 810324.0, 810324.0, 810324.0, 810324.0, 810324.0, 810324.0, 810324.0, 810324.0, 810324.0, 810324.0, 810324.0, 810324.0, 810324.0, 810324.0, 810324.0, 810324.0, 810324.0, 810324.0, 810324.0, 810324.0, 810324.0, 810324.0, 810324.0, 810324.0, 810324.0, 810324.0, 810324.0, 810324.0, 810324.0, 810324.0, 810324.0, 810324.0, 810324.0, 810324.0, 810324.0, 810324.0, 810324.0, 810324.0, 810324.0, 810324.0, 810324.0, 810324.0, 810324.0, 810324.0, 810324.0, 810324.0, 810324.0, 810324.0, 810324.0, 810324.0, 810324.0, 810324.0, 810324.0, 810324.0, 810324.0, 810324.0, 810324.0, 810324.0, 810324.0, 810324.0, 810324.0, 810324.0, 810324.0, 810324.0, 810324.0, 810324.0, 810324.0, 810324.0, 810324.0, 810324.0, 810324.0, 810324.0, 810324.0, 810324.0, 810324.0, 810324.0, 810324.0, 810324.0, 810324.0, 810324.0, 810324.0, 810324.0, 810324.0, 810324.0, 810324.0, 810324.0, 810324.0, 810324.0, 810324.0, 810324.0, 810324.0, 810324.0, 810324.0, 810324.0, 810324.0, 810324.0, 810324.0, 810324.0, 810324.0, 810324.0, 810324.0, 810324.0, 810324.0, 810324.0, 810324.0, 810324.0, 810324.0, 810324.0, 810324.0, 810324.0, 810324.0, 810324.0, 810324.0, 810324.0, 810324.0, 810324.0, 810324.0, 810324.0, 810324.0, 810324.0, 810324.0, 810324.0, 810324.0, 810324.0, 810324.0, 810324.0, 810324.0, 810324.0, 810324.0, 810324.0, 810324.0, 810324.0, 810324.0, 810324.0, 810324.0, 810324.0, 810324.0, 810324.0, 810324.0, 810324.0, 810324.0, 810324.0, 810324.0, 810324.0, 810324.0, 810324.0, 810324.0, 810324.0, 810324.0, 810324.0, 810324.0, 810324.0, 810324.0, 810324.0, 810324.0, 810324.0, 810324.0, 810324.0, 810324.0, 810324.0, 810324.0, 810324.0, 810324.0, 810324.0, 810324.0, 810324.0, 810324.0, 810324.0, 810324.0, 810324.0, 810324.0, 810324.0, 810324.0, 810324.0, 810324.0, 810324.0, 810324.0, 810324.0, 810324.0, 810324.0, 810324.0, 810324.0, 810324.0, 810324.0, 810324.0, 810324.0, 810324.0, 810324.0, 810324.0, 810324.0, 810324.0, 810324.0, 810324.0, 810324.0, 810324.0, 810324.0, 810324.0, 810324.0, 810324.0, 810324.0, 810324.0, 810324.0, 810324.0, 810324.0, 810324.0, 810324.0, 810324.0, 810324.0, 810324.0, 810324.0, 810324.0, 810324.0, 810324.0, 810324.0, 810324.0, 810324.0, 810324.0, 810324.0, 810324.0, 810324.0, 810324.0, 810324.0, 810324.0, 810324.0, 810324.0, 810324.0, 810324.0, 810324.0, 807365.3926844136, 807365.3926844136, 807365.3926844136, 807365.3926844136, 807365.3926844136, 807365.3926844136, 807365.3926844136, 807365.3926844136, 807365.3926844136, 807365.3926844136, 807365.3926844136, 807365.3926844136, 807365.3926844136, 807365.3926844136, 807365.3926844136, 807365.3926844136, 807365.3926844136, 807365.3926844136, 807365.3926844136, 807365.3926844136, 807365.3926844136, 807365.3926844136, 807365.3926844136, 807365.3926844136, 807365.3926844136, 807365.3926844136, 807365.3926844136, 807365.3926844136, 807365.3926844136, 807365.3926844136, 807365.3926844136, 807365.3926844136, 807365.3926844136, 807365.3926844136, 807365.3926844136, 807365.3926844136, 807365.3926844136, 807365.3926844136, 809011.692078212, 809011.692078212, 809481.56995563, 810324.0, 810324.0, 810324.0, 810324.0, 810324.0, 810324.0, 810324.0, 810324.0, 810324.0, 810324.0, 810324.0, 810324.0, 810324.0, 810324.0, 810324.0, 810324.0, 810324.0, 810324.0, 810324.0, 810324.0, 810324.0, 810324.0, 810324.0, 810324.0, 810324.0, 810324.0, 810324.0, 810324.0, 810324.0, 810324.0, 810324.0, 810324.0, 810324.0, 810324.0, 810324.0, 810324.0, 810324.0, 810324.0, 810324.0, 810324.0, 810324.0, 810324.0, 810324.0, 810324.0, 810324.0, 810324.0, 810324.0, 810324.0, 810324.0, 810324.0, 810324.0, 810324.0, 810324.0, 810324.0, 810324.0, 810324.0, 810324.0, 810324.0, 810324.0, 810324.0, 810324.0, 810324.0, 810324.0, 810324.0, 810324.0, 810324.0, 810324.0, 810324.0, 810324.0, 810324.0, 810324.0, 810324.0, 810324.0, 810324.0, 810324.0, 810324.0, 810324.0, 810324.0, 810324.0, 810324.0, 810324.0, 810324.0, 810324.0, 810324.0, 810324.0, 810324.0, 810324.0, 810324.0, 810324.0, 810324.0, 810324.0, 810324.0, 810324.0, 810324.0, 810324.0, 810324.0, 810324.0, 810324.0, 810324.0, 810324.0, 810324.0, 810324.0, 810324.0, 810324.0, 810324.0, 810324.0, 810324.0, 810324.0, 810324.0, 810324.0, 810324.0, 810324.0, 810324.0, 810324.0, 810324.0, 810324.0, 810324.0, 810324.0, 810324.0, 810324.0, 810324.0, 810324.0, 810324.0, 810324.0, 810324.0, 810324.0, 810324.0, 810324.0, 810324.0, 810324.0, 810324.0, 810324.0, 810324.0, 810324.0, 810324.0, 810324.0, 810324.0, 810324.0, 810324.0, 810324.0, 810324.0, 810324.0, 810324.0, 810324.0, 810324.0, 810324.0, 810324.0, 810324.0, 810324.0, 810324.0, 810324.0, 810324.0, 810324.0, 810324.0, 810324.0, 810324.0, 810324.0, 810324.0, 810324.0, 810324.0, 810324.0, 810324.0, 810324.0, 810324.0, 810324.0, 810324.0, 810324.0, 810324.0, 810324.0, 810324.0, 810324.0, 810324.0, 810324.0, 810324.0, 810324.0, 810324.0, 810324.0, 810324.0, 810324.0, 810324.0, 810324.0, 810324.0, 810324.0, 810324.0, 810324.0, 810324.0, 810324.0, 810324.0, 810324.0, 810324.0, 810324.0, 810324.0, 810324.0, 810324.0, 810324.0, 810324.0, 810324.0, 810324.0, 810324.0, 810324.0, 810324.0, 810324.0, 810324.0, 810324.0, 810324.0, 810324.0, 810324.0, 810324.0, 810324.0, 810324.0, 810324.0, 810324.0, 810324.0, 810324.0, 810324.0, 810324.0, 810324.0, 810324.0, 810324.0, 810324.0, 810324.0, 810324.0, 810324.0, 810324.0, 810324.0, 810324.0, 810324.0, 810324.0, 810324.0, 810324.0, 810324.0, 810324.0, 810324.0, 810324.0, 810324.0, 810324.0, 810324.0, 810324.0, 810324.0, 810324.0, 810324.0, 810324.0, 810324.0, 810324.0, 810324.0, 810324.0, 810324.0, 810324.0, 810324.0, 810324.0, 810324.0, 810324.0, 810324.0, 810324.0, 810324.0, 810324.0, 810324.0, 810324.0, 810324.0, 810324.0, 810324.0, 810324.0, 810324.0, 810324.0, 810324.0, 810324.0, 810324.0, 810324.0, 810324.0, 810324.0, 810324.0, 810324.0, 810324.0, 810324.0, 810324.0, 810324.0, 810324.0, 810324.0, 810324.0, 810324.0, 810324.0, 810324.0, 810324.0, 810324.0, 810324.0, 810324.0, 810324.0, 810324.0, 810324.0, 810324.0, 810324.0, 810324.0, 810324.0, 810324.0, 810324.0, 810324.0, 810324.0, 810324.0, 810324.0, 810324.0, 810324.0, 810324.0, 810324.0, 810324.0, 810324.0, 810324.0, 810324.0, 810324.0, 810324.0, 810324.0, 810324.0, 810324.0, 810324.0, 810324.0, 810324.0, 810324.0, 810324.0, 810324.0, 810324.0, 810324.0, 810324.0, 810324.0, 810324.0, 810324.0, 810324.0, 810324.0, 810324.0, 810324.0, 810324.0, 810324.0, 810324.0, 810324.0, 810324.0, 810324.0, 810324.0, 810324.0, 810324.0, 810324.0, 810324.0, 810324.0, 810324.0, 810324.0, 810324.0, 810324.0, 810324.0, 810324.0, 810324.0, 810324.0, 810324.0, 810324.0, 810324.0, 810324.0, 810324.0, 810324.0, 810324.0, 810324.0, 810324.0, 810324.0, 810324.0, 810324.0, 810324.0, 810324.0, 810324.0, 810324.0, 810324.0, 810324.0, 810324.0, 810324.0, 810324.0, 810324.0, 810324.0, 810324.0, 810324.0, 810324.0, 810324.0, 810324.0, 810324.0, 810324.0, 810324.0, 810324.0, 810324.0, 810324.0, 810324.0, 810324.0, 810324.0, 810324.0, 810324.0, 810324.0, 810324.0, 810324.0, 810324.0, 810324.0, 810324.0, 810324.0, 810324.0, 810324.0, 810324.0, 810324.0, 810324.0, 810324.0, 810324.0, 810324.0, 810324.0, 810324.0, 810324.0, 810324.0, 810324.0, 810324.0, 810324.0, 810324.0, 810324.0, 810324.0, 810324.0, 810324.0, 810324.0, 810324.0, 810324.0, 810324.0, 810324.0, 810324.0, 810324.0, 810324.0, 810324.0, 810324.0, 810324.0, 810324.0, 810324.0, 810324.0, 810324.0, 810324.0, 810324.0, 810324.0, 810324.0, 810324.0, 810324.0, 810324.0, 810324.0, 810324.0, 810324.0, 810324.0, 810324.0, 810324.0, 810324.0, 810324.0, 810324.0, 810324.0, 810324.0, 810324.0, 810324.0, 810324.0, 810324.0, 810324.0, 810324.0, 810324.0, 810324.0, 810324.0, 810324.0, 810324.0, 810324.0, 810324.0, 810324.0, 810324.0, 810324.0, 810324.0, 810324.0, 810324.0, 810324.0, 810324.0, 810324.0, 810324.0, 810324.0, 810324.0, 810324.0, 810324.0, 810324.0, 810324.0, 810324.0, 810324.0, 810324.0, 810324.0, 810324.0, 810324.0, 810324.0, 810324.0, 810324.0, 810324.0, 810324.0, 810324.0, 810324.0, 810324.0, 810324.0, 810324.0, 810324.0, 810324.0, 810324.0, 810324.0, 810324.0, 810324.0, 810324.0, 810324.0, 810324.0, 810324.0, 810324.0, 810324.0, 810324.0, 810324.0, 810324.0, 810324.0, 810324.0, 810324.0, 810324.0, 810324.0, 810324.0, 810324.0, 810324.0, 810324.0, 810324.0, 810324.0, 810324.0, 810324.0, 810324.0, 810324.0, 810324.0, 810324.0, 810324.0, 810324.0, 810324.0, 810324.0, 810324.0, 810324.0, 810324.0, 810324.0, 810324.0, 810324.0, 810324.0, 810324.0, 810324.0, 810324.0, 810324.0, 810324.0, 810324.0, 810324.0, 810324.0, 810324.0, 810324.0, 810324.0, 810324.0, 810324.0, 810324.0, 810324.0, 810324.0, 810324.0, 810324.0, 810324.0, 810324.0, 810324.0, 810324.0, 810324.0, 810324.0, 810324.0, 810324.0, 810324.0, 810324.0, 810324.0, 810324.0, 810324.0, 810324.0, 810324.0, 810324.0, 810324.0, 810324.0, 810324.0, 810324.0, 810324.0, 810324.0, 810324.0, 810324.0, 810324.0, 810324.0, 810324.0, 810324.0, 810324.0, 810324.0, 810324.0, 810324.0, 810324.0, 810324.0, 810324.0, 810324.0, 810324.0, 810324.0, 810324.0, 810324.0, 810324.0, 810324.0, 810324.0, 810324.0, 810324.0, 810324.0, 810324.0, 810324.0, 810324.0, 810324.0, 810324.0, 810324.0, 810324.0, 810324.0, 810324.0, 810324.0, 810324.0, 810324.0, 810324.0, 810324.0, 810324.0, 810324.0, 810324.0, 810324.0, 810324.0, 810324.0, 810324.0, 810324.0, 810324.0, 810324.0, 810324.0, 810324.0, 810324.0, 810324.0, 810324.0, 810324.0, 810324.0, 810324.0, 810324.0, 810324.0, 810324.0, 810324.0, 810324.0, 810324.0, 810324.0, 810324.0, 810324.0, 810324.0, 810324.0, 810324.0, 810324.0, 810324.0, 810324.0, 810324.0, 810324.0, 810324.0, 810324.0, 810324.0, 810324.0, 810324.0, 810324.0, 810324.0, 810324.0, 810324.0, 810324.0, 810324.0, 810324.0, 810324.0, 810324.0, 810324.0, 810324.0, 810324.0, 810324.0, 810324.0, 810324.0, 810324.0, 810324.0, 810324.0, 810324.0, 810324.0, 810324.0, 810324.0, 810324.0, 810324.0, 810324.0, 810324.0, 810324.0, 810324.0, 810324.0, 810324.0, 810324.0, 810324.0, 810324.0, 810324.0, 810324.0, 810324.0, 810324.0, 810324.0, 810324.0, 810324.0, 810324.0, 810324.0, 810324.0, 810324.0, 810324.0, 810324.0, 810324.0, 810324.0, 810324.0, 810324.0, 810324.0, 810324.0, 810324.0, 810324.0, 810324.0, 810324.0, 810324.0, 810324.0, 810324.0, 810324.0, 810324.0, 810324.0, 810324.0, 810324.0, 810324.0, 810324.0, 810324.0, 810324.0, 810324.0, 810324.0, 810324.0, 810324.0, 810324.0, 810324.0, 810324.0, 810324.0, 810324.0, 810324.0, 810324.0, 810324.0, 810324.0, 810324.0, 810324.0, 810324.0, 810324.0, 810324.0, 810324.0, 810324.0, 810324.0, 810324.0, 810324.0, 810324.0, 810324.0, 810324.0, 810324.0, 810324.0, 810324.0, 810324.0, 810324.0, 810324.0, 810324.0, 810324.0, 810324.0, 810324.0, 810324.0, 810324.0, 810324.0, 810324.0, 810324.0, 810324.0, 810324.0, 810324.0, 810324.0, 810324.0, 810324.0, 810324.0, 810324.0, 810324.0, 810324.0, 810324.0, 810324.0, 810324.0, 810324.0, 810324.0, 810324.0, 810324.0, 810324.0, 810324.0, 810324.0, 810324.0, 810324.0, 810324.0, 810324.0, 810324.0, 810324.0, 810324.0, 810324.0, 810324.0, 810324.0, 810324.0, 810324.0, 810324.0, 810324.0, 810324.0, 810324.0, 810324.0, 810324.0, 810324.0, 810324.0, 810324.0, 810324.0, 810324.0, 810324.0, 810324.0, 810324.0, 810324.0, 810324.0, 810324.0, 810324.0, 810324.0, 810324.0, 810324.0, 810324.0, 810324.0, 810324.0, 810324.0, 810324.0, 810324.0, 810324.0, 810324.0, 810324.0, 810324.0, 810324.0, 810324.0, 810324.0, 810324.0, 810324.0, 810324.0, 810324.0, 810324.0, 810324.0, 810324.0, 810324.0, 810324.0, 810324.0, 810324.0, 810324.0, 810324.0, 810324.0, 810324.0, 810324.0, 810324.0, 810324.0, 810324.0, 810324.0, 810324.0, 810324.0, 810324.0, 810324.0, 810324.0, 810324.0, 810324.0, 810324.0, 810324.0, 810324.0, 810324.0, 810324.0, 810324.0, 810324.0, 810324.0, 810324.0, 810324.0, 810324.0, 810324.0, 810324.0, 810324.0, 810324.0, 810324.0, 810324.0, 810324.0, 810324.0, 810324.0, 810324.0, 810324.0, 810324.0, 810324.0, 810324.0, 810324.0, 810324.0, 810324.0, 810324.0, 810324.0, 810324.0, 810324.0, 810324.0, 810324.0, 810324.0, 810324.0, 810324.0, 810324.0, 810324.0, 810324.0, 810324.0, 810324.0, 810324.0, 810324.0, 810324.0, 810324.0, 810324.0, 810324.0, 810324.0, 810324.0, 810324.0, 810324.0, 810324.0, 810324.0, 810324.0, 810324.0, 810324.0, 810324.0, 810324.0, 810324.0, 810324.0, 810324.0, 810324.0, 810324.0, 810324.0, 810324.0, 810324.0, 810324.0, 810324.0, 810324.0, 810324.0, 810324.0, 810324.0, 810324.0, 810324.0, 810324.0, 810324.0, 810324.0, 810324.0, 810324.0, 810324.0, 810324.0, 810324.0, 810324.0, 810324.0, 810324.0, 810324.0, 810324.0, 810324.0, 810324.0, 810324.0, 810324.0, 810324.0, 810324.0, 810324.0, 810324.0, 810324.0, 810324.0, 810324.0, 810324.0, 810324.0, 810324.0, 810324.0, 810324.0, 810324.0, 810324.0, 810324.0, 810324.0, 810324.0, 810324.0, 810324.0, 810324.0, 810324.0, 810324.0, 810324.0, 810324.0, 810324.0, 810324.0, 810324.0, 810324.0, 810324.0, 810324.0, 810324.0, 810324.0, 810324.0, 810324.0, 810324.0, 810324.0, 810324.0, 810324.0, 810324.0, 810324.0, 810324.0, 810324.0, 810324.0, 810324.0, 810324.0, 810324.0, 810324.0, 810324.0, 810324.0, 810324.0, 810324.0, 810324.0, 810324.0, 810324.0, 810324.0, 810324.0, 810324.0, 810324.0, 810324.0, 810324.0, 810324.0, 810324.0, 810324.0, 810324.0, 810324.0, 810324.0, 810324.0, 810324.0, 810324.0, 810324.0, 810324.0, 810324.0, 810324.0, 810324.0, 810324.0, 810324.0, 810324.0, 810324.0, 810324.0, 810324.0, 810324.0, 810324.0, 810324.0, 810324.0, 810324.0, 810324.0, 810324.0, 810324.0, 810324.0, 810324.0, 810324.0, 810324.0, 810324.0, 810324.0, 810324.0, 810324.0, 810324.0, 810324.0, 810324.0, 810324.0, 810324.0, 810324.0, 810061.7299404944, 810061.7299404944, 810061.7299404944, 810061.7299404944, 810061.7299404944, 810061.7299404944, 810061.7299404944, 810061.7299404944, 810061.7299404944, 810061.7299404944, 810061.7299404944, 810061.7299404944, 810061.7299404944, 810061.7299404944, 810061.7299404944, 810061.7299404944, 810061.7299404944, 810061.7299404944, 810061.7299404944, 810061.7299404944, 810061.7299404944, 810061.7299404944, 810061.7299404944, 810061.7299404944, 810061.7299404944, 810061.7299404944, 810061.7299404944, 810061.7299404944, 810061.7299404944, 810324.0, 810324.0, 810324.0, 810324.0, 810324.0, 810324.0, 810324.0, 810324.0, 810324.0, 810324.0, 810324.0, 810324.0, 810324.0, 810324.0, 810324.0, 810324.0, 810324.0, 810324.0, 810324.0, 810324.0, 810324.0, 810324.0, 810324.0, 810324.0, 810324.0, 810324.0, 810324.0, 810324.0, 810324.0, 810324.0, 810324.0, 810324.0, 810324.0, 810324.0, 810324.0, 810324.0, 810324.0, 810324.0, 810324.0, 810324.0, 810324.0, 810324.0, 810324.0, 810324.0, 810324.0, 810324.0, 810324.0, 810324.0, 810324.0, 810324.0, 810324.0, 810324.0, 810324.0, 810324.0, 810324.0, 810324.0, 810324.0, 810324.0, 810324.0, 810324.0, 810324.0, 810324.0, 810324.0, 810324.0, 810324.0, 810324.0, 810324.0, 810324.0, 810324.0, 810324.0, 810324.0, 810324.0, 810324.0, 810324.0, 810324.0, 810324.0, 810324.0, 810324.0, 810324.0, 810324.0, 810324.0, 810324.0, 810324.0, 810324.0, 810324.0, 810324.0, 810324.0, 810324.0, 810324.0, 810324.0, 810324.0, 810324.0, 810324.0, 810324.0, 810324.0, 810324.0, 810324.0, 810324.0, 810324.0, 810324.0, 810324.0, 810324.0, 810324.0, 810324.0, 810324.0, 810324.0, 810324.0, 810324.0, 810324.0, 810324.0, 810324.0, 810324.0, 810324.0, 810324.0, 810324.0, 810324.0, 810324.0, 810324.0, 810324.0, 810324.0, 810324.0, 810324.0, 810324.0, 810324.0, 810324.0, 810324.0, 810324.0, 810324.0, 810324.0, 810324.0, 810324.0, 810324.0, 810324.0, 810324.0, 810324.0, 810324.0, 810324.0, 810324.0, 810324.0, 810324.0, 810324.0, 810324.0, 810324.0, 810324.0, 810324.0, 810324.0, 810324.0, 810324.0, 810324.0, 810324.0, 810324.0, 810324.0, 810324.0, 810324.0, 810324.0, 810324.0, 810324.0, 810324.0, 810324.0, 810324.0, 810324.0, 810324.0, 810324.0, 810324.0, 810324.0, 810324.0, 810324.0, 810324.0, 810324.0, 810324.0, 810324.0, 810324.0, 810324.0, 810324.0, 810324.0, 810324.0, 810324.0, 810324.0, 810324.0, 810324.0, 810324.0, 810324.0, 810324.0, 810324.0, 810324.0, 810324.0, 810324.0, 810324.0, 810324.0, 810324.0, 810324.0, 810324.0, 810324.0, 810324.0, 810324.0, 810324.0, 810324.0, 810324.0, 810324.0, 810324.0, 810324.0, 810324.0, 810324.0, 810324.0, 810324.0, 810324.0, 810324.0, 810324.0, 810324.0, 810324.0, 810324.0, 810324.0, 810324.0, 810324.0, 810324.0, 810324.0, 810324.0, 810324.0, 810324.0, 810324.0, 810324.0, 810324.0, 810324.0, 810324.0, 810324.0, 810324.0, 810324.0, 810324.0, 810324.0, 810324.0, 810324.0, 810324.0, 810324.0, 810324.0, 810324.0, 810324.0, 810324.0, 810324.0, 810324.0, 810324.0, 810324.0, 810324.0, 810324.0, 810324.0, 810324.0, 810324.0, 810324.0, 810324.0, 810324.0, 810324.0, 810324.0, 810324.0, 810324.0, 810324.0, 810324.0, 810324.0, 810324.0, 810324.0, 810324.0, 810324.0, 810324.0, 810324.0, 810324.0, 810324.0, 810324.0, 810324.0, 810324.0, 810324.0, 810324.0, 810324.0, 810324.0, 810324.0, 810324.0, 810324.0, 810324.0, 810324.0, 810324.0, 810324.0, 810324.0, 810324.0, 810324.0, 810324.0, 810324.0, 810324.0, 810324.0, 810324.0, 810324.0, 810324.0, 810324.0, 810324.0, 810324.0, 810324.0, 810324.0, 810324.0, 810324.0, 810324.0, 810324.0, 810324.0, 810324.0, 810324.0, 810324.0, 810324.0, 810324.0, 810324.0, 810324.0, 810324.0, 810324.0, 810324.0, 810324.0, 810324.0, 810324.0, 810324.0, 810324.0, 810324.0, 810324.0, 810324.0, 810324.0, 810324.0, 810324.0, 810324.0, 810324.0, 810324.0, 810324.0, 810324.0, 810324.0, 810324.0, 810324.0, 810324.0, 810324.0, 810324.0, 810324.0, 810324.0, 810324.0, 810324.0, 810324.0, 810324.0, 810324.0, 810324.0, 810324.0, 810324.0, 810324.0, 810324.0, 810324.0, 810324.0, 810324.0, 810324.0, 810324.0, 810324.0, 810324.0, 810324.0, 810324.0, 810324.0, 810324.0, 810324.0, 810324.0, 810324.0, 810324.0, 810324.0, 810324.0, 810324.0, 810324.0, 810324.0, 810324.0, 810324.0, 810324.0, 810324.0, 810324.0, 810324.0, 810324.0, 810324.0, 810324.0, 810324.0, 810324.0, 810324.0, 810324.0, 810324.0, 810324.0, 810324.0, 810324.0, 810324.0, 810324.0, 810324.0, 810324.0, 810324.0, 810324.0, 810324.0, 810324.0, 810324.0, 810324.0, 810324.0, 810324.0, 810324.0, 810324.0, 810324.0, 810324.0, 810324.0, 810324.0, 810324.0, 810324.0, 810324.0, 810324.0, 810324.0, 810324.0, 810324.0, 810324.0, 810324.0, 810324.0, 810324.0, 810324.0, 810324.0, 810324.0, 810324.0, 810324.0, 810324.0, 810324.0, 810324.0, 810324.0, 810324.0, 810324.0, 810324.0, 810324.0, 810324.0, 810324.0, 810324.0, 810324.0, 803425.1896357625, 803425.1896357625, 803425.1896357625, 803425.1896357625, 803425.1896357625, 803425.1896357625, 803425.1896357625, 803425.1896357625, 803425.1896357625, 803425.1896357625, 803425.1896357625, 803425.1896357625, 803425.1896357625, 803425.1896357625, 803425.1896357625, 803425.1896357625, 803425.1896357625, 803425.1896357625, 803425.1896357625, 803425.1896357625, 803425.1896357625, 803425.1896357625, 803425.1896357625, 803425.1896357625, 803425.1896357625, 803425.1896357625, 803425.1896357625, 803425.1896357625, 803425.1896357625, 803425.1896357625, 803425.1896357625, 803425.1896357625, 803425.1896357625, 803425.1896357625, 810305.4961400998, 810305.4961400998, 810305.4961400998, 810305.4961400998, 810305.4961400998, 810305.4961400998, 810305.4961400998, 810305.4961400998, 810305.4961400998, 810305.4961400998, 810305.4961400998, 810324.0, 810324.0, 810324.0, 810324.0, 810324.0, 810324.0, 810324.0, 810324.0, 810324.0, 810324.0, 810324.0, 810324.0, 810324.0, 810324.0, 810324.0, 810324.0, 810324.0, 810324.0, 810324.0, 810324.0, 810324.0, 810324.0, 810324.0, 810324.0, 810324.0, 810324.0, 810324.0, 810324.0, 810324.0, 810324.0, 810324.0, 810324.0, 810324.0, 810324.0, 810324.0, 810324.0, 810324.0, 810324.0, 810324.0, 810324.0, 810324.0, 810324.0, 810324.0, 810324.0, 810324.0, 810324.0, 810324.0, 810324.0, 810324.0, 810324.0, 810324.0, 810324.0, 810324.0, 810324.0, 810324.0, 810324.0, 810324.0, 810324.0, 810324.0, 810324.0, 810324.0, 810324.0, 810324.0, 810324.0, 810324.0, 810324.0, 810324.0, 810324.0, 810324.0, 810324.0, 810324.0, 810324.0, 810324.0, 810324.0, 810324.0, 810324.0, 810324.0, 810324.0, 810324.0, 810324.0, 810324.0, 810324.0, 810324.0, 810324.0, 810324.0, 810324.0, 810324.0, 810324.0, 810324.0, 810324.0, 810324.0, 810324.0, 810324.0, 810324.0, 810324.0, 810324.0, 810324.0, 810324.0, 810324.0, 810324.0, 810324.0, 810324.0, 810324.0, 810324.0, 810324.0, 810324.0, 810324.0, 810324.0, 810324.0, 810324.0, 810324.0, 810324.0, 810324.0, 810324.0, 810324.0, 810324.0, 810324.0, 810324.0, 810324.0, 810324.0, 810324.0, 810324.0, 810324.0, 810324.0, 810324.0, 810324.0, 810324.0, 810324.0, 810324.0, 810324.0, 810324.0, 810324.0, 810324.0, 810324.0, 810324.0, 810324.0, 810324.0, 810324.0, 810324.0, 810324.0, 810324.0, 810324.0, 810324.0, 810324.0, 810324.0, 810324.0, 810324.0, 810324.0, 810324.0, 810324.0, 810324.0, 810324.0, 810324.0, 810324.0, 810324.0, 810324.0, 810324.0, 810324.0, 810324.0, 810324.0, 810324.0, 810324.0, 810324.0, 810324.0, 810324.0, 810324.0, 810324.0, 810324.0, 810324.0, 810324.0, 810324.0, 810324.0, 810324.0, 810324.0, 810324.0, 810324.0, 810324.0, 810324.0, 810324.0, 810324.0, 810324.0, 810324.0, 810324.0, 810324.0, 810324.0, 810324.0, 810324.0, 810324.0, 810324.0, 810324.0, 810324.0, 810324.0, 810324.0, 810324.0, 810324.0, 810324.0, 810324.0, 810324.0, 810324.0, 810324.0, 810324.0, 810324.0, 810324.0, 810324.0, 810324.0, 810324.0, 810324.0, 810324.0, 810324.0, 810324.0, 810324.0, 810324.0, 810324.0, 810324.0, 810324.0, 810324.0, 810324.0, 810324.0, 810324.0, 810324.0, 810324.0, 810324.0, 810324.0, 810324.0, 810324.0, 810324.0, 810324.0, 810324.0, 810123.5208142895, 810123.5208142895, 810123.5208142895, 810123.5208142895, 810123.5208142895, 810123.5208142895, 810123.5208142895, 810123.5208142895, 810123.5208142895, 810123.5208142895, 810123.5208142895, 810123.5208142895, 810123.5208142895, 810123.5208142895, 810123.5208142895, 810123.5208142895, 810123.5208142895, 810123.5208142895, 810123.5208142895, 810123.5208142895, 810123.5208142895, 810123.5208142895, 810123.5208142895, 810123.5208142895, 810123.5208142895, 810123.5208142895, 810123.5208142895, 810123.5208142895, 810123.5208142895, 810123.5208142895, 810123.5208142895, 810123.5208142895, 810123.5208142895, 810123.5208142895, 810123.5208142895, 810123.5208142895, 810123.5208142895, 810123.5208142895, 810123.5208142895, 810123.5208142895, 810123.5208142895, 810123.5208142895, 810123.5208142895, 810123.5208142895, 810303.5825797063, 810303.5825797063, 810303.5825797063, 810303.5825797063, 810303.5825797063, 810303.5825797063, 810303.5825797063, 810303.5825797063, 810303.5825797063, 810303.5825797063, 810303.5825797063, 810303.5825797063, 810303.5825797063, 810303.5825797063, 810303.5825797063, 810303.5825797063, 810303.5825797063, 810303.5825797063, 810303.5825797063, 810303.5825797063, 810303.5825797063, 810303.5825797063, 810303.5825797063, 810303.5825797063, 810303.5825797063, 810303.5825797063, 810303.5825797063, 810303.5825797063, 810303.5825797063, 810303.5825797063, 810303.5825797063, 810303.5825797063, 810303.5825797063, 810303.5825797063, 810303.5825797063, 810303.5825797063, 810303.5825797063, 810303.5825797063, 810303.5825797063, 810303.5825797063, 810303.5825797063, 810303.5825797063, 810303.5825797063, 810303.5825797063, 810324.0, 810324.0, 810324.0, 810324.0, 810324.0, 810324.0, 810324.0, 810324.0, 810324.0, 810324.0, 810324.0, 810324.0, 810324.0, 810324.0, 810324.0, 810324.0, 810324.0, 810324.0, 810324.0, 810324.0, 810324.0, 810324.0, 810324.0, 810324.0, 810324.0, 810324.0, 810324.0, 810324.0, 810324.0, 810324.0, 810324.0, 810324.0, 810324.0, 810324.0, 810324.0, 810324.0, 810324.0, 810324.0, 810324.0, 810324.0, 810324.0, 810324.0, 810324.0, 810324.0, 810324.0, 810324.0, 810324.0, 810324.0, 800348.5591732352, 800348.5591732352, 800348.5591732352, 800348.5591732352, 800348.5591732352, 800348.5591732352, 800348.5591732352, 800348.5591732352, 800348.5591732352, 800348.5591732352, 800348.5591732352, 800348.5591732352, 800348.5591732352, 800348.5591732352, 800348.5591732352, 800348.5591732352, 800348.5591732352, 800348.5591732352, 800348.5591732352, 800348.5591732352, 800348.5591732352, 800348.5591732352, 800348.5591732352, 800348.5591732352, 800348.5591732352, 800348.5591732352, 800348.5591732352, 800348.5591732352, 809937.4285523319, 809937.4285523319, 809937.4285523319, 809937.4285523319, 809937.4285523319, 809937.4285523319, 809937.4285523319, 809937.4285523319, 810324.0, 810324.0, 810324.0, 810324.0, 810324.0, 810324.0, 810324.0, 810324.0, 810324.0, 809945.1228740894, 809945.1228740894, 809945.1228740894, 809945.1228740894, 809945.1228740894, 809945.1228740894, 809945.1228740894, 809945.1228740894, 809945.1228740894, 809945.1228740894, 809945.1228740894, 809945.1228740894, 809945.1228740894, 809945.1228740894, 809945.1228740894, 809945.1228740894, 809945.1228740894, 809945.1228740894, 809945.1228740894, 809945.1228740894, 809945.1228740894, 809945.1228740894, 809945.1228740894, 809945.1228740894, 809945.1228740894, 809945.1228740894, 809945.1228740894, 809945.1228740894, 809945.1228740894, 809945.1228740894, 809945.1228740894, 809945.1228740894, 809945.1228740894, 809945.1228740894, 809945.1228740894, 809945.1228740894, 809945.1228740894, 809945.1228740894, 809945.1228740894, 809945.1228740894, 809945.1228740894, 809945.1228740894, 809945.1228740894, 809945.1228740894, 809945.1228740894, 809945.1228740894, 809945.1228740894, 809945.1228740894, 809945.1228740894, 809945.1228740894, 809945.1228740894, 809945.1228740894, 809945.1228740894, 809945.1228740894, 809945.1228740894, 809945.1228740894, 809945.1228740894, 809945.1228740894, 809945.1228740894, 809945.1228740894, 809945.1228740894, 809945.1228740894, 809945.1228740894, 809945.1228740894, 809945.1228740894, 809945.1228740894, 809945.1228740894, 809945.1228740894, 809945.1228740894, 809945.1228740894, 809945.1228740894, 809945.1228740894, 809945.1228740894, 809945.1228740894, 809945.1228740894, 809945.1228740894, 809945.1228740894, 809945.1228740894, 809945.1228740894, 809945.1228740894, 809945.1228740894, 809945.1228740894, 809945.1228740894, 809945.1228740894, 809945.1228740894, 809945.1228740894, 809945.1228740894, 810324.0, 810324.0, 810324.0, 810324.0, 810324.0, 810324.0, 810324.0, 810324.0, 810324.0, 810324.0, 810324.0, 810324.0, 810324.0, 810324.0, 810324.0, 810324.0, 810324.0, 810324.0, 810324.0, 810324.0, 810324.0, 810324.0, 810324.0, 810324.0, 810324.0, 810324.0, 810324.0, 810324.0, 810324.0, 810324.0, 810324.0, 810324.0, 810324.0, 810324.0, 810324.0, 810324.0, 810324.0, 810324.0, 810324.0, 810324.0, 810324.0, 810324.0, 810324.0, 810324.0, 810324.0, 810324.0, 810324.0, 810324.0, 810324.0, 810324.0, 807868.646293247, 807868.646293247, 807868.646293247, 807868.646293247, 807868.646293247, 807868.646293247, 807868.646293247, 807868.646293247, 807868.646293247, 807868.646293247, 807868.646293247, 807868.646293247, 807868.646293247, 807868.646293247, 807868.646293247, 807868.646293247, 807868.646293247, 807868.646293247, 807868.646293247, 807868.646293247, 807868.646293247, 807868.646293247, 807868.646293247, 807868.646293247, 807868.646293247, 807868.646293247, 807868.646293247, 807868.646293247, 807868.646293247, 807868.646293247, 807868.646293247, 807868.646293247, 807868.646293247, 807868.646293247, 807868.646293247, 807868.646293247, 810324.0, 810324.0, 810324.0, 810324.0, 810324.0, 810324.0, 810324.0, 810324.0, 810324.0, 810324.0, 810324.0, 810324.0, 810324.0, 810324.0, 810324.0, 810324.0, 810324.0, 810324.0, 810324.0, 810324.0, 810324.0, 810324.0, 810324.0, 810324.0, 810324.0, 810324.0, 810324.0, 810324.0, 810324.0, 810324.0, 810324.0, 810324.0, 810324.0, 810324.0, 810324.0, 810324.0, 810324.0, 810324.0, 810324.0, 810324.0, 810324.0, 810324.0, 810324.0, 810324.0, 810324.0, 810324.0, 810324.0, 810324.0, 810324.0, 810324.0, 810324.0, 810324.0, 810324.0, 810324.0, 796784.3492541863, 796784.3492541863, 796784.3492541863, 796784.3492541863, 796784.3492541863, 796784.3492541863, 796784.3492541863, 796784.3492541863, 796784.3492541863, 796784.3492541863, 796784.3492541863, 796784.3492541863, 796784.3492541863, 796784.3492541863, 796784.3492541863, 796784.3492541863, 796784.3492541863, 796784.3492541863, 796784.3492541863, 796784.3492541863, 796784.3492541863, 796784.3492541863, 796784.3492541863, 796784.3492541863, 796784.3492541863, 796784.3492541863, 796784.3492541863, 796784.3492541863, 810110.7922497449, 810110.7922497449, 810110.7922497449, 810110.7922497449, 810110.7922497449, 810110.7922497449, 810110.7922497449, 810110.7922497449, 810110.7922497449, 810273.5684229535, 810273.5684229535, 810324.0, 810324.0, 810324.0, 810324.0, 810324.0, 810324.0, 810324.0, 810324.0, 810324.0, 810324.0, 810324.0, 810324.0, 810324.0, 810324.0, 810324.0, 810324.0, 810324.0, 810324.0, 810324.0, 810324.0, 810324.0, 810324.0, 810324.0, 810324.0, 810324.0, 810324.0, 810324.0, 810324.0, 810324.0, 810324.0, 810324.0, 810324.0, 810324.0, 810324.0, 810324.0, 810324.0, 810324.0, 810324.0, 810324.0, 810324.0, 810324.0, 810324.0, 810324.0, 810324.0, 810324.0, 810324.0, 810324.0, 810324.0, 810324.0, 810324.0, 810324.0, 810324.0, 810324.0, 810324.0, 810324.0, 810324.0, 810324.0, 810324.0, 810324.0, 810324.0, 810324.0, 810324.0, 810324.0, 810324.0, 810324.0, 810324.0, 810324.0, 810324.0, 810324.0, 810324.0, 810324.0, 810324.0, 810324.0, 810324.0, 810324.0, 810324.0, 810324.0, 810324.0, 810324.0, 810324.0, 810324.0, 810324.0, 810324.0, 810324.0, 810324.0, 810324.0, 810324.0, 810324.0, 810324.0, 810324.0, 810324.0, 810324.0, 810324.0, 810324.0, 810324.0, 810324.0, 810324.0, 810324.0, 810324.0, 810324.0, 810324.0, 810324.0, 810324.0, 810324.0, 810324.0, 810324.0, 810324.0, 810324.0, 810324.0, 810324.0, 810324.0, 810324.0, 810324.0, 810324.0, 810324.0, 810324.0, 810324.0, 810324.0, 810324.0, 810324.0, 810324.0, 810324.0, 810324.0, 810324.0, 810324.0, 810324.0, 810324.0, 810324.0, 810324.0, 810324.0, 810324.0, 810324.0, 810324.0, 810324.0, 810324.0, 810324.0, 810324.0, 810324.0, 810324.0, 810324.0, 810324.0, 810324.0, 810324.0, 810324.0, 810324.0, 810324.0, 810324.0, 810324.0, 810324.0, 810324.0, 810324.0, 810324.0, 810324.0, 810324.0, 810324.0, 810324.0, 810324.0, 810324.0, 810324.0, 810324.0, 810324.0, 810324.0, 810324.0, 810324.0, 810324.0, 810324.0, 810324.0, 810324.0, 810324.0, 810324.0, 810324.0, 810324.0, 810324.0, 810324.0, 810324.0, 810324.0, 810324.0, 810324.0, 810324.0, 810324.0, 810324.0, 810324.0, 810324.0, 810324.0, 810324.0, 810324.0, 810324.0, 810324.0, 810324.0, 810324.0, 810324.0, 810324.0, 810324.0, 810324.0, 810324.0, 810324.0, 810324.0, 810324.0, 810324.0, 810324.0, 810324.0, 810324.0, 810324.0, 810324.0, 810324.0, 810324.0, 810324.0, 810324.0, 810324.0, 810324.0, 810324.0, 810324.0, 810324.0, 810324.0, 810324.0, 810324.0, 810324.0, 810324.0, 810324.0, 810324.0, 810324.0, 810324.0, 810324.0, 810324.0, 810324.0, 810324.0, 810324.0, 810324.0, 810324.0, 810324.0, 810324.0, 810324.0, 810324.0, 810324.0, 802415.0045611939, 802415.0045611939, 802415.0045611939, 802415.0045611939, 802415.0045611939, 802415.0045611939, 802415.0045611939, 802415.0045611939, 802415.0045611939, 802415.0045611939, 802415.0045611939, 802415.0045611939, 802415.0045611939, 802415.0045611939, 802415.0045611939, 802415.0045611939, 802415.0045611939, 802415.0045611939, 802415.0045611939, 802415.0045611939, 802415.0045611939, 802415.0045611939, 802415.0045611939, 802415.0045611939, 802415.0045611939, 802415.0045611939, 802415.0045611939, 802415.0045611939, 802415.0045611939, 802415.0045611939, 802415.0045611939, 802415.0045611939, 810324.0, 810324.0, 810324.0, 810324.0, 810324.0, 810324.0, 810324.0, 810324.0, 810324.0, 810324.0, 810324.0, 810324.0, 810324.0, 810324.0, 810324.0, 810324.0, 810324.0, 810324.0, 810324.0, 810324.0, 810324.0, 810324.0, 810324.0, 810324.0, 810324.0, 810324.0, 810324.0, 810324.0, 810324.0, 810324.0, 810324.0, 810324.0, 810324.0, 810324.0, 810324.0, 810324.0, 810324.0, 810324.0, 810324.0, 810324.0, 810324.0, 810324.0, 810324.0, 810324.0, 810324.0, 810324.0, 810324.0, 810324.0, 810324.0, 810324.0, 810324.0, 810324.0, 810324.0, 810324.0, 810324.0, 810324.0, 810324.0, 810324.0, 810324.0, 810324.0, 810324.0, 810324.0, 810324.0, 810324.0, 810324.0, 810324.0, 810324.0, 810324.0, 810324.0, 810324.0, 810324.0, 810324.0, 810324.0, 810324.0, 810324.0, 810324.0, 810324.0, 810324.0, 810324.0, 810324.0, 810324.0, 810324.0, 810324.0, 810324.0, 810324.0, 810324.0, 810324.0, 810324.0, 810324.0, 810324.0, 810324.0, 810324.0, 810324.0, 810324.0, 810324.0, 810324.0, 810324.0, 810324.0, 810324.0, 810324.0, 810324.0, 810324.0, 810324.0, 810324.0, 802874.563401401, 802874.563401401, 802874.563401401, 802874.563401401, 802874.563401401, 802874.563401401, 802874.563401401, 802874.563401401, 802874.563401401, 802874.563401401, 802874.563401401, 802874.563401401, 802874.563401401, 802874.563401401, 802874.563401401, 802874.563401401, 802874.563401401, 802874.563401401, 802874.563401401, 802874.563401401, 802874.563401401, 802874.563401401, 802874.563401401, 802874.563401401, 802874.563401401, 802874.563401401, 802874.563401401, 802874.563401401, 802874.563401401, 802874.563401401, 802874.563401401, 802874.563401401, 802874.563401401, 802874.563401401, 802874.563401401, 802874.563401401, 802654.9444671469, 809717.0941502556, 809717.0941502556, 809717.0941502556, 809717.0941502556, 809717.0941502556, 807459.3952555871, 807459.3952555871, 807459.3952555871, 808782.4165980332, 808782.4165980332, 808782.4165980332, 808782.4165980332, 808782.4165980332, 808782.4165980332, 808782.4165980332, 808782.4165980332, 808782.4165980332, 808782.4165980332, 808782.4165980332, 808782.4165980332, 808782.4165980332, 808782.4165980332, 808782.4165980332, 808782.4165980332, 808782.4165980332, 808782.4165980332, 808782.4165980332, 808782.4165980332, 808782.4165980332, 808782.4165980332, 808782.4165980332, 808782.4165980332, 808782.4165980332, 808782.4165980332, 808782.4165980332, 808782.4165980332, 808782.4165980332, 808782.4165980332, 808782.4165980332, 808782.4165980332, 808782.4165980332, 808782.4165980332, 808782.4165980332, 808782.4165980332, 808782.4165980332, 808782.4165980332, 808782.4165980332, 808782.4165980332, 810324.0, 810324.0, 810324.0, 810324.0, 810324.0, 810324.0, 810324.0, 
18944.476198461183, 18944.476198461183, 14901.007399336348, 14901.007399336348, 9096.165972276844, 9096.165972276844, 8621.06356435673, 8621.06356435673, 5985.684917560264, 3890.7640615478745, 3890.7640615478745, 3890.7640615478745, 3890.7640615478745, 3145.7174998555865, 2604.98367505648, 1272.4496353390002, 1272.4496353390002, 992.037816679639, 992.037816679639, 992.037816679639, 992.037816679639, 805.3860057091239, 805.3860057091239, 805.3860057091239, 488.4142315411218, 339.41436788478967, 238.3551199179732, 238.3551199179732, 238.3551199179732, 238.3551199179732, 238.3551199179732, 224.49651651159542, 224.49651651159542, 224.49651651159542, 192.5652063532699, 142.87916829696246, 142.87916829696246, 142.87916829696246, 106.18550885851633, 106.18550885851633, 106.18550885851633, 106.18550885851633, 106.18550885851633, 106.18550885851633, 84.03518222801615, 84.03518222801615, 75.03448066130463, 75.03448066130463, 75.03448066130463, 75.03448066130463, 75.03448066130463, 75.03448066130463, 75.03448066130463, 75.03448066130463, 71.62946048686736, 42.79398748947146, 42.79398748947146, 42.79398748947146, 42.79398748947146, 42.79398748947146, 41.61353339446883, 37.42272869765002, 37.42272869765002, 37.42272869765002, 37.42272869765002, 37.42272869765002, 37.42272869765002, 37.42272869765002, 37.42272869765002, 33.84108586831412, 33.84108586831412, 33.84108586831412, 33.84108586831412, 33.84108586831412, 33.84108586831412, 33.84108586831412, 33.84108586831412, 33.84108586831412, 30.826356943795027, 30.826356943795027, 30.826356943795027, 30.826356943795027, 30.826356943795027, 30.826356943795027, 30.826356943795027, 30.826356943795027, 30.826356943795027, 24.618916893633454, 24.618916893633454, 24.618916893633454, 24.618916893633454, 205517.13430633393, 205517.13430633393, 288119.0265725806, 288119.0265725806, 229781.7768928578, 229781.7768928578, 229781.7768928578, 259234.88213924435, 277169.1251628759, 555575.4173290879, 555575.4173290879, 538473.0464238328, 538473.0464238328, 547370.2271558204, 570805.8532636042, 573382.7334422353, 661768.5202327514, 661768.5202327514, 661768.5202327514, 661768.5202327514, 661768.5202327514, 661768.5202327514, 661768.5202327514, 661768.5202327514, 659298.2749847402, 794789.3160974422, 794789.3160974422, 794789.3160974422, 794789.3160974422, 794789.3160974422, 794789.3160974422, 794789.3160974422, 794789.3160974422, 794789.3160974422, 794789.3160974422, 795674.1124314587, 796069.975055497, 802851.62048813, 809326.8972850217, 810277.0908977388, 810277.0908977388, 810324.0, 810324.0, 810324.0, 810324.0, 810324.0, 810324.0, 810324.0, 810324.0, 810324.0, 810324.0, 810324.0, 810324.0, 810324.0, 810324.0, 810324.0, 810324.0, 810324.0, 810324.0, 810324.0, 810324.0, 810324.0, 810324.0, 810324.0, 810324.0, 810324.0, 810324.0, 810324.0, 810324.0, 810324.0, 810324.0, 810324.0, 810324.0, 810324.0, 810324.0, 810324.0, 810324.0, 810324.0, 810324.0, 810324.0, 810324.0, 810324.0, 810324.0, 810324.0, 810324.0, 810324.0, 810324.0, 810324.0, 810324.0, 810324.0, 810324.0, 810324.0, 810324.0, 810324.0, 810324.0, 810324.0, 810324.0, 810324.0, 810324.0, 810324.0, 810324.0, 810324.0, 810324.0, 810324.0, 810324.0, 810324.0, 810324.0, 810324.0, 810324.0, 810324.0, 810324.0, 810324.0, 810324.0, 810324.0, 810324.0, 810324.0, 810324.0, 810324.0, 810324.0, 810324.0, 810324.0, 810324.0, 810324.0, 810324.0, 810324.0, 810324.0, 810324.0, 810324.0, 810324.0, 810324.0, 810324.0, 810324.0, 810324.0, 810324.0, 810324.0, 810324.0, 810324.0, 810324.0, 810324.0, 810324.0, 810324.0, 810324.0, 810324.0, 810324.0, 810324.0, 810324.0, 810324.0, 810324.0, 810324.0, 810324.0, 810324.0, 810324.0, 810324.0, 810324.0, 810324.0, 810324.0, 810324.0, 810324.0, 810324.0, 810324.0, 810324.0, 810324.0, 810324.0, 810324.0, 810324.0, 810324.0, 810324.0, 810324.0, 810324.0, 810324.0, 810324.0, 810324.0, 810324.0, 810324.0, 810324.0, 810324.0, 810324.0, 810324.0, 810324.0, 810324.0, 810324.0, 810324.0, 810324.0, 810324.0, 810324.0, 810324.0, 810324.0, 810324.0, 810324.0, 810324.0, 810324.0, 810324.0, 810324.0, 810324.0, 810324.0, 810324.0, 810324.0, 810324.0, 810324.0, 810324.0, 810324.0, 810324.0, 810324.0, 810324.0, 810324.0, 810324.0, 810324.0, 810324.0, 810324.0, 810324.0, 810324.0, 810324.0, 810324.0, 810324.0, 810324.0, 810324.0, 810324.0, 810324.0, 810324.0, 810324.0, 810324.0, 810324.0, 810324.0, 810324.0, 810324.0, 810324.0, 810324.0, 810324.0, 810324.0, 810324.0, 810324.0, 810324.0, 810324.0, 810324.0, 810324.0, 810324.0, 810324.0, 810324.0, 810324.0, 810324.0, 810324.0, 810324.0, 810324.0, 810324.0, 810324.0, 810324.0, 810324.0, 810324.0, 810324.0, 810324.0, 810324.0, 810324.0, 810324.0, 810324.0, 810324.0, 810324.0, 810324.0, 810324.0, 810324.0, 810324.0, 810324.0, 810324.0, 810324.0, 810324.0, 810324.0, 810324.0, 810324.0, 810324.0, 810324.0, 810324.0, 810324.0, 810324.0, 810324.0, 810324.0, 810324.0, 810324.0, 810324.0, 810324.0, 810324.0, 810324.0, 810324.0, 810324.0, 810324.0, 810324.0, 810324.0, 810324.0, 810324.0, 810324.0, 810324.0, 810324.0, 810324.0, 810324.0, 810324.0, 810324.0, 810324.0, 810324.0, 810324.0, 810324.0, 810324.0, 810324.0, 810324.0, 810324.0, 810324.0, 810324.0, 810324.0, 810324.0, 810324.0, 810324.0, 810324.0, 810324.0, 810324.0, 810324.0, 810324.0, 810324.0, 810324.0, 810324.0, 810324.0, 810324.0, 810324.0, 810324.0, 810324.0, 810324.0, 810324.0, 810324.0, 810324.0, 810324.0, 810324.0, 810324.0, 810324.0, 810324.0, 810324.0, 810324.0, 810324.0, 810324.0, 810324.0, 810324.0, 810324.0, 810324.0, 810324.0, 810324.0, 810324.0, 810324.0, 810324.0, 810324.0, 810324.0, 810324.0, 810324.0, 810324.0, 810324.0, 810324.0, 810324.0, 810324.0, 810324.0, 810324.0, 810324.0, 810324.0, 810324.0, 810324.0, 810324.0, 810324.0, 810324.0, 810324.0, 810324.0, 810324.0, 810324.0, 810324.0, 810324.0, 810324.0, 810324.0, 810324.0, 810324.0, 810324.0, 810324.0, 810324.0, 810324.0, 810324.0, 810324.0, 810324.0, 810324.0, 810324.0, 810324.0, 810324.0, 810324.0, 810324.0, 810324.0, 810324.0, 810324.0, 810324.0, 810324.0, 810324.0, 810324.0, 810324.0, 810324.0, 810324.0, 810324.0, 810324.0, 810324.0, 810324.0, 810324.0, 810324.0, 810324.0, 810324.0, 810324.0, 810324.0, 810324.0, 810324.0, 810324.0, 810324.0, 810324.0, 810324.0, 810324.0, 810324.0, 810324.0, 810324.0, 810324.0, 810324.0, 810324.0, 810324.0, 810324.0, 810324.0, 810324.0, 810324.0, 810324.0, 810324.0, 810324.0, 810324.0, 810324.0, 810324.0, 810324.0, 810324.0, 810324.0, 810324.0, 810324.0, 810324.0, 810324.0, 810324.0, 810324.0, 810324.0, 810324.0, 810324.0, 810324.0, 810324.0, 810324.0, 810324.0, 810324.0, 810324.0, 810324.0, 810324.0, 810324.0, 810324.0, 810324.0, 810324.0, 810324.0, 810324.0, 810324.0, 810324.0, 810324.0, 810324.0, 810324.0, 810324.0, 810324.0, 810324.0, 810324.0, 810324.0, 810324.0, 810324.0, 810324.0, 810324.0, 810324.0, 810324.0, 810324.0, 810324.0, 810324.0, 810324.0, 810324.0, 810324.0, 810324.0, 810324.0, 810324.0, 810324.0, 810324.0, 810324.0, 810324.0, 810324.0, 810324.0, 810324.0, 810324.0, 810324.0, 810324.0, 810324.0, 810324.0, 810324.0, 810324.0, 810324.0, 810324.0, 810324.0, 810324.0, 810324.0, 810324.0, 805356.590174361, 805356.590174361, 805356.590174361, 805356.590174361, 805356.590174361, 805356.590174361, 805356.590174361, 805356.590174361, 805356.590174361, 805356.590174361, 805356.590174361, 805356.590174361, 805356.590174361, 805356.590174361, 805356.590174361, 805356.590174361, 805356.590174361, 805356.590174361, 805356.590174361, 805356.590174361, 805356.590174361, 805356.590174361, 805356.590174361, 805356.590174361, 805356.590174361, 805356.590174361, 805356.590174361, 805356.590174361, 805356.590174361, 805356.590174361, 805356.590174361, 805356.590174361, 805356.590174361, 805356.590174361, 805356.590174361, 806737.8586660199, 810324.0, 810324.0, 810324.0, 810324.0, 810324.0, 810324.0, 810324.0, 810324.0, 810324.0, 810324.0, 810324.0, 810324.0, 810324.0, 810324.0, 810324.0, 810324.0, 810324.0, 810324.0, 810324.0, 810324.0, 810324.0, 810324.0, 810324.0, 810324.0, 810324.0, 810324.0, 810324.0, 810324.0, 810324.0, 810324.0, 810324.0, 810324.0, 810324.0, 810324.0, 810324.0, 810324.0, 810324.0, 810324.0, 810324.0, 810324.0, 810324.0, 810324.0, 810324.0, 810324.0, 810324.0, 810324.0, 810324.0, 810324.0, 810324.0, 810324.0, 810324.0, 810324.0, 810324.0, 810324.0, 810324.0, 810324.0, 810324.0, 810324.0, 810324.0, 810324.0, 810324.0, 810324.0, 810324.0, 810324.0, 810324.0, 810324.0, 810324.0, 810324.0, 810324.0, 810324.0, 810324.0, 810324.0, 810324.0, 810324.0, 810324.0, 810324.0, 810324.0, 810324.0, 810324.0, 810324.0, 810324.0, 810324.0, 810324.0, 810324.0, 810324.0, 810324.0, 810324.0, 810324.0, 810324.0, 810324.0, 810324.0, 810324.0, 810324.0, 810324.0, 810324.0, 810324.0, 810324.0, 810324.0, 810324.0, 810324.0, 810324.0, 810324.0, 810324.0, 810324.0, 810324.0, 810324.0, 810324.0, 810324.0, 810324.0, 810324.0, 810324.0, 810324.0, 810324.0, 810324.0, 810324.0, 810324.0, 810324.0, 810324.0, 810324.0, 810324.0, 810324.0, 810324.0, 810324.0, 810324.0, 810324.0, 810324.0, 810324.0, 810324.0, 810324.0, 810324.0, 810324.0, 810324.0, 810324.0, 810324.0, 810324.0, 810324.0, 810324.0, 810324.0, 810324.0, 810324.0, 810324.0, 810324.0, 810324.0, 810324.0, 810324.0, 810324.0, 810324.0, 810324.0, 810324.0, 810324.0, 810324.0, 810324.0, 810324.0, 810324.0, 810324.0, 810324.0, 810324.0, 810324.0, 810324.0, 810324.0, 810324.0, 810324.0, 810324.0, 810324.0, 810324.0, 810324.0, 810324.0, 810324.0, 810324.0, 810324.0, 810324.0, 810324.0, 810324.0, 810324.0, 810324.0, 810324.0, 810324.0, 810324.0, 810324.0, 810324.0, 810324.0, 810324.0, 810324.0, 810324.0, 810324.0, 810324.0, 810324.0, 810324.0, 810324.0, 810324.0, 810324.0, 810324.0, 810324.0, 810324.0, 810324.0, 810324.0, 810324.0, 810324.0, 810324.0, 810324.0, 810324.0, 810324.0, 810324.0, 810324.0, 810324.0, 810324.0, 810324.0, 810324.0, 810324.0, 810324.0, 810324.0, 810324.0, 810324.0, 810324.0, 810324.0, 810324.0, 810324.0, 810324.0, 810324.0, 810324.0, 810324.0, 810324.0, 810324.0, 810324.0, 810324.0, 810324.0, 810324.0, 810324.0, 810324.0, 810324.0, 810324.0, 810324.0, 810324.0, 810324.0, 810324.0, 810324.0, 810324.0, 810324.0, 810324.0, 810324.0, 810324.0, 810324.0, 810324.0, 810324.0, 810324.0, 810324.0, 810324.0, 810324.0, 810324.0, 810324.0, 810324.0, 810324.0, 810324.0, 810324.0, 810324.0, 810324.0, 810324.0, 810324.0, 810324.0, 810324.0, 810324.0, 810324.0, 810324.0, 810324.0, 810324.0, 810324.0, 810324.0, 810324.0, 810324.0, 810324.0, 810324.0, 810324.0, 810324.0, 810324.0, 810324.0, 810324.0, 810324.0, 810324.0, 810324.0, 810324.0, 810324.0, 810324.0, 810324.0, 810324.0, 810324.0, 810324.0, 810324.0, 810324.0, 810324.0, 810324.0, 810324.0, 810324.0, 810324.0, 810324.0, 810324.0, 810324.0, 810324.0, 810324.0, 810324.0, 810324.0, 810324.0, 810324.0, 810324.0, 810324.0, 810324.0, 810324.0, 810324.0, 810324.0, 810324.0, 810324.0, 810324.0, 810324.0, 810324.0, 810324.0, 810324.0, 810324.0, 810324.0, 810324.0, 810324.0, 810324.0, 810324.0, 810324.0, 810324.0, 810324.0, 810324.0, 810324.0, 810324.0, 809395.7954776066, 809395.7954776066, 809395.7954776066, 809395.7954776066, 809395.7954776066, 809395.7954776066, 809395.7954776066, 809395.7954776066, 809395.7954776066, 809395.7954776066, 809395.7954776066, 809395.7954776066, 809395.7954776066, 809395.7954776066, 809395.7954776066, 809395.7954776066, 809395.7954776066, 809395.7954776066, 809395.7954776066, 809395.7954776066, 809395.7954776066, 809395.7954776066, 809395.7954776066, 809395.7954776066, 809395.7954776066, 809395.7954776066, 809395.7954776066, 809395.7954776066, 809395.7954776066, 809395.7954776066, 809395.7954776066, 809395.7954776066, 809395.7954776066, 809395.7954776066, 809395.7954776066, 809395.7954776066, 809395.7954776066, 809395.7954776066, 809395.7954776066, 809395.7954776066, 809395.7954776066, 809395.7954776066, 810324.0, 810324.0, 810324.0, 810324.0, 809574.070385652, 809574.070385652, 809574.070385652, 809574.070385652, 809574.070385652, 809574.070385652, 809574.070385652, 809574.070385652, 809574.070385652, 809574.070385652, 809574.070385652, 809574.070385652, 809574.070385652, 809574.070385652, 809574.070385652, 809574.070385652, 809574.070385652, 809574.070385652, 809574.070385652, 809574.070385652, 809574.070385652, 809574.070385652, 809574.070385652, 809574.070385652, 809574.070385652, 809574.070385652, 809574.070385652, 809574.070385652, 809574.070385652, 809574.070385652, 810193.3041289487, 810193.3041289487, 810193.3041289487, 810193.3041289487, 810324.0, 810324.0, 810324.0, 810324.0, 810324.0, 810324.0, 810324.0, 810324.0, 810324.0, 810324.0, 810324.0, 810324.0, 810324.0, 810324.0, 810324.0, 810324.0, 810324.0, 810324.0, 810324.0, 810324.0, 810324.0, 810324.0, 810324.0, 810324.0, 810324.0, 810324.0, 810324.0, 810324.0, 810324.0, 810324.0, 810324.0, 810324.0, 810324.0, 810324.0, 810324.0, 810324.0, 810324.0, 810324.0, 810324.0, 810324.0, 810324.0, 810324.0, 810324.0, 810324.0, 810324.0, 810324.0, 810324.0, 810324.0, 810324.0, 810324.0, 810324.0, 810324.0, 810324.0, 810324.0, 810324.0, 810324.0, 810324.0, 810324.0, 810324.0, 810324.0, 810324.0, 810324.0, 810324.0, 810324.0, 810324.0, 810324.0, 810324.0, 810324.0, 810324.0, 810324.0, 810324.0, 810324.0, 810324.0, 810324.0, 810324.0, 810324.0, 810324.0, 810324.0, 810324.0, 810324.0, 810324.0, 810324.0, 810324.0, 810324.0, 810324.0, 810324.0, 810324.0, 810324.0, 810324.0, 810324.0, 810324.0, 810324.0, 810324.0, 810324.0, 810324.0, 810324.0, 810324.0, 810324.0, 810324.0, 810324.0, 810324.0, 810324.0, 810324.0, 810324.0, 810324.0, 810324.0, 810324.0, 810324.0, 810324.0, 810324.0, 810324.0, 810324.0, 810324.0, 810324.0, 810324.0, 810324.0, 810324.0, 810324.0, 810324.0, 810324.0, 810324.0, 810324.0, 810324.0, 810324.0, 810324.0, 810324.0, 810324.0, 810324.0, 810324.0, 810324.0, 810324.0, 810324.0, 810324.0, 810324.0, 810324.0, 810324.0, 810324.0, 810324.0, 810324.0, 810324.0, 810324.0, 810324.0, 810324.0, 810324.0, 810324.0, 810324.0, 810324.0, 810324.0, 810324.0, 810324.0, 810324.0, 810324.0, 810324.0, 810324.0, 810324.0, 810324.0, 810324.0, 810324.0, 810324.0, 810324.0, 810324.0, 810324.0, 810324.0, 810324.0, 810324.0, 810324.0, 810324.0, 810324.0, 810324.0, 810324.0, 810324.0, 810324.0, 810324.0, 810324.0, 810324.0, 810324.0, 810324.0, 810324.0, 810324.0, 810324.0, 810324.0, 810324.0, 810324.0, 810324.0, 810324.0, 810324.0, 810324.0, 810324.0, 810324.0, 810324.0, 810324.0, 810324.0, 810324.0, 810324.0, 810324.0, 810324.0, 810324.0, 810324.0, 810324.0, 810324.0, 810324.0, 810324.0, 810324.0, 810324.0, 810324.0, 810324.0, 810324.0, 810324.0, 810324.0, 810324.0, 810324.0, 810324.0, 810324.0, 810324.0, 810324.0, 810324.0, 810324.0, 810324.0, 810324.0, 810324.0, 810324.0, 810324.0, 810324.0, 810324.0, 810324.0, 810324.0, 810324.0, 810324.0, 810324.0, 810324.0, 810324.0, 810324.0, 810324.0, 810324.0, 810324.0, 810324.0, 810324.0, 810324.0, 810324.0, 810324.0, 810324.0, 810324.0, 810324.0, 810324.0, 810324.0, 810324.0, 810324.0, 810324.0, 810324.0, 810324.0, 810324.0, 810324.0, 810324.0, 810324.0, 810324.0, 810324.0, 810324.0, 810324.0, 810324.0, 810324.0, 810324.0, 810324.0, 810324.0, 810324.0, 810324.0, 810324.0, 810324.0, 810324.0, 810324.0, 810324.0, 810324.0, 810324.0, 810324.0, 810324.0, 810324.0, 810324.0, 810324.0, 810324.0, 810324.0, 810324.0, 810324.0, 810324.0, 810324.0, 810324.0, 810324.0, 810324.0, 810324.0, 810324.0, 810324.0, 810324.0, 810324.0, 810324.0, 810324.0, 810324.0, 810324.0, 810324.0, 810324.0, 810324.0, 810324.0, 810324.0, 810324.0, 810324.0, 810324.0, 810324.0, 810324.0, 810324.0, 810324.0, 810324.0, 810324.0, 810324.0, 810324.0, 810324.0, 810324.0, 810324.0, 810324.0, 810324.0, 810324.0, 810324.0, 810324.0, 810324.0, 810324.0, 810324.0, 810324.0, 810324.0, 810324.0, 810324.0, 810324.0, 810324.0, 810324.0, 810324.0, 810324.0, 810324.0, 810324.0, 810324.0, 810324.0, 810324.0, 810324.0, 810324.0, 810324.0, 810324.0, 810324.0, 810324.0, 810324.0, 810324.0, 810324.0, 810324.0, 810324.0, 810324.0, 810324.0, 810324.0, 810324.0, 810324.0, 810324.0, 810324.0, 810324.0, 810324.0, 810324.0, 810324.0, 810324.0, 810324.0, 810324.0, 810324.0, 810324.0, 810324.0, 810324.0, 810324.0, 810324.0, 810324.0, 810324.0, 810324.0, 810324.0, 810324.0, 810324.0, 810324.0, 810324.0, 810324.0, 810324.0, 810324.0, 810324.0, 810324.0, 810324.0, 810324.0, 810324.0, 810324.0, 810324.0, 810324.0, 810324.0, 810324.0, 810324.0, 810324.0, 810324.0, 810324.0, 810324.0, 810324.0, 810324.0, 810324.0, 810324.0, 810324.0, 810324.0, 810324.0, 810324.0, 810324.0, 810324.0, 810324.0, 810324.0, 810324.0, 810324.0, 810324.0, 810324.0, 810324.0, 810324.0, 810324.0, 810324.0, 810324.0, 810324.0, 810324.0, 810324.0, 810324.0, 810324.0, 810324.0, 810324.0, 810324.0, 810324.0, 810324.0, 810324.0, 810324.0, 810324.0, 810324.0, 810324.0, 810324.0, 810324.0, 810324.0, 810324.0, 810324.0, 810324.0, 810324.0, 810324.0, 810324.0, 810324.0, 810324.0, 810324.0, 810324.0, 810324.0, 810324.0, 810324.0, 810324.0, 810324.0, 810324.0, 810324.0, 810324.0, 810324.0, 810324.0, 810324.0, 810324.0, 810324.0, 810324.0, 810324.0, 810324.0, 810324.0, 810324.0, 810324.0, 810324.0, 810324.0, 810324.0, 810324.0, 810255.9215710259, 810255.9215710259, 810255.9215710259, 810255.9215710259, 810255.9215710259, 810255.9215710259, 810255.9215710259, 810255.9215710259, 810255.9215710259, 810255.9215710259, 810255.9215710259, 810255.9215710259, 810255.9215710259, 810255.9215710259, 810255.9215710259, 810255.9215710259, 810255.9215710259, 810255.9215710259, 810255.9215710259, 810255.9215710259, 810255.9215710259, 810255.9215710259, 810255.9215710259, 810255.9215710259, 810255.9215710259, 810255.9215710259, 810255.9215710259, 810255.9215710259, 810255.9215710259, 810255.9215710259, 810255.9215710259, 810255.9215710259, 810255.9215710259, 810255.9215710259, 810255.9215710259, 810255.9215710259, 810255.9215710259, 810255.9215710259, 810324.0, 810324.0, 810324.0, 810324.0, 810324.0, 810324.0, 810324.0, 810324.0, 810324.0, 810324.0, 810324.0, 810324.0, 810324.0, 810324.0, 810324.0, 810324.0, 810324.0, 810324.0, 810324.0, 810324.0, 810324.0, 810324.0, 810324.0, 810324.0, 810324.0, 810324.0, 810324.0, 810324.0, 810324.0, 810324.0, 810324.0, 810324.0, 810324.0, 810324.0, 810324.0, 810324.0, 810324.0, 810324.0, 810324.0, 810324.0, 810324.0, 810324.0, 810324.0, 810324.0, 810324.0, 810324.0, 810324.0, 810324.0, 810324.0, 810324.0, 810324.0, 810324.0, 810324.0, 810324.0, 810324.0, 810324.0, 810324.0, 810324.0, 810324.0, 810324.0, 810324.0, 810324.0, 810324.0, 810324.0, 810324.0, 810324.0, 810324.0, 810324.0, 810324.0, 810324.0, 810324.0, 810324.0, 810324.0, 810324.0, 810324.0, 810324.0, 810324.0, 810324.0, 810324.0, 810324.0, 810324.0, 810324.0, 810324.0, 810324.0, 810324.0, 810324.0, 810324.0, 810324.0, 810324.0, 810324.0, 810324.0, 810324.0, 810324.0, 810324.0, 810324.0, 810324.0, 810324.0, 810324.0, 810324.0, 810324.0, 810324.0, 810324.0, 810324.0, 810324.0, 810324.0, 810324.0, 810324.0, 810324.0, 810324.0, 810324.0, 810324.0, 810324.0, 810324.0, 810324.0, 810324.0, 810324.0, 810324.0, 810324.0, 810324.0, 810324.0, 810324.0, 810324.0, 810324.0, 810324.0, 810324.0, 810324.0, 810324.0, 810324.0, 810324.0, 810324.0, 810324.0, 810324.0, 810324.0, 810324.0, 810324.0, 810324.0, 810324.0, 810324.0, 810324.0, 810324.0, 810324.0, 810324.0, 810324.0, 810324.0, 810324.0, 810324.0, 810324.0, 810324.0, 810324.0, 810324.0, 810324.0, 810324.0, 810324.0, 810324.0, 810324.0, 810324.0, 810324.0, 810324.0, 810324.0, 810324.0, 810324.0, 810324.0, 810324.0, 810324.0, 810324.0, 810324.0, 810324.0, 810324.0, 810324.0, 810324.0, 810324.0, 810324.0, 810324.0, 810324.0, 810324.0, 810324.0, 810324.0, 810324.0, 810324.0, 810324.0, 810324.0, 810324.0, 810324.0, 810324.0, 810324.0, 810324.0, 810324.0, 810324.0, 810324.0, 810324.0, 810324.0, 810324.0, 810324.0, 810324.0, 810324.0, 810324.0, 810324.0, 810324.0, 810324.0, 810324.0, 810324.0, 810324.0, 810324.0, 810324.0, 810324.0, 810324.0, 810324.0, 810324.0, 810324.0, 810324.0, 810324.0, 810324.0, 810324.0, 810324.0, 810324.0, 810324.0, 810324.0, 810324.0, 810324.0, 810324.0, 810324.0, 810324.0, 810324.0, 810324.0, 810324.0, 810324.0, 810324.0, 810324.0, 810324.0, 810324.0, 810324.0, 810324.0, 810324.0, 810324.0, 810324.0, 810324.0, 810324.0, 810324.0, 810324.0, 810324.0, 810324.0, 810324.0, 810324.0, 810324.0, 810324.0, 810324.0, 810324.0, 810324.0, 810324.0, 810324.0, 810324.0, 810324.0, 810324.0, 810324.0, 810324.0, 810324.0, 810324.0, 810324.0, 810324.0, 810324.0, 810324.0, 810324.0, 810324.0, 810324.0, 810324.0, 810324.0, 810324.0, 810324.0, 810324.0, 810324.0, 810324.0, 810324.0, 810324.0, 810324.0, 810324.0, 810324.0, 810324.0, 810324.0, 810324.0, 810324.0, 810324.0, 810324.0, 810324.0, 810324.0, 810324.0, 810324.0, 810324.0, 810324.0, 810324.0, 810324.0, 810324.0, 810324.0, 810324.0, 810324.0, 810324.0, 810324.0, 810324.0, 810324.0, 810324.0, 810324.0, 810324.0, 810324.0, 810324.0, 810324.0, 810324.0, 810324.0, 810324.0, 810324.0, 810324.0, 810324.0, 810324.0, 810324.0, 810324.0, 810324.0, 810324.0, 810324.0, 810324.0, 810324.0, 810324.0, 810324.0, 810324.0, 810324.0, 810324.0, 810324.0, 810324.0, 810122.9326118247, 810122.9326118247, 810122.9326118247, 810122.9326118247, 810122.9326118247, 810122.9326118247, 810122.9326118247, 810122.9326118247, 810122.9326118247, 810122.9326118247, 810122.9326118247, 810122.9326118247, 810122.9326118247, 810122.9326118247, 810122.9326118247, 810122.9326118247, 810122.9326118247, 810122.9326118247, 810122.9326118247, 810122.9326118247, 810122.9326118247, 810122.9326118247, 810122.9326118247, 810122.9326118247, 810122.9326118247, 810122.9326118247, 810122.9326118247, 810122.9326118247, 810122.9326118247, 810122.9326118247, 810122.9326118247, 810122.9326118247, 810122.9326118247, 810122.9326118247, 810122.9326118247, 810122.9326118247, 810122.9326118247, 810122.9326118247, 810103.9732881999, 810324.0, 810324.0, 810324.0, 810324.0, 810324.0, 810324.0, 810324.0, 810324.0, 810324.0, 810324.0, 810324.0, 810324.0, 810324.0, 810324.0, 810324.0, 810324.0, 810324.0, 810324.0, 810324.0, 810324.0, 810324.0, 810324.0, 810324.0, 810324.0, 810324.0, 810324.0, 810324.0, 810324.0, 810324.0, 810324.0, 810324.0, 810324.0, 810324.0, 810324.0, 810324.0, 810324.0, 810324.0, 810324.0, 810324.0, 810324.0, 810324.0, 810324.0, 810324.0, 810324.0, 810324.0, 810324.0, 810324.0, 810324.0, 810324.0, 810324.0, 810324.0, 810324.0, 810324.0, 810324.0, 810324.0, 810324.0, 810324.0, 810324.0, 810324.0, 810324.0, 810324.0, 810324.0, 810324.0, 810324.0, 810324.0, 810324.0, 810324.0, 810324.0, 810324.0, 810324.0, 810324.0, 810324.0, 810324.0, 810324.0, 810324.0, 810324.0, 810324.0, 810324.0, 810324.0, 810324.0, 810324.0, 810324.0, 810324.0, 810324.0, 810324.0, 810324.0, 810324.0, 810324.0, 810324.0, 810324.0, 810324.0, 810324.0, 810324.0, 810324.0, 810324.0, 810324.0, 810324.0, 810324.0, 810324.0, 810324.0, 810324.0, 810324.0, 810324.0, 810324.0, 810324.0, 810324.0, 810324.0, 810324.0, 810324.0, 810324.0, 810324.0, 810324.0, 810324.0, 810324.0, 810324.0, 810324.0, 810324.0, 810324.0, 810324.0, 810324.0, 810324.0, 810324.0, 810324.0, 810324.0, 810324.0, 810324.0, 810324.0, 810324.0, 810324.0, 810324.0, 810324.0, 810324.0, 810324.0, 810324.0, 810324.0, 810324.0, 810324.0, 810324.0, 810324.0, 810324.0, 810324.0, 810324.0, 810324.0, 810324.0, 810324.0, 810324.0, 810324.0, 810324.0, 810324.0, 810324.0, 810324.0, 810324.0, 810324.0, 810324.0, 810324.0, 810324.0, 810324.0, 810324.0, 810324.0, 810324.0, 810324.0, 810324.0, 810324.0, 810324.0, 810324.0, 810324.0, 810324.0, 810324.0, 810324.0, 810324.0, 810324.0, 810324.0, 810324.0, 810324.0, 810324.0, 810324.0, 810324.0, 810324.0, 810324.0, 810324.0, 810324.0, 810324.0, 810324.0, 810324.0, 810324.0, 810324.0, 810324.0, 810324.0, 810324.0, 810324.0, 810324.0, 810324.0, 810324.0, 810324.0, 810324.0, 810324.0, 810324.0, 810324.0, 810324.0, 810324.0, 810324.0, 810324.0, 810324.0, 810324.0, 810324.0, 810324.0, 810324.0, 810324.0, 810324.0, 810324.0, 810324.0, 810324.0, 810324.0, 810324.0, 810324.0, 810324.0, 810324.0, 810324.0, 810324.0, 810324.0, 810324.0, 810324.0, 810324.0, 810324.0, 810324.0, 810324.0, 810324.0, 810324.0, 810324.0, 810324.0, 810324.0, 810324.0, 810324.0, 810324.0, 810324.0, 810324.0, 810324.0, 810324.0, 810324.0, 810324.0, 810324.0, 810324.0, 810324.0, 810324.0, 810324.0, 810324.0, 810324.0, 810324.0, 810324.0, 810324.0, 810324.0, 810324.0, 810324.0, 810324.0, 810324.0, 810324.0, 810324.0, 810324.0, 810324.0, 810324.0, 810324.0, 810324.0, 810324.0, 810324.0, 810324.0, 810324.0, 810324.0, 810324.0, 810324.0, 810324.0, 810324.0, 810324.0, 810324.0, 810324.0, 810324.0, 810324.0, 810324.0, 810324.0, 810324.0, 810324.0, 810324.0, 810324.0, 810324.0, 810324.0, 810324.0, 810324.0, 810324.0, 810324.0, 810324.0, 810324.0, 810324.0, 810324.0, 810324.0, 810324.0, 810324.0, 810324.0, 810324.0, 810324.0, 810324.0, 810324.0, 810324.0, 810324.0, 810324.0, 810324.0, 810324.0, 810324.0, 810324.0, 810324.0, 810324.0, 810324.0, 810324.0, 810324.0, 810324.0, 810324.0, 810324.0, 810324.0, 810324.0, 810324.0, 810324.0, 810324.0, 810324.0, 810324.0, 810324.0, 810324.0, 810324.0, 810324.0, 810324.0, 810324.0, 810324.0, 810324.0, 810324.0, 810324.0, 810324.0, 810324.0, 810324.0, 810324.0, 810324.0, 810324.0, 810324.0, 810324.0, 810324.0, 810324.0, 810324.0, 810324.0, 810324.0, 810324.0, 810324.0, 810324.0, 810324.0, 810324.0, 810324.0, 810324.0, 810324.0, 810324.0, 810324.0, 810324.0, 810324.0, 810324.0, 810324.0, 810324.0, 810324.0, 810324.0, 810324.0, 810324.0, 810324.0, 810324.0, 810324.0, 810324.0, 810324.0, 810324.0, 810324.0, 810324.0, 810324.0, 810324.0, 810324.0, 810324.0, 810324.0, 810324.0, 810324.0, 810324.0, 810324.0, 810324.0, 810324.0, 810324.0, 810324.0, 810324.0, 810324.0, 810324.0, 810324.0, 810324.0, 810324.0, 810324.0, 810324.0, 810324.0, 810324.0, 810324.0, 810324.0, 810324.0, 810324.0, 810324.0, 810324.0, 810324.0, 810324.0, 810324.0, 810324.0, 810324.0, 810324.0, 810324.0, 810324.0, 810324.0, 810324.0, 810324.0, 810324.0, 810324.0, 810324.0, 810324.0, 810324.0, 810324.0, 810324.0, 810324.0, 810324.0, 810324.0, 810324.0, 810324.0, 810324.0, 810324.0, 810324.0, 810324.0, 810324.0, 810324.0, 810324.0, 810324.0, 810324.0, 810324.0, 810324.0, 810324.0, 810324.0, 810324.0, 810324.0, 810324.0, 810324.0, 810324.0, 810324.0, 810324.0, 810324.0, 810324.0, 810324.0, 810324.0, 810324.0, 810324.0, 810324.0, 810324.0, 810324.0, 810324.0, 810324.0, 810324.0, 810324.0, 810324.0, 810324.0, 810324.0, 810324.0, 810324.0, 810324.0, 810324.0, 810324.0, 810324.0, 810324.0, 810324.0, 810324.0, 810324.0, 810324.0, 810324.0, 810324.0, 810324.0, 810324.0, 810324.0, 810324.0, 810324.0, 810324.0, 810324.0, 810324.0, 810324.0, 810324.0, 810324.0, 810324.0, 810324.0, 810324.0, 810324.0, 810324.0, 810324.0, 810324.0, 810324.0, 810324.0, 810324.0, 810324.0, 810324.0, 810324.0, 810324.0, 810324.0, 810324.0, 810324.0, 810324.0, 810324.0, 810324.0, 810324.0, 810324.0, 810324.0, 810324.0, 810324.0, 810324.0, 810324.0, 810324.0, 810324.0, 810324.0, 810324.0, 810324.0, 810324.0, 810324.0, 810324.0, 810324.0, 810324.0, 810324.0, 810324.0, 810324.0, 810324.0, 810324.0, 810324.0, 810324.0, 810324.0, 810324.0, 810324.0, 810324.0, 810324.0, 810324.0, 810324.0, 810324.0, 810324.0, 810324.0, 810324.0, 810324.0, 810324.0, 810324.0, 810324.0, 810324.0, 810324.0, 810324.0, 810324.0, 810324.0, 810324.0, 810324.0, 810324.0, 810324.0, 810324.0, 810324.0, 810324.0, 810324.0, 810324.0, 810324.0, 810324.0, 810324.0, 810324.0, 810324.0, 810324.0, 810324.0, 810324.0, 810324.0, 810324.0, 810324.0, 810324.0, 810324.0, 810324.0, 810324.0, 810324.0, 810324.0, 810324.0, 810324.0, 810324.0, 810324.0, 810324.0, 810324.0, 810324.0, 810324.0, 810324.0, 810324.0, 810324.0, 810324.0, 810324.0, 810324.0, 810324.0, 810324.0, 810324.0, 810324.0, 810324.0, 810324.0, 810324.0, 810324.0, 810324.0, 810324.0, 810324.0, 810324.0, 810324.0, 810324.0, 810324.0, 810324.0, 810324.0, 810324.0, 810324.0, 810324.0, 810324.0, 810324.0, 810324.0, 810324.0, 810324.0, 810324.0, 810324.0, 810324.0, 810324.0, 810324.0, 810324.0, 810324.0, 810324.0, 810324.0, 810324.0, 810324.0, 810324.0, 810324.0, 810324.0, 810324.0, 810324.0, 810324.0, 810324.0, 810324.0, 810324.0, 810324.0, 810324.0, 810324.0, 810324.0, 810324.0, 810324.0, 810324.0, 810324.0, 810324.0, 810324.0, 810324.0, 810324.0, 810324.0, 810324.0, 810324.0, 810324.0, 810324.0, 810324.0, 810324.0, 810324.0, 810324.0, 810324.0, 810324.0, 810324.0, 810324.0, 810324.0, 810324.0, 810324.0, 810324.0, 810324.0, 810324.0, 810324.0, 810324.0, 810324.0, 810324.0, 810324.0, 810324.0, 810324.0, 810324.0, 810324.0, 810324.0, 810324.0, 810324.0, 810324.0, 810324.0, 810324.0, 810324.0, 810324.0, 810324.0, 810324.0, 810324.0, 810324.0, 810324.0, 810324.0, 810324.0, 810324.0, 810324.0, 810324.0, 810324.0, 810324.0, 810324.0, 810324.0, 810324.0, 810324.0, 810324.0, 810324.0, 810324.0, 810324.0, 810324.0, 810324.0, 810324.0, 810324.0, 810324.0, 810324.0, 810324.0, 810324.0, 810324.0, 810324.0, 810324.0, 810324.0, 810324.0, 810324.0, 810324.0, 810324.0, 810324.0, 810324.0, 810324.0, 810324.0, 810324.0, 810324.0, 810324.0, 810324.0, 810324.0, 810324.0, 810324.0, 810324.0, 810324.0, 810324.0, 810324.0, 810324.0, 810324.0, 810324.0, 810324.0, 810324.0, 810324.0, 810324.0, 810324.0, 810324.0, 810324.0, 810324.0, 810324.0, 810324.0, 810324.0, 810324.0, 810324.0, 810324.0, 810324.0, 810324.0, 810324.0, 810324.0, 810324.0, 810324.0, 810324.0, 810324.0, 810324.0, 810324.0, 810324.0, 810324.0, 810324.0, 810324.0, 810324.0, 810324.0, 810324.0, 810324.0, 810324.0, 810324.0, 810324.0, 810324.0, 810324.0, 810324.0, 810324.0, 810324.0, 810324.0, 810324.0, 810324.0, 810324.0, 810324.0, 810324.0, 810324.0, 810324.0, 810324.0, 810324.0, 810324.0, 810324.0, 810324.0, 810324.0, 810324.0, 810324.0, 810324.0, 810324.0, 810324.0, 810324.0, 810324.0, 810324.0, 810324.0, 810324.0, 810324.0, 810324.0, 810324.0, 810324.0, 810324.0, 810324.0, 810324.0, 810324.0, 810324.0, 810324.0, 810324.0, 810324.0, 810324.0, 810324.0, 810324.0, 810324.0, 810324.0, 810324.0, 810324.0, 810324.0, 810324.0, 810324.0, 810324.0, 810324.0, 810324.0, 810198.1499415822, 810198.1499415822, 810198.1499415822, 810198.1499415822, 810198.1499415822, 810198.1499415822, 810198.1499415822, 810198.1499415822, 810198.1499415822, 810198.1499415822, 810198.1499415822, 810198.1499415822, 810198.1499415822, 810198.1499415822, 810198.1499415822, 810198.1499415822, 810198.1499415822, 810198.1499415822, 810198.1499415822, 810198.1499415822, 810198.1499415822, 810198.1499415822, 810198.1499415822, 810198.1499415822, 810198.1499415822, 810198.1499415822, 810198.1499415822, 810198.1499415822, 810198.1499415822, 810198.1499415822, 810198.1499415822, 810198.1499415822, 810198.1499415822, 810198.1499415822, 810198.1499415822, 810198.1499415822, 810198.1499415822, 810198.1499415822, 810198.1499415822, 810198.1499415822, 810198.1499415822, 810198.1499415822, 810198.1499415822, 810198.1499415822, 810324.0, 810324.0, 810322.7362497855, 810322.7362497855, 810322.7362497855, 810322.7362497855, 810322.7362497855, 810322.7362497855, 810322.7362497855, 810322.7362497855, 810322.7362497855, 810322.7362497855, 810322.7362497855, 810322.7362497855, 810322.7362497855, 810322.7362497855, 810322.7362497855, 810322.7362497855, 810322.7362497855, 810322.7362497855, 810322.7362497855, 810322.7362497855, 810322.7362497855, 810322.7362497855, 810322.7362497855, 810322.7362497855, 810322.7362497855, 810322.7362497855, 810322.7362497855, 810322.7362497855, 810322.7362497855, 810322.7362497855, 810322.7362497855, 810322.7362497855, 810322.7362497855, 810322.7362497855, 810322.7362497855, 810322.7362497855, 810322.7362497855, 810322.7362497855, 810322.7362497855, 810322.7362497855, 810324.0, 810324.0, 810324.0, 810324.0, 810324.0, 810324.0, 810324.0, 810324.0, 810324.0, 810324.0, 810324.0, 810324.0, 810324.0, 810324.0, 810324.0, 810324.0, 810324.0, 810324.0, 810324.0, 810324.0, 810324.0, 810324.0, 810324.0, 810324.0, 810324.0, 810324.0, 810324.0, 810324.0, 810324.0, 810324.0, 810324.0, 810324.0, 810324.0, 810324.0, 810324.0, 810324.0, 810324.0, 810324.0, 810324.0, 810324.0, 810324.0, 810324.0, 810324.0, 810324.0, 810324.0, 810324.0, 810324.0, 810324.0, 810324.0, 810324.0, 810324.0, 810324.0, 810324.0, 810324.0, 810324.0, 810324.0, 810324.0, 810324.0, 810324.0, 810324.0, 810324.0, 810324.0, 810324.0, 810324.0, 810324.0, 810324.0, 810324.0, 810324.0, 810324.0, 810324.0, 810324.0, 810324.0, 810324.0, 810324.0, 810324.0, 810324.0, 810324.0, 810324.0, 810324.0, 810324.0, 810324.0, 810324.0, 810324.0, 810324.0, 810324.0, 810324.0, 810324.0, 810324.0, 810324.0, 810324.0, 810324.0, 810324.0, 810324.0, 810324.0, 810324.0, 810324.0, 810324.0, 810324.0, 810324.0, 810324.0, 810324.0, 810324.0, 810324.0, 810324.0, 810324.0, 810324.0, 810324.0, 810324.0, 810324.0, 810324.0, 810324.0, 810324.0, 810324.0, 810324.0, 810324.0, 810324.0, 810324.0, 810324.0, 810324.0, 810324.0, 810324.0, 810324.0, 810324.0, 810324.0, 810324.0, 810324.0, 810324.0, 810324.0, 810324.0, 810324.0, 810324.0, 810324.0, 810324.0, 810324.0, 810324.0, 810324.0, 810324.0, 810324.0, 810324.0, 810324.0, 810324.0, 810324.0, 810324.0, 810324.0, 810324.0, 810324.0, 810324.0, 810324.0, 810324.0, 810324.0, 810324.0, 810324.0, 810324.0, 810324.0, 810324.0, 810324.0, 810324.0, 810324.0, 810324.0, 810324.0, 810324.0, 810324.0, 810324.0, 810324.0, 810324.0, 810324.0, 810324.0, 810324.0, 810324.0, 810324.0, 810324.0, 810324.0, 810324.0, 810324.0, 810324.0, 810324.0, 810324.0, 810324.0, 810324.0, 810324.0, 810324.0, 810324.0, 810324.0, 810324.0, 810324.0, 810324.0, 810324.0, 810324.0, 810324.0, 810324.0, 810324.0, 810324.0, 810324.0, 810324.0, 810324.0, 810324.0, 810324.0, 810324.0, 810324.0, 810324.0, 810324.0, 810324.0, 810324.0, 810324.0, 810324.0, 810324.0, 810324.0, 810324.0, 810324.0, 810324.0, 810324.0, 810324.0, 810324.0, 810324.0, 810324.0, 810324.0, 810324.0, 810324.0, 810324.0, 810324.0, 810324.0, 810324.0, 810324.0, 810324.0, 810324.0, 810324.0, 810324.0, 810324.0, 810324.0, 810324.0, 810324.0, 810324.0, 810324.0, 810324.0, 810324.0, 810324.0, 810324.0, 810324.0, 810324.0, 810324.0, 810324.0, 810324.0, 810324.0, 810324.0, 810324.0, 810324.0, 810324.0, 810324.0, 810324.0, 810324.0, 810324.0, 810324.0, 810324.0, 810324.0, 810324.0, 810324.0, 810324.0, 810324.0, 810324.0, 810324.0, 810324.0, 810324.0, 810324.0, 810324.0, 810324.0, 810324.0, 810324.0, 810324.0, 810324.0, 810324.0, 810324.0, 810324.0, 810324.0, 810324.0, 810324.0, 810324.0, 810324.0, 810324.0, 810324.0, 810324.0, 810324.0, 810324.0, 810324.0, 810324.0, 810324.0, 810324.0, 810324.0, 810324.0, 810324.0, 810324.0, 810324.0, 810324.0, 810324.0, 810324.0, 810324.0, 810324.0, 810324.0, 810324.0, 810324.0, 810324.0, 810324.0, 810324.0, 810324.0, 810324.0, 810324.0, 810324.0, 810324.0, 810324.0, 810324.0, 810324.0, 810324.0, 810324.0, 810324.0, 810324.0, 810324.0, 810324.0, 810324.0, 810324.0, 810324.0, 810324.0, 810324.0, 810324.0, 810324.0, 810324.0, 810324.0, 810324.0, 810324.0, 810324.0, 810324.0, 810324.0, 810324.0, 810324.0, 810324.0, 810324.0, 810324.0, 810324.0, 810324.0, 810324.0, 810324.0, 810324.0, 810324.0, 810324.0, 810324.0, 810324.0, 810324.0, 810324.0, 810324.0, 810324.0, 810324.0, 810324.0, 810324.0, 810324.0, 810324.0, 810324.0, 810324.0, 810324.0, 810324.0, 810324.0, 810324.0, 810324.0, 810324.0, 810324.0, 810324.0, 810324.0, 810324.0, 810324.0, 810324.0, 810324.0, 810324.0, 810324.0, 810324.0, 810324.0, 810324.0, 810324.0, 810324.0, 810324.0, 810324.0, 810324.0, 810324.0, 810324.0, 810324.0, 810324.0, 810324.0, 810324.0, 810324.0, 810324.0, 810324.0, 810324.0, 810324.0, 810324.0, 810324.0, 810324.0, 810324.0, 810324.0, 810324.0, 810324.0, 810324.0, 810324.0, 810324.0, 810324.0, 810324.0, 810324.0, 810324.0, 810324.0, 810324.0, 810324.0, 810324.0, 810324.0, 810324.0, 810324.0, 810324.0, 810324.0, 810324.0, 810324.0, 810324.0, 810324.0, 810324.0, 810324.0, 810324.0, 810324.0, 810324.0, 810324.0, 810324.0, 810324.0, 810324.0, 810324.0, 810324.0, 810324.0, 810324.0, 810324.0, 810324.0, 810324.0, 810324.0, 810324.0, 810324.0, 810324.0, 810324.0, 810324.0, 810324.0, 810324.0, 810324.0, 810324.0, 810324.0, 810324.0, 810324.0, 810324.0, 810324.0, 810324.0, 810324.0, 810324.0, 810324.0, 810324.0, 810324.0, 810324.0, 810324.0, 810324.0, 810324.0, 810324.0, 810324.0, 810324.0, 810324.0, 810324.0, 810324.0, 810324.0, 810324.0, 810324.0, 810324.0, 810324.0, 810324.0, 810324.0, 810324.0, 810324.0, 810324.0, 810324.0, 810324.0, 810324.0, 810324.0, 810324.0, 810324.0, 810324.0, 810324.0, 810324.0, 810324.0, 810324.0, 810324.0, 810324.0, 810324.0, 810324.0, 810324.0, 810324.0, 810324.0, 810324.0, 810324.0, 810324.0, 810324.0, 810324.0, 810324.0, 810324.0, 810324.0, 810324.0, 810324.0, 810324.0, 810324.0, 810324.0, 810324.0, 810324.0, 810324.0, 810324.0, 810324.0, 810324.0, 810324.0, 810324.0, 810324.0, 810324.0, 810324.0, 810324.0, 810324.0, 810324.0, 810324.0, 810324.0, 810324.0, 810324.0, 810324.0, 810324.0, 810324.0, 810324.0, 810324.0, 810324.0, 810324.0, 810324.0, 810324.0, 810324.0, 810324.0, 810324.0, 810324.0, 810324.0, 810324.0, 810324.0, 810324.0, 810324.0, 810324.0, 810324.0, 810324.0, 810324.0, 810324.0, 810324.0, 810324.0, 810324.0, 810324.0, 810324.0, 810324.0, 810324.0, 810324.0, 810324.0, 810324.0, 810324.0, 810324.0, 810324.0, 810324.0, 810324.0, 810324.0, 810324.0, 810324.0, 810324.0, 810324.0, 810324.0, 810324.0, 810324.0, 810324.0, 810324.0, 810324.0, 810324.0, 810324.0, 810324.0, 810324.0, 810324.0, 810324.0, 810324.0, 810324.0, 810324.0, 810324.0, 810324.0, 810324.0, 810324.0, 810324.0, 810324.0, 810324.0, 810324.0, 810324.0, 810324.0, 810324.0, 810324.0, 810324.0, 810324.0, 810324.0, 810324.0, 810324.0, 810324.0, 810324.0, 810324.0, 810324.0, 810324.0, 810324.0, 810324.0, 810324.0, 810324.0, 810324.0, 810324.0, 810324.0, 810324.0, 810324.0, 810324.0, 810324.0, 810324.0, 810324.0, 810324.0, 810324.0, 810324.0, 810324.0, 810324.0, 810324.0, 810324.0, 810324.0, 810324.0, 810324.0, 810324.0, 810324.0, 810324.0, 810324.0, 810324.0, 810324.0, 810324.0, 810324.0, 810324.0, 810324.0, 810324.0, 810324.0, 810324.0, 810324.0, 810324.0, 810324.0, 810324.0, 810324.0, 810324.0, 810324.0, 810324.0, 810324.0, 810324.0, 810324.0, 810324.0, 810324.0, 810324.0, 810324.0, 810324.0, 810324.0, 810324.0, 810324.0, 810324.0, 810324.0, 810324.0, 810324.0, 810324.0, 810324.0, 810324.0, 810324.0, 810324.0, 810324.0, 810324.0, 810324.0, 810324.0, 810324.0, 810324.0, 810324.0, 810324.0, 810324.0, 810324.0, 810324.0, 810324.0, 810324.0, 810324.0, 810324.0, 810324.0, 810324.0, 810324.0, 810324.0, 810324.0, 810324.0, 810324.0, 810324.0, 810324.0, 810324.0, 810324.0, 810324.0, 810324.0, 810324.0, 810324.0, 810324.0, 810324.0, 810324.0, 810324.0, 810324.0, 810324.0, 810324.0, 810324.0, 810324.0, 810324.0, 810324.0, 810324.0, 810324.0, 810324.0, 810324.0, 810324.0, 810324.0, 810324.0, 810324.0, 810324.0, 810324.0, 810324.0, 810324.0, 810324.0, 810324.0, 810324.0, 810324.0, 810324.0, 810324.0, 810324.0, 810324.0, 810324.0, 810324.0, 810324.0, 810324.0, 810324.0, 810324.0, 810324.0, 810324.0, 810324.0, 810324.0, 810324.0, 810324.0, 810324.0, 810324.0, 810324.0, 810324.0, 810324.0, 810324.0, 810324.0, 810324.0, 810324.0, 810324.0, 810324.0, 810324.0, 810324.0, 810324.0, 810324.0, 810324.0, 810324.0, 810324.0, 810324.0, 810324.0, 810324.0, 810324.0, 810324.0, 810324.0, 810324.0, 810324.0, 810324.0, 810324.0, 810324.0, 810324.0, 810324.0, 810324.0, 810324.0, 810324.0, 810324.0, 810324.0, 810324.0, 810324.0, 810324.0, 810324.0, 810324.0, 810324.0, 810324.0, 810324.0, 810324.0, 810324.0, 810324.0, 810324.0, 810324.0, 810324.0, 810324.0, 810324.0, 810324.0, 810324.0, 810324.0, 810324.0, 810324.0, 810324.0, 810324.0, 810324.0, 810324.0, 810324.0, 810324.0, 810324.0, 810324.0, 810324.0, 810324.0, 810324.0, 810324.0, 810324.0, 810324.0, 810324.0, 810324.0, 810324.0, 810324.0, 810324.0, 810324.0, 810324.0, 810324.0, 810324.0, 810324.0, 810324.0, 810324.0, 758485.2822913082, 758485.2822913082, 758485.2822913082, 758485.2822913082, 758485.2822913082, 758485.2822913082, 758485.2822913082, 758485.2822913082, 758485.2822913082, 758485.2822913082, 758485.2822913082, 758485.2822913082, 758485.2822913082, 758485.2822913082, 758485.2822913082, 758485.2822913082, 758485.2822913082, 758485.2822913082, 758485.2822913082, 758485.2822913082, 758485.2822913082, 758485.2822913082, 758485.2822913082, 758485.2822913082, 758485.2822913082, 758485.2822913082, 758485.2822913082, 763397.7126713225, 763805.5897250939, 763805.5897250939, 773080.4476000303, 779204.5062868716, 779204.5062868716, 773768.4993472284, 773768.4993472284, 780448.6851912327, 780448.6851912327, 789937.363749932, 789937.363749932, 796118.6913487341, 802234.6819294714, 804636.9447792287, 804636.9447792287, 804636.9447792287, 808558.4910891051, 808558.4910891051, 804636.9447792287, 804636.9447792287, 804636.9447792287, 804636.9447792287, 804636.9447792287, 804636.9447792287, 804636.9447792287, 804636.9447792287, 804636.9447792287, 804636.9447792287, 804636.9447792287, 804636.9447792287, 804636.9447792287, 804636.9447792287, 804636.9447792287, 804636.9447792287, 804636.9447792287, 804636.9447792287, 804636.9447792287, 804636.9447792287, 804636.9447792287, 804636.9447792287, 804636.9447792287, 804636.9447792287, 804636.9447792287, 804636.9447792287, 804636.9447792287, 804636.9447792287, 804636.9447792287, 804636.9447792287, 804636.9447792287, 804636.9447792287, 804636.9447792287, 804636.9447792287, 804636.9447792287, 804636.9447792287, 804636.9447792287, 804636.9447792287, 804636.9447792287, 804636.9447792287, 804636.9447792287, 805580.6223683336, 805580.6223683336, 805580.6223683336, 810324.0, 810324.0, 810324.0, 810324.0, 810324.0, 810324.0, 810324.0, 810324.0, 810324.0, 810324.0, 810324.0, 810324.0, 810324.0, 810324.0, 810324.0, 810324.0, 810324.0, 810324.0, 810324.0, 810324.0, 810324.0, 810324.0, 810324.0, 810324.0, 810324.0, 810324.0, 810324.0, 810324.0, 810324.0, 810324.0, 810324.0, 810324.0, 810324.0, 810324.0, 810324.0, 810324.0, 810324.0, 810324.0, 810324.0, 810324.0, 810324.0, 810324.0, 810324.0, 810324.0, 810324.0, 810324.0, 810324.0, 810324.0, 810324.0, 810324.0, 810324.0, 810324.0, 810324.0, 810324.0, 810324.0, 810324.0, 810324.0, 810324.0, 810324.0, 810324.0, 810324.0, 810324.0, 810324.0, 810324.0, 810324.0, 810324.0, 810324.0, 810324.0, 810324.0, 810324.0, 810324.0, 810324.0, 810324.0, 810324.0, 810324.0, 810324.0, 810324.0, 810324.0, 810324.0, 810324.0, 810324.0, 810324.0, 810324.0, 810324.0, 810324.0, 810324.0, 810324.0, 810324.0, 810324.0, 810324.0, 810324.0, 810324.0, 808387.5175936075, 808387.5175936075, 808387.5175936075, 808387.5175936075, 808387.5175936075, 808387.5175936075, 808387.5175936075, 808387.5175936075, 808387.5175936075, 808387.5175936075, 808387.5175936075, 808387.5175936075, 808387.5175936075, 808387.5175936075, 808387.5175936075, 808387.5175936075, 808387.5175936075, 808387.5175936075, 808387.5175936075, 808387.5175936075, 808387.5175936075, 808387.5175936075, 808387.5175936075, 808387.5175936075, 808387.5175936075, 808387.5175936075, 808387.5175936075, 808387.5175936075, 808387.5175936075, 808387.5175936075, 808387.5175936075, 808387.5175936075, 808387.5175936075, 808387.5175936075, 808387.5175936075, 808387.5175936075, 808387.5175936075, 808387.5175936075, 808387.5175936075, 808387.5175936075, 808387.5175936075, 810324.0, 810324.0, 810324.0, 810324.0, 785212.8572269215, 785212.8572269215, 785212.8572269215, 785212.8572269215, 785212.8572269215, 785212.8572269215, 785212.8572269215, 785212.8572269215, 785212.8572269215, 785212.8572269215, 785212.8572269215, 785212.8572269215, 785212.8572269215, 785212.8572269215, 785212.8572269215, 785212.8572269215, 785212.8572269215, 785212.8572269215, 785212.8572269215, 785212.8572269215, 785212.8572269215, 785212.8572269215, 785212.8572269215, 785212.8572269215, 785212.8572269215, 785212.8572269215, 785212.8572269215, 785212.8572269215, 785212.8572269215, 785212.8572269215, 785212.8572269215, 785212.8572269215, 785212.8572269215, 785212.8572269215, 785212.8572269215, 785212.8572269215, 785212.8572269215, 785212.8572269215, 785212.8572269215, 786430.072489813, 793850.747804316, 802551.7993330172, 802551.7993330172, 802551.7993330172, 802551.7993330172, 802551.7993330172, 802551.7993330172, 802551.7993330172, 802551.7993330172, 802551.7993330172, 802551.7993330172, 802551.7993330172, 802551.7993330172, 802551.7993330172, 802551.7993330172, 802551.7993330172, 802551.7993330172, 802551.7993330172, 802551.7993330172, 802551.7993330172, 802551.7993330172, 802551.7993330172, 802551.7993330172, 802551.7993330172, 802551.7993330172, 802551.7993330172, 802551.7993330172, 802551.7993330172, 802551.7993330172, 802551.7993330172, 802551.7993330172, 802551.7993330172, 802551.7993330172, 802551.7993330172, 802551.7993330172, 802551.7993330172, 802551.7993330172, 802551.7993330172, 802551.7993330172, 802551.7993330172, 802551.7993330172, 807509.1511172754, 807509.1511172754, 807509.1511172754, 807509.1511172754, 807509.1511172754, 807509.1511172754, 807509.1511172754, 807509.1511172754, 807509.1511172754, 807509.1511172754, 810324.0, 810324.0, 810324.0, 810324.0, 810324.0, 810324.0, 810324.0, 810324.0, 810324.0, 810324.0, 810324.0, 810324.0, 810324.0, 810324.0, 810324.0, 810324.0, 810324.0, 810324.0, 810324.0, 810324.0, 810324.0, 810324.0, 810324.0, 810324.0, 810324.0, 810324.0, 810324.0, 810324.0, 810324.0, 810324.0, 810324.0, 810324.0, 810324.0, 810324.0, 810324.0, 810324.0, 810324.0, 810324.0, 810324.0, 810324.0, 810324.0, 810324.0, 810324.0, 810324.0, 810324.0, 810324.0, 810036.1491749417, 810036.1491749417, 810036.1491749417, 810036.1491749417, 810036.1491749417, 810036.1491749417, 810036.1491749417, 810036.1491749417, 810036.1491749417, 810036.1491749417, 810036.1491749417, 810036.1491749417, 810036.1491749417, 810036.1491749417, 810036.1491749417, 810036.1491749417, 810036.1491749417, 810036.1491749417, 810036.1491749417, 810036.1491749417, 810036.1491749417, 810036.1491749417, 810036.1491749417, 810036.1491749417, 810036.1491749417, 810036.1491749417, 810036.1491749417, 810036.1491749417, 810036.1491749417, 810036.1491749417, 810036.1491749417, 810036.1491749417, 810324.0, 810324.0, 810324.0, 810324.0, 810324.0, 810324.0, 810324.0, 810324.0, 810324.0, 810324.0, 810324.0, 810324.0, 810324.0, 810324.0, 810324.0, 810324.0, 810324.0, 810324.0, 810324.0, 810324.0, 810324.0, 810324.0, 810324.0, 810324.0, 810324.0, 810324.0, 810324.0, 810324.0, 810324.0, 810324.0, 810324.0, 810324.0, 810324.0, 810324.0, 810324.0, 810324.0, 810324.0, 810324.0, 810324.0, 810324.0, 810324.0, 810324.0, 810324.0, 810324.0, 810324.0, 810324.0, 810324.0, 810324.0, 810324.0, 810324.0, 810324.0, 810324.0, 810324.0, 810324.0, 810324.0, 810324.0, 810324.0, 810324.0, 810324.0, 810324.0, 810324.0, 810324.0, 810324.0, 810324.0, 810324.0, 810324.0, 810324.0, 810324.0, 810324.0, 810324.0, 810324.0, 810324.0, 810324.0, 810324.0, 810324.0, 810324.0, 810324.0, 810324.0, 810324.0, 810324.0, 810324.0, 810324.0, 810324.0, 810324.0, 810324.0, 810324.0, 810324.0, 810324.0, 810324.0, 810324.0, 810324.0, 810324.0, 810324.0, 810324.0, 810324.0, 810324.0, 810324.0, 810324.0, 810324.0, 810324.0, 810324.0, 810324.0, 810324.0, 810324.0, 810324.0, 810324.0, 810324.0, 810324.0, 810324.0, 810324.0, 810324.0, 810324.0, 810324.0, 810324.0, 810324.0, 810324.0, 810324.0, 810324.0, 810324.0, 810324.0, 810324.0, 810324.0, 810324.0, 810324.0, 810324.0, 810324.0, 810324.0, 810324.0, 810324.0, 810324.0, 810324.0, 810324.0, 810324.0, 810324.0, 810324.0, 810324.0, 810324.0, 810324.0, 810324.0, 810324.0, 810324.0, 810324.0, 810324.0, 810324.0, 810324.0, 810324.0, 810324.0, 810324.0, 810324.0, 810324.0, 810324.0, 810324.0, 810324.0, 810324.0, 810324.0, 810324.0, 810324.0, 810324.0, 810324.0, 810324.0, 810324.0, 810324.0, 810324.0, 810324.0, 810324.0, 810324.0, 810324.0, 810324.0, 810324.0, 810324.0, 810324.0, 810324.0, 810324.0, 810324.0, 810324.0, 810324.0, 810324.0, 810324.0, 810324.0, 810324.0, 810324.0, 810324.0, 810324.0, 810324.0, 810324.0, 810324.0, 810324.0, 810324.0, 810324.0, 810324.0, 810324.0, 810324.0, 810324.0, 810324.0, 810324.0, 810324.0, 810324.0, 810324.0, 810324.0, 810324.0, 810324.0, 810324.0, 810324.0, 810324.0, 810324.0, 810324.0, 810324.0, 810324.0, 810324.0, 810324.0, 810324.0, 810324.0, 810324.0, 810324.0, 810324.0, 810324.0, 810324.0, 810324.0, 810324.0, 810324.0, 810324.0, 810324.0, 810324.0, 810324.0, 810324.0, 810324.0, 810324.0, 810324.0, 810324.0, 810324.0, 810324.0, 810324.0, 810324.0, 810324.0, 810324.0, 810324.0, 810324.0, 810324.0, 810324.0, 810324.0, 810324.0, 810324.0, 810324.0, 810324.0, 810324.0, 810324.0, 810324.0, 810324.0, 810324.0, 810324.0, 810324.0, 810324.0, 810324.0, 810324.0, 810324.0, 810324.0, 810324.0, 810324.0, 810324.0, 810324.0, 810324.0, 810324.0, 810324.0, 810324.0, 810324.0, 810324.0, 810324.0, 810324.0, 810324.0, 810324.0, 810324.0, 810324.0, 810324.0, 810324.0, 810324.0, 810324.0, 810324.0, 810324.0, 810324.0, 810324.0, 810324.0, 810324.0, 810324.0, 810324.0, 810324.0, 810324.0, 810324.0, 810324.0, 810324.0, 810324.0, 810324.0, 810324.0, 810324.0, 810324.0, 810324.0, 810324.0, 810324.0, 810324.0, 810324.0, 810324.0, 810324.0, 810324.0, 810324.0, 810324.0, 810324.0, 810324.0, 810324.0, 810324.0, 810324.0, 810324.0, 810324.0, 810324.0, 810324.0, 810324.0, 810324.0, 810324.0, 810324.0, 810324.0, 810324.0, 810324.0, 810324.0, 810324.0, 810324.0, 810324.0, 810324.0, 810324.0, 810324.0, 810324.0, 810324.0, 810324.0, 810324.0, 809458.7639373036, 809458.7639373036, 809458.7639373036, 809458.7639373036, 809458.7639373036, 809458.7639373036, 809458.7639373036, 809458.7639373036, 809458.7639373036, 809458.7639373036, 809458.7639373036, 809458.7639373036, 809458.7639373036, 809458.7639373036, 809458.7639373036, 809458.7639373036, 809458.7639373036, 809458.7639373036, 809458.7639373036, 809458.7639373036, 809458.7639373036, 809458.7639373036, 809458.7639373036, 809458.7639373036, 809458.7639373036, 809458.7639373036, 809458.7639373036, 809458.7639373036, 809458.7639373036, 809458.7639373036, 809458.7639373036, 809458.7639373036, 809458.7639373036, 809458.7639373036, 809458.7639373036, 809458.7639373036, 809458.7639373036, 809458.7639373036, 809458.7639373036, 810324.0, 810324.0, 810324.0, 810324.0, 810324.0, 810324.0, 810324.0, 810324.0, 810324.0, 810324.0, 810324.0, 810324.0, 810324.0, 810324.0, 810324.0, 810324.0, 810324.0, 810324.0, 810324.0, 810324.0, 810324.0, 810324.0, 810324.0, 810324.0, 810324.0, 810324.0, 810324.0, 810324.0, 810324.0, 810324.0, 810324.0, 810324.0, 810324.0, 810324.0, 810324.0, 810324.0, 810324.0, 810324.0, 810324.0, 810324.0, 810324.0, 810324.0, 810324.0, 810324.0, 810324.0, 810324.0, 810324.0, 810324.0, 810324.0, 810324.0, 810324.0, 810324.0, 810324.0, 810324.0, 810324.0, 810324.0, 810324.0, 810324.0, 810324.0, 810324.0, 810324.0, 810324.0, 810324.0, 810324.0, 810324.0, 810324.0, 810324.0, 810324.0, 810324.0, 810324.0, 810324.0, 810324.0, 810324.0, 810324.0, 810324.0, 810324.0, 810324.0, 810324.0, 810324.0, 810324.0, 810324.0, 810324.0, 810324.0, 810324.0, 810324.0, 810324.0, 810324.0, 810324.0, 810324.0, 810324.0, 810324.0, 810324.0, 810324.0, 810324.0, 810324.0, 810324.0, 810324.0, 810324.0, 810324.0, 810324.0, 810324.0, 810324.0, 810324.0, 810324.0, 810324.0, 810324.0, 810324.0, 810324.0, 810324.0, 810324.0, 810324.0, 810324.0, 810324.0, 810324.0, 810324.0, 810324.0, 810324.0, 810324.0, 810324.0, 810324.0, 810324.0, 810324.0, 810324.0, 810324.0, 810324.0, 810324.0, 810324.0, 810324.0, 810324.0, 810324.0, 810324.0, 810324.0, 810324.0, 810324.0, 810324.0, 810324.0, 810324.0, 810324.0, 810324.0, 810324.0, 810324.0, 810324.0, 810324.0, 810324.0, 810324.0, 810324.0, 810324.0, 810324.0, 810324.0, 810324.0, 810324.0, 810324.0, 810324.0, 810324.0, 810324.0, 810324.0, 810324.0, 810324.0, 810324.0, 810324.0, 810324.0, 810324.0, 810324.0, 810324.0, 810324.0, 810324.0, 810324.0, 810324.0, 810324.0, 810324.0, 810324.0, 810324.0, 810324.0, 810324.0, 810324.0, 810324.0, 810324.0, 810324.0, 810324.0, 810324.0, 810324.0, 810324.0, 810324.0, 810324.0, 810324.0, 810324.0, 810324.0, 810324.0, 810324.0, 
16878.268401493006, 16878.268401493006, 16878.268401493006, 16878.268401493006, 16878.268401493006, 16878.268401493006, 16878.268401493006, 15027.988499000383, 14270.75340756681, 7719.059051119852, 7719.059051119852, 7719.059051119852, 7719.059051119852, 7704.257803972173, 7042.579815103019, 7042.579815103019, 3745.073728753662, 3132.0257220919225, 3132.0257220919225, 1927.6594589423921, 1927.6594589423921, 1927.6594589423921, 1295.8113542939075, 1295.8113542939075, 1295.8113542939075, 1216.2880438242585, 1216.2880438242585, 1003.3569054972718, 715.1667627197351, 715.1667627197351, 655.0788837757356, 655.0788837757356, 387.8557589212831, 318.1565514815301, 318.1565514815301, 318.1565514815301, 115.43606692369944, 115.43606692369944, 115.43606692369944, 115.43606692369944, 115.43606692369944, 115.43606692369944, 107.71628576510768, 107.71628576510768, 107.71628576510768, 107.71628576510768, 107.71628576510768, 107.71628576510768, 107.71628576510768, 107.71628576510768, 107.71628576510768, 107.71628576510768, 107.71628576510768, 107.71628576510768, 107.71628576510768, 107.71628576510768, 107.71628576510768, 107.71628576510768, 94.08114005655732, 94.08114005655732, 94.08114005655732, 94.08114005655732, 73.26454561000277, 73.26454561000277, 73.26454561000277, 65.9519027917004, 63.94547332866695, 63.94547332866695, 63.94547332866695, 63.94547332866695, 63.43674738843126, 58.54642632278714, 58.54642632278714, 58.54642632278714, 58.54642632278714, 57.28433837109873, 57.28433837109873, 56.58937017585184, 56.58937017585184, 56.58937017585184, 56.58937017585184, 56.58937017585184, 56.58937017585184, 56.58200409660189, 46.74474448747691, 46.74474448747691, 46.74474448747691, 41.09753025751299, 41.09753025751299, 41.09753025751299, 41.09753025751299, 73920.937837145, 265244.32380192075, 265244.32380192075, 265244.32380192075, 265244.32380192075, 265244.32380192075, 265244.32380192075, 302999.8705378589, 322465.08698825096, 322465.08698825096, 322465.08698825096, 340941.14017077646, 349548.2621302991, 398655.0500892323, 402781.1276738964, 543009.5255347092, 543009.5255347092, 558846.8238916257, 626963.8339644169, 639695.364472222, 639695.364472222, 667264.0915903018, 667264.0915903018, 667264.0915903018, 592444.1110062556, 776141.7174424679, 776141.7174424679, 800198.2527480725, 800198.2527480725, 800198.2527480725, 800198.2527480725, 800198.2527480725, 800198.2527480725, 800198.2527480725, 800198.2527480725, 800198.2527480725, 805157.2531732848, 805157.2531732848, 805157.2531732848, 805157.2531732848, 810324.0, 810324.0, 810324.0, 810324.0, 810324.0, 810324.0, 810324.0, 810324.0, 810324.0, 810324.0, 810324.0, 810324.0, 810324.0, 810324.0, 810324.0, 810324.0, 810324.0, 810324.0, 810324.0, 810324.0, 810324.0, 810324.0, 810324.0, 810324.0, 810324.0, 810324.0, 810324.0, 810324.0, 810324.0, 810324.0, 810324.0, 810324.0, 810324.0, 810324.0, 810324.0, 810324.0, 810324.0, 810324.0, 810324.0, 810324.0, 810324.0, 810324.0, 810324.0, 810324.0, 810324.0, 810324.0, 810324.0, 810324.0, 810324.0, 810324.0, 810324.0, 810324.0, 810324.0, 810324.0, 810324.0, 810324.0, 810324.0, 810324.0, 810324.0, 810324.0, 810324.0, 810324.0, 810324.0, 810324.0, 810324.0, 810324.0, 810324.0, 810324.0, 810324.0, 810324.0, 810324.0, 810324.0, 810324.0, 810324.0, 810324.0, 810324.0, 810324.0, 810324.0, 810324.0, 810324.0, 810324.0, 810324.0, 810324.0, 810324.0, 810324.0, 810324.0, 810324.0, 810324.0, 810324.0, 810324.0, 810324.0, 810324.0, 810324.0, 810324.0, 810324.0, 810324.0, 810324.0, 810324.0, 810324.0, 810324.0, 810324.0, 810324.0, 810324.0, 810324.0, 810324.0, 810324.0, 810324.0, 810324.0, 810324.0, 810324.0, 810324.0, 810324.0, 810324.0, 810324.0, 810324.0, 810324.0, 810324.0, 810324.0, 810324.0, 810324.0, 810324.0, 810324.0, 810324.0, 810324.0, 810324.0, 810324.0, 810324.0, 810324.0, 810324.0, 810324.0, 810324.0, 810324.0, 810324.0, 810324.0, 810324.0, 810324.0, 810324.0, 810324.0, 810324.0, 810324.0, 810324.0, 810324.0, 810324.0, 810324.0, 810324.0, 810324.0, 810324.0, 810324.0, 810324.0, 810324.0, 810324.0, 810324.0, 810324.0, 810324.0, 810324.0, 810324.0, 810324.0, 810324.0, 810324.0, 810324.0, 810324.0, 810324.0, 810324.0, 810324.0, 810324.0, 810324.0, 810324.0, 810324.0, 810324.0, 810324.0, 810324.0, 810324.0, 810324.0, 810324.0, 810324.0, 810324.0, 810324.0, 810324.0, 810324.0, 810324.0, 810324.0, 810324.0, 810324.0, 810324.0, 810324.0, 810324.0, 810324.0, 810324.0, 810324.0, 810324.0, 810324.0, 810324.0, 810324.0, 810324.0, 810324.0, 810324.0, 810324.0, 810324.0, 810324.0, 810324.0, 810324.0, 810324.0, 810324.0, 810324.0, 810324.0, 810324.0, 810324.0, 810324.0, 810324.0, 810324.0, 810324.0, 810324.0, 810324.0, 810324.0, 810324.0, 810324.0, 810324.0, 810324.0, 810324.0, 810324.0, 810324.0, 810324.0, 810324.0, 810324.0, 810324.0, 810324.0, 810324.0, 810324.0, 810324.0, 810324.0, 810324.0, 810324.0, 810324.0, 810324.0, 810324.0, 810324.0, 810324.0, 810324.0, 810324.0, 810324.0, 810324.0, 810324.0, 810324.0, 810324.0, 810324.0, 810324.0, 810324.0, 810324.0, 810324.0, 810324.0, 810324.0, 810324.0, 810324.0, 810324.0, 810324.0, 810324.0, 810324.0, 810324.0, 810324.0, 810324.0, 810324.0, 810324.0, 810324.0, 810324.0, 810324.0, 810324.0, 810324.0, 810324.0, 810324.0, 810324.0, 810324.0, 810324.0, 810324.0, 810324.0, 810324.0, 810324.0, 810324.0, 810324.0, 810324.0, 810324.0, 810324.0, 810324.0, 810324.0, 810324.0, 810324.0, 810324.0, 810324.0, 810324.0, 810324.0, 810324.0, 810324.0, 810324.0, 810324.0, 810324.0, 810324.0, 810324.0, 810324.0, 810324.0, 810324.0, 810324.0, 810324.0, 810324.0, 810324.0, 810324.0, 810324.0, 810324.0, 810324.0, 810324.0, 810324.0, 810324.0, 810324.0, 810324.0, 810324.0, 810324.0, 810324.0, 810324.0, 810324.0, 810324.0, 810324.0, 810324.0, 810324.0, 810324.0, 810324.0, 810324.0, 810324.0, 810324.0, 810324.0, 810324.0, 810324.0, 810324.0, 810324.0, 810324.0, 810324.0, 810324.0, 810324.0, 810324.0, 810324.0, 810324.0, 810324.0, 810324.0, 810324.0, 810324.0, 810324.0, 810324.0, 810324.0, 810324.0, 810324.0, 810324.0, 810324.0, 810324.0, 810324.0, 810324.0, 810324.0, 810324.0, 810324.0, 810324.0, 810324.0, 810324.0, 810324.0, 810324.0, 810324.0, 810324.0, 810324.0, 810324.0, 810324.0, 810324.0, 810324.0, 810324.0, 810324.0, 810324.0, 810324.0, 810324.0, 810324.0, 810324.0, 810324.0, 810324.0, 810324.0, 810324.0, 810324.0, 810324.0, 810324.0, 810324.0, 810324.0, 810324.0, 810324.0, 810324.0, 810324.0, 810324.0, 810324.0, 810324.0, 810324.0, 810324.0, 810324.0, 810324.0, 810324.0, 810324.0, 810324.0, 810324.0, 810324.0, 810324.0, 810324.0, 810324.0, 810324.0, 810324.0, 810324.0, 810324.0, 810324.0, 810324.0, 810324.0, 810324.0, 810324.0, 810324.0, 810324.0, 810324.0, 810324.0, 810324.0, 810324.0, 810324.0, 810324.0, 810324.0, 810324.0, 810324.0, 810324.0, 810324.0, 810324.0, 810324.0, 810324.0, 810324.0, 810324.0, 810324.0, 810324.0, 810324.0, 810324.0, 810324.0, 810324.0, 810324.0, 810324.0, 810324.0, 810324.0, 810324.0, 810324.0, 810324.0, 810324.0, 810324.0, 810324.0, 810324.0, 810324.0, 810324.0, 810324.0, 810324.0, 810324.0, 810324.0, 810324.0, 810324.0, 810324.0, 810324.0, 810324.0, 810324.0, 810324.0, 770607.0306392107, 770607.0306392107, 770607.0306392107, 770607.0306392107, 770607.0306392107, 770607.0306392107, 770607.0306392107, 770607.0306392107, 770607.0306392107, 770607.0306392107, 770607.0306392107, 770607.0306392107, 770607.0306392107, 770607.0306392107, 770607.0306392107, 770607.0306392107, 770607.0306392107, 770607.0306392107, 770607.0306392107, 770607.0306392107, 770607.0306392107, 770607.0306392107, 770607.0306392107, 770607.0306392107, 770607.0306392107, 770607.0306392107, 770607.0306392107, 770607.0306392107, 769220.9187190614, 803086.3835238655, 806062.1794651673, 806062.1794651673, 806062.1794651673, 806062.1794651673, 810237.2595199948, 810237.2595199948, 810237.2595199948, 810237.2595199948, 810106.5826557218, 810324.0, 810324.0, 810324.0, 810324.0, 810324.0, 810324.0, 810324.0, 810324.0, 810324.0, 810324.0, 810324.0, 810324.0, 810324.0, 810324.0, 810324.0, 810324.0, 810324.0, 810324.0, 810324.0, 810324.0, 810324.0, 810324.0, 810324.0, 810324.0, 810324.0, 810324.0, 810324.0, 810324.0, 810324.0, 810324.0, 810324.0, 810324.0, 810324.0, 810324.0, 810324.0, 810324.0, 810324.0, 810324.0, 810324.0, 810324.0, 810324.0, 810324.0, 810324.0, 810324.0, 810324.0, 810324.0, 810324.0, 810324.0, 810324.0, 810324.0, 810324.0, 810324.0, 809873.4275810913, 809873.4275810913, 809873.4275810913, 809873.4275810913, 809873.4275810913, 809873.4275810913, 809873.4275810913, 809873.4275810913, 809873.4275810913, 809873.4275810913, 809873.4275810913, 809873.4275810913, 809873.4275810913, 809873.4275810913, 809873.4275810913, 809873.4275810913, 809873.4275810913, 809873.4275810913, 809873.4275810913, 809873.4275810913, 809873.4275810913, 809873.4275810913, 809873.4275810913, 809873.4275810913, 809873.4275810913, 809873.4275810913, 809873.4275810913, 809873.4275810913, 809873.4275810913, 809873.4275810913, 809873.4275810913, 809873.4275810913, 809873.4275810913, 809873.4275810913, 809873.4275810913, 809873.4275810913, 809873.4275810913, 809873.4275810913, 809873.4275810913, 809873.4275810913, 809873.4275810913, 809873.4275810913, 809873.4275810913, 809948.5967047045, 810098.0397602937, 810174.5569444108, 810174.5569444108, 810174.5569444108, 810174.5569444108, 810174.5569444108, 810174.5569444108, 810174.5569444108, 810174.5569444108, 810174.5569444108, 810174.5569444108, 810174.5569444108, 810174.5569444108, 810174.5569444108, 810174.5569444108, 810174.5569444108, 810174.5569444108, 810174.5569444108, 810174.5569444108, 810174.5569444108, 810174.5569444108, 810174.5569444108, 810174.5569444108, 810174.5569444108, 810174.5569444108, 810174.5569444108, 810174.5569444108, 810174.5569444108, 810174.5569444108, 810174.5569444108, 810174.5569444108, 810174.5569444108, 810174.5569444108, 810174.5569444108, 810174.5569444108, 810174.5569444108, 810174.5569444108, 810174.5569444108, 810174.5569444108, 810174.5569444108, 810174.5569444108, 810174.5569444108, 810174.5569444108, 810174.5569444108, 810174.5569444108, 810174.5569444108, 810174.5569444108, 810174.5569444108, 810174.5569444108, 810174.5569444108, 810174.5569444108, 810174.5569444108, 810174.5569444108, 810174.5569444108, 810174.5569444108, 810174.5569444108, 810174.5569444108, 810174.5569444108, 810174.5569444108, 810174.5569444108, 810174.5569444108, 810174.5569444108, 810174.5569444108, 810174.5569444108, 810174.5569444108, 810174.5569444108, 810174.5569444108, 810174.5569444108, 810174.5569444108, 810174.5569444108, 810174.5569444108, 810174.5569444108, 810174.5569444108, 810174.5569444108, 810174.5569444108, 810174.5569444108, 810174.5569444108, 810174.5569444108, 810174.5569444108, 810174.5569444108, 810174.5569444108, 810174.5569444108, 810174.5569444108, 810174.5569444108, 810174.5569444108, 810174.5569444108, 810174.5569444108, 810174.5569444108, 810174.5569444108, 810174.5569444108, 810174.5569444108, 810174.5569444108, 810174.5569444108, 810174.5569444108, 810174.5569444108, 810174.5569444108, 810174.5569444108, 810174.5569444108, 810174.5569444108, 810174.5569444108, 810174.5569444108, 810174.5569444108, 810174.5569444108, 810174.5569444108, 810174.5569444108, 810174.5569444108, 810174.5569444108, 810174.5569444108, 810174.5569444108, 810174.5569444108, 810174.5569444108, 810174.5569444108, 810174.5569444108, 810174.5569444108, 810174.5569444108, 810174.5569444108, 810174.5569444108, 810174.5569444108, 810174.5569444108, 810174.5569444108, 810174.5569444108, 810174.5569444108, 810174.5569444108, 810174.5569444108, 810174.5569444108, 810174.5569444108, 810174.5569444108, 810174.5569444108, 810174.5569444108, 810174.5569444108, 810174.5569444108, 810174.5569444108, 810174.5569444108, 810324.0, 810324.0, 810324.0, 810324.0, 810324.0, 810324.0, 810324.0, 810324.0, 810324.0, 810324.0, 810324.0, 810324.0, 810324.0, 810324.0, 810324.0, 810324.0, 810324.0, 810324.0, 810324.0, 810324.0, 810324.0, 810324.0, 810324.0, 810324.0, 810324.0, 810324.0, 810324.0, 810324.0, 810324.0, 810324.0, 810324.0, 810324.0, 810324.0, 810324.0, 810324.0, 810324.0, 810324.0, 810324.0, 810324.0, 810324.0, 810324.0, 810324.0, 810324.0, 810324.0, 810324.0, 810324.0, 810324.0, 810324.0, 810324.0, 810324.0, 810324.0, 810324.0, 810324.0, 810324.0, 810324.0, 810324.0, 810324.0, 810324.0, 810324.0, 810324.0, 810324.0, 810324.0, 810324.0, 810324.0, 810324.0, 810324.0, 810324.0, 810324.0, 810324.0, 810324.0, 810324.0, 810324.0, 810324.0, 810324.0, 810324.0, 810324.0, 810324.0, 810324.0, 810324.0, 810324.0, 810324.0, 810324.0, 810324.0, 810324.0, 810324.0, 810324.0, 810324.0, 810324.0, 810324.0, 810324.0, 810324.0, 810324.0, 810324.0, 810324.0, 810324.0, 810324.0, 810324.0, 810324.0, 810324.0, 810324.0, 810324.0, 810324.0, 810324.0, 810324.0, 810324.0, 810324.0, 810324.0, 810324.0, 810324.0, 810324.0, 810324.0, 810324.0, 810324.0, 810324.0, 810324.0, 810324.0, 810324.0, 810324.0, 810324.0, 810324.0, 810324.0, 810324.0, 810324.0, 810324.0, 810324.0, 810324.0, 810324.0, 810324.0, 810324.0, 810324.0, 810324.0, 810324.0, 810324.0, 810324.0, 810324.0, 810324.0, 810324.0, 810324.0, 810324.0, 810324.0, 810324.0, 810324.0, 810324.0, 810324.0, 810324.0, 810324.0, 810324.0, 810324.0, 810324.0, 810324.0, 810324.0, 810324.0, 810324.0, 810324.0, 810324.0, 810324.0, 810324.0, 810324.0, 810324.0, 810324.0, 810324.0, 810324.0, 810324.0, 810324.0, 810324.0, 810324.0, 810324.0, 810324.0, 810324.0, 810324.0, 810324.0, 810324.0, 810324.0, 810324.0, 810324.0, 810324.0, 810324.0, 810324.0, 810324.0, 810324.0, 810324.0, 810324.0, 810324.0, 810324.0, 810324.0, 810324.0, 810324.0, 810324.0, 810324.0, 810324.0, 810324.0, 810324.0, 810324.0, 810324.0, 810324.0, 810324.0, 810324.0, 810324.0, 810324.0, 810324.0, 810324.0, 810324.0, 810324.0, 810324.0, 810324.0, 810324.0, 810324.0, 810324.0, 810324.0, 810324.0, 810324.0, 810324.0, 810324.0, 810324.0, 810324.0, 810324.0, 810324.0, 810324.0, 810324.0, 810324.0, 810324.0, 810324.0, 810324.0, 810324.0, 810324.0, 810324.0, 810324.0, 810324.0, 810324.0, 810324.0, 810324.0, 810324.0, 810324.0, 810324.0, 810324.0, 810324.0, 810324.0, 810324.0, 810324.0, 810324.0, 810324.0, 810324.0, 810324.0, 810324.0, 810324.0, 810324.0, 810324.0, 810324.0, 810324.0, 810324.0, 810324.0, 810324.0, 810324.0, 810324.0, 810324.0, 810324.0, 810324.0, 810324.0, 810324.0, 810324.0, 810324.0, 810324.0, 810324.0, 810324.0, 810324.0, 810324.0, 810324.0, 810324.0, 810324.0, 810324.0, 810324.0, 810324.0, 810324.0, 810324.0, 810324.0, 810324.0, 810324.0, 810324.0, 810324.0, 810324.0, 810324.0, 810324.0, 810324.0, 810324.0, 810324.0, 810324.0, 810324.0, 810324.0, 810324.0, 810324.0, 810324.0, 810324.0, 810324.0, 810324.0, 810324.0, 810324.0, 810324.0, 810324.0, 810324.0, 810324.0, 810324.0, 810324.0, 810324.0, 810324.0, 810324.0, 810324.0, 810324.0, 810324.0, 810324.0, 810324.0, 810324.0, 810324.0, 810324.0, 810324.0, 810324.0, 810324.0, 810324.0, 810324.0, 810324.0, 810324.0, 810324.0, 810324.0, 810324.0, 810324.0, 810324.0, 810324.0, 810324.0, 810324.0, 810324.0, 810324.0, 810324.0, 810324.0, 810324.0, 810324.0, 810324.0, 810324.0, 810324.0, 810324.0, 810324.0, 810324.0, 810324.0, 810324.0, 810324.0, 810324.0, 810324.0, 810324.0, 810324.0, 810324.0, 810324.0, 810324.0, 810324.0, 810324.0, 810324.0, 810324.0, 810324.0, 810324.0, 810324.0, 810324.0, 810324.0, 810324.0, 810324.0, 810324.0, 810324.0, 810324.0, 810324.0, 810324.0, 810324.0, 810324.0, 810324.0, 810324.0, 810324.0, 810324.0, 810324.0, 810324.0, 810324.0, 810324.0, 810324.0, 810324.0, 810324.0, 810324.0, 810324.0, 810324.0, 810324.0, 810324.0, 810324.0, 810324.0, 810324.0, 810324.0, 810324.0, 810324.0, 810324.0, 810324.0, 810324.0, 810324.0, 810324.0, 810324.0, 810324.0, 810324.0, 810324.0, 810324.0, 810324.0, 810324.0, 810324.0, 810324.0, 810324.0, 810324.0, 810324.0, 810324.0, 810324.0, 810324.0, 810324.0, 810324.0, 810324.0, 810324.0, 810324.0, 810324.0, 810324.0, 810324.0, 810324.0, 810324.0, 810324.0, 810324.0, 810324.0, 810324.0, 810324.0, 810324.0, 810324.0, 810324.0, 810324.0, 810324.0, 810324.0, 810324.0, 810324.0, 810324.0, 810324.0, 810324.0, 810324.0, 810324.0, 810324.0, 810324.0, 810324.0, 810324.0, 810324.0, 810324.0, 810324.0, 810324.0, 810324.0, 810324.0, 810324.0, 810324.0, 810324.0, 810324.0, 810324.0, 810324.0, 810324.0, 810324.0, 810324.0, 810324.0, 810324.0, 810324.0, 810324.0, 810324.0, 810324.0, 810324.0, 810324.0, 810324.0, 810324.0, 810324.0, 810324.0, 810324.0, 810324.0, 810324.0, 810324.0, 810324.0, 810324.0, 810324.0, 810324.0, 810324.0, 810324.0, 810324.0, 810324.0, 810324.0, 810324.0, 810324.0, 810324.0, 810324.0, 810324.0, 810324.0, 810324.0, 810324.0, 810324.0, 810324.0, 810324.0, 810324.0, 810324.0, 810324.0, 810324.0, 810324.0, 810324.0, 810324.0, 810324.0, 810324.0, 810324.0, 810324.0, 810324.0, 810324.0, 810324.0, 810324.0, 810324.0, 810324.0, 810324.0, 810324.0, 810324.0, 810324.0, 810324.0, 810324.0, 810324.0, 810324.0, 810324.0, 810324.0, 810324.0, 810324.0, 810324.0, 810324.0, 810324.0, 810324.0, 810324.0, 810324.0, 810324.0, 810324.0, 810324.0, 810324.0, 810324.0, 810324.0, 810324.0, 810324.0, 810324.0, 810324.0, 810324.0, 810324.0, 810324.0, 810324.0, 810324.0, 810324.0, 810324.0, 810324.0, 810324.0, 810324.0, 810324.0, 810324.0, 810324.0, 810324.0, 810324.0, 810324.0, 810324.0, 810324.0, 810324.0, 810324.0, 810324.0, 810324.0, 810324.0, 810324.0, 810324.0, 810324.0, 810324.0, 810324.0, 810324.0, 810324.0, 810324.0, 810324.0, 810324.0, 810324.0, 810324.0, 810324.0, 810324.0, 810324.0, 810324.0, 810324.0, 810324.0, 810324.0, 810324.0, 810324.0, 810324.0, 810324.0, 810324.0, 810324.0, 810324.0, 810324.0, 810324.0, 810324.0, 810324.0, 810324.0, 810324.0, 810324.0, 810324.0, 810324.0, 810324.0, 810324.0, 810324.0, 810324.0, 810324.0, 810324.0, 810324.0, 810324.0, 810324.0, 810324.0, 810324.0, 810324.0, 810324.0, 810324.0, 810324.0, 810324.0, 810324.0, 810324.0, 810324.0, 810324.0, 810324.0, 810324.0, 810324.0, 810324.0, 810324.0, 810324.0, 810324.0, 810324.0, 810324.0, 810324.0, 810324.0, 810324.0, 810324.0, 810324.0, 810324.0, 810324.0, 810324.0, 810324.0, 810324.0, 810324.0, 810324.0, 810324.0, 810324.0, 810324.0, 810208.034408534, 810208.034408534, 810208.034408534, 810208.034408534, 810208.034408534, 810208.034408534, 810208.034408534, 810208.034408534, 810208.034408534, 810208.034408534, 810208.034408534, 810208.034408534, 810208.034408534, 810208.034408534, 810208.034408534, 810208.034408534, 810208.034408534, 810208.034408534, 810208.034408534, 810208.034408534, 810208.034408534, 810208.034408534, 810208.034408534, 810208.034408534, 810208.034408534, 810208.034408534, 810208.034408534, 810208.034408534, 810208.034408534, 810324.0, 810324.0, 810324.0, 810324.0, 810324.0, 810324.0, 810324.0, 810324.0, 810324.0, 810324.0, 810324.0, 810324.0, 810324.0, 810324.0, 810324.0, 810324.0, 810324.0, 810324.0, 810324.0, 810324.0, 810324.0, 810324.0, 810324.0, 810324.0, 810324.0, 810324.0, 810324.0, 810324.0, 810324.0, 810324.0, 810324.0, 810324.0, 810324.0, 810324.0, 810324.0, 810324.0, 810324.0, 810324.0, 810324.0, 810324.0, 810324.0, 810324.0, 810324.0, 810324.0, 810324.0, 810324.0, 810324.0, 810324.0, 810324.0, 810324.0, 810324.0, 810324.0, 810324.0, 810324.0, 810324.0, 810324.0, 810324.0, 810324.0, 810324.0, 810324.0, 810324.0, 810324.0, 810324.0, 810324.0, 810324.0, 810324.0, 810324.0, 810324.0, 810324.0, 810324.0, 810324.0, 810324.0, 810324.0, 810324.0, 810324.0, 810324.0, 810324.0, 810324.0, 810324.0, 810324.0, 810324.0, 810324.0, 810324.0, 810324.0, 810324.0, 810324.0, 810324.0, 810324.0, 810324.0, 810324.0, 810324.0, 810324.0, 810324.0, 810324.0, 810324.0, 810324.0, 810324.0, 810324.0, 810324.0, 810324.0, 810324.0, 810324.0, 810324.0, 810324.0, 810324.0, 810324.0, 810324.0, 810324.0, 810324.0, 810324.0, 810324.0, 810324.0, 810324.0, 810324.0, 810324.0, 810324.0, 810324.0, 810324.0, 810324.0, 810324.0, 810324.0, 810324.0, 810324.0, 810324.0, 810324.0, 810324.0, 810324.0, 810324.0, 810324.0, 810324.0, 810324.0, 810324.0, 810324.0, 810324.0, 810324.0, 810324.0, 810324.0, 810324.0, 810324.0, 810324.0, 810324.0, 810324.0, 810324.0, 810324.0, 810324.0, 810324.0, 810324.0, 810324.0, 810324.0, 810324.0, 810324.0, 810324.0, 810324.0, 810324.0, 810324.0, 810324.0, 810324.0, 810324.0, 810324.0, 810324.0, 810324.0, 810324.0, 810324.0, 810324.0, 810324.0, 810324.0, 810324.0, 810324.0, 810324.0, 810324.0, 810324.0, 810324.0, 810324.0, 810324.0, 810324.0, 810324.0, 810324.0, 810324.0, 810324.0, 810324.0, 810324.0, 810324.0, 810324.0, 810324.0, 810324.0, 810324.0, 810324.0, 810324.0, 810324.0, 810324.0, 810324.0, 810324.0, 810324.0, 810324.0, 810324.0, 810324.0, 810324.0, 810324.0, 810324.0, 810324.0, 810324.0, 810324.0, 810324.0, 810324.0, 810324.0, 810324.0, 810324.0, 810324.0, 810324.0, 810324.0, 810324.0, 810324.0, 810324.0, 810324.0, 810324.0, 810324.0, 810324.0, 810324.0, 810324.0, 810324.0, 810324.0, 810324.0, 810324.0, 810324.0, 810324.0, 810324.0, 810324.0, 810324.0, 810324.0, 810324.0, 810324.0, 810324.0, 810324.0, 810324.0, 810324.0, 810324.0, 810324.0, 810324.0, 810324.0, 810324.0, 810324.0, 810324.0, 810324.0, 810324.0, 810324.0, 810324.0, 810324.0, 810324.0, 810324.0, 810324.0, 810324.0, 810324.0, 810324.0, 810324.0, 810324.0, 810324.0, 810324.0, 810324.0, 810324.0, 810324.0, 810324.0, 810324.0, 810324.0, 810324.0, 810324.0, 810324.0, 810324.0, 810324.0, 810324.0, 810324.0, 810324.0, 810324.0, 810324.0, 810324.0, 810324.0, 810324.0, 810324.0, 810324.0, 810324.0, 810324.0, 810324.0, 810324.0, 810324.0, 810324.0, 810324.0, 810324.0, 810324.0, 810324.0, 810324.0, 810324.0, 810324.0, 810324.0, 810324.0, 810324.0, 810324.0, 810324.0, 810324.0, 810324.0, 810324.0, 810324.0, 810324.0, 810324.0, 810324.0, 810324.0, 810324.0, 810324.0, 810324.0, 810324.0, 810324.0, 810324.0, 810324.0, 810324.0, 810324.0, 810324.0, 810324.0, 810324.0, 810324.0, 810324.0, 810324.0, 810324.0, 810324.0, 810324.0, 810324.0, 810324.0, 810324.0, 810324.0, 810324.0, 810324.0, 810324.0, 810324.0, 810324.0, 810324.0, 810324.0, 810324.0, 810084.3522903962, 810084.3522903962, 810084.3522903962, 810084.3522903962, 810084.3522903962, 810084.3522903962, 810084.3522903962, 810084.3522903962, 810084.3522903962, 810084.3522903962, 810084.3522903962, 810084.3522903962, 810084.3522903962, 810084.3522903962, 810084.3522903962, 810084.3522903962, 810084.3522903962, 810084.3522903962, 810084.3522903962, 810084.3522903962, 810084.3522903962, 810084.3522903962, 810084.3522903962, 810084.3522903962, 810084.3522903962, 810084.3522903962, 810084.3522903962, 810084.3522903962, 810084.3522903962, 810084.3522903962, 810084.3522903962, 810084.3522903962, 810084.3522903962, 810084.3522903962, 810084.3522903962, 810084.3522903962, 810084.3522903962, 810084.3522903962, 810084.3522903962, 810310.7859226181, 810310.7859226181, 810310.7859226181, 810310.7859226181, 810310.7859226181, 810310.7859226181, 810310.7859226181, 810310.7859226181, 810310.7859226181, 810310.7859226181, 810310.7859226181, 810310.7859226181, 810310.7859226181, 810310.7859226181, 810310.7859226181, 810310.7859226181, 810310.7859226181, 810310.7859226181, 810310.7859226181, 810310.7859226181, 810310.7859226181, 810310.7859226181, 810310.7859226181, 810310.7859226181, 810310.7859226181, 810310.7859226181, 810310.7859226181, 810310.7859226181, 810310.7859226181, 810310.7859226181, 810310.7859226181, 810310.7859226181, 810310.7859226181, 810310.7859226181, 810310.7859226181, 810310.7859226181, 810310.7859226181, 810310.7859226181, 810310.7859226181, 810310.7859226181, 810310.7859226181, 810310.7859226181, 810310.7859226181, 810310.7859226181, 810310.7859226181, 810324.0, 810324.0, 810324.0, 810324.0, 810324.0, 810324.0, 810324.0, 810324.0, 810324.0, 810324.0, 810324.0, 810324.0, 810324.0, 810324.0, 810324.0, 810324.0, 810324.0, 810324.0, 810324.0, 810324.0, 810324.0, 810324.0, 810324.0, 810324.0, 810324.0, 810324.0, 810324.0, 810324.0, 810324.0, 810324.0, 810324.0, 810324.0, 810324.0, 810324.0, 810324.0, 810324.0, 810324.0, 810324.0, 810324.0, 810324.0, 810324.0, 810324.0, 810324.0, 810324.0, 810324.0, 810324.0, 810324.0, 810324.0, 810324.0, 810324.0, 810324.0, 810324.0, 810324.0, 810324.0, 810324.0, 810324.0, 810324.0, 810324.0, 810324.0, 810324.0, 810324.0, 810324.0, 810324.0, 810324.0, 810324.0, 810324.0, 810324.0, 810324.0, 810324.0, 810324.0, 810324.0, 810324.0, 810324.0, 810324.0, 810324.0, 810324.0, 810324.0, 810324.0, 810324.0, 810324.0, 810324.0, 810324.0, 810324.0, 810324.0, 810324.0, 810324.0, 810324.0, 810324.0, 810324.0, 810324.0, 810324.0, 810324.0, 810324.0, 810324.0, 810324.0, 810324.0, 810324.0, 810324.0, 810324.0, 810324.0, 810324.0, 810324.0, 810324.0, 810324.0, 810324.0, 810324.0, 810324.0, 810324.0, 810324.0, 810324.0, 810324.0, 810324.0, 810324.0, 810324.0, 810324.0, 810324.0, 810324.0, 810324.0, 810324.0, 810324.0, 810324.0, 810324.0, 810324.0, 810324.0, 810324.0, 810324.0, 810324.0, 810324.0, 810324.0, 810324.0, 810324.0, 810324.0, 810324.0, 810324.0, 810324.0, 810324.0, 810324.0, 810324.0, 810324.0, 810324.0, 810324.0, 810324.0, 810324.0, 810324.0, 810324.0, 810324.0, 810324.0, 810324.0, 810324.0, 810324.0, 810324.0, 810324.0, 810324.0, 810324.0, 810324.0, 810324.0, 810324.0, 810324.0, 810324.0, 810324.0, 810324.0, 810324.0, 810324.0, 810324.0, 810324.0, 810324.0, 810324.0, 810324.0, 810324.0, 810324.0, 810324.0, 810324.0, 810324.0, 810324.0, 810324.0, 810324.0, 810324.0, 810324.0, 810324.0, 810324.0, 810324.0, 810324.0, 810324.0, 810324.0, 810324.0, 810324.0, 810324.0, 810324.0, 810324.0, 810324.0, 810324.0, 810324.0, 810324.0, 810324.0, 810324.0, 810324.0, 810324.0, 810324.0, 810324.0, 810324.0, 810324.0, 810324.0, 810324.0, 810324.0, 810324.0, 810324.0, 810324.0, 810324.0, 810324.0, 810324.0, 810324.0, 810324.0, 810324.0, 810324.0, 810324.0, 810324.0, 810324.0, 810324.0, 810324.0, 810324.0, 810324.0, 810324.0, 810324.0, 810324.0, 810324.0, 810324.0, 810324.0, 810324.0, 810324.0, 810324.0, 810324.0, 810324.0, 810324.0, 810324.0, 810324.0, 810324.0, 810324.0, 810324.0, 810324.0, 810324.0, 810324.0, 810324.0, 810324.0, 810324.0, 810324.0, 810324.0, 810324.0, 810324.0, 810324.0, 810324.0, 810324.0, 810324.0, 810324.0, 810324.0, 810324.0, 810324.0, 810324.0, 810324.0, 810324.0, 810324.0, 810324.0, 810324.0, 810324.0, 810324.0, 810324.0, 810324.0, 810324.0, 810324.0, 810324.0, 810324.0, 810324.0, 810324.0, 810324.0, 810324.0, 810324.0, 810324.0, 810324.0, 810324.0, 810324.0, 810324.0, 810324.0, 810324.0, 810324.0, 810324.0, 810324.0, 810324.0, 810324.0, 810324.0, 810324.0, 810324.0, 810324.0, 810324.0, 810324.0, 810324.0, 810324.0, 810324.0, 810324.0, 810324.0, 810324.0, 810324.0, 810324.0, 810324.0, 810324.0, 810324.0, 810324.0, 810324.0, 810324.0, 810324.0, 810324.0, 810324.0, 810324.0, 810324.0, 810324.0, 810324.0, 810324.0, 810324.0, 810324.0, 810324.0, 810324.0, 810324.0, 810324.0, 810324.0, 810324.0, 810324.0, 810324.0, 810324.0, 810324.0, 810324.0, 810324.0, 810324.0, 810324.0, 810324.0, 810324.0, 810324.0, 810324.0, 810324.0, 810324.0, 810324.0, 810324.0, 810324.0, 810324.0, 810324.0, 810324.0, 810324.0, 810324.0, 810324.0, 810324.0, 810324.0, 810324.0, 810324.0, 810324.0, 810324.0, 810324.0, 810324.0, 810324.0, 810324.0, 810324.0, 810324.0, 810324.0, 810324.0, 810324.0, 810324.0, 810324.0, 810324.0, 810324.0, 810324.0, 810324.0, 810324.0, 810324.0, 810324.0, 810324.0, 810324.0, 810324.0, 810324.0, 810324.0, 810324.0, 810324.0, 810324.0, 810324.0, 810324.0, 810324.0, 810324.0, 810324.0, 810324.0, 810324.0, 810324.0, 810324.0, 810324.0, 810324.0, 810324.0, 810324.0, 810324.0, 810324.0, 810324.0, 810324.0, 810324.0, 810324.0, 810324.0, 810324.0, 810324.0, 810324.0, 810324.0, 810324.0, 810324.0, 810324.0, 810324.0, 810324.0, 810324.0, 810324.0, 810324.0, 810324.0, 810324.0, 810324.0, 810324.0, 810324.0, 810324.0, 810324.0, 810324.0, 810324.0, 810324.0, 810324.0, 810324.0, 810324.0, 810324.0, 810324.0, 810324.0, 810324.0, 810324.0, 810324.0, 810324.0, 810324.0, 810324.0, 810324.0, 810324.0, 810324.0, 810324.0, 810324.0, 810324.0, 810324.0, 810324.0, 810324.0, 810324.0, 810324.0, 810324.0, 810324.0, 810324.0, 810324.0, 810324.0, 810324.0, 810324.0, 810324.0, 810324.0, 810324.0, 810324.0, 810324.0, 810324.0, 810324.0, 810324.0, 810324.0, 810324.0, 810324.0, 810324.0, 810324.0, 810324.0, 810324.0, 810324.0, 810324.0, 810324.0, 810324.0, 810324.0, 810324.0, 810324.0, 810324.0, 810324.0, 810324.0, 810324.0, 810324.0, 810324.0, 810324.0, 810324.0, 810324.0, 810324.0, 810324.0, 810324.0, 810324.0, 810324.0, 810324.0, 810324.0, 810324.0, 810324.0, 810324.0, 810324.0, 810324.0, 810324.0, 810324.0, 810324.0, 810324.0, 810324.0, 810324.0, 810324.0, 810324.0, 810324.0, 810324.0, 810324.0, 810324.0, 810324.0, 810324.0, 810324.0, 810324.0, 810324.0, 810324.0, 810324.0, 810324.0, 810324.0, 810324.0, 810324.0, 810324.0, 810324.0, 810324.0, 810324.0, 810324.0, 810324.0, 810324.0, 810324.0, 810324.0, 810324.0, 810324.0, 810324.0, 810324.0, 810324.0, 810324.0, 810324.0, 810324.0, 810324.0, 810324.0, 810324.0, 810324.0, 810324.0, 810324.0, 810324.0, 810324.0, 810324.0, 810324.0, 810324.0, 810324.0, 810324.0, 810324.0, 810324.0, 810324.0, 810324.0, 810324.0, 810324.0, 810324.0, 810324.0, 810324.0, 810324.0, 810324.0, 810324.0, 810324.0, 810324.0, 810324.0, 810324.0, 810324.0, 810324.0, 810324.0, 810324.0, 810324.0, 810324.0, 810324.0, 810324.0, 810324.0, 810324.0, 810324.0, 810324.0, 810324.0, 810324.0, 810324.0, 810324.0, 810324.0, 810324.0, 810324.0, 810324.0, 810324.0, 810324.0, 810324.0, 810324.0, 810324.0, 810324.0, 810324.0, 810324.0, 810324.0, 810324.0, 810324.0, 810324.0, 810324.0, 810324.0, 810324.0, 810324.0, 810324.0, 810324.0, 810324.0, 810324.0, 810324.0, 810324.0, 810324.0, 810324.0, 810324.0, 810324.0, 810324.0, 810324.0, 810324.0, 810324.0, 810324.0, 810324.0, 810324.0, 810324.0, 810324.0, 810324.0, 810324.0, 810324.0, 810324.0, 810324.0, 810324.0, 810324.0, 810324.0, 810324.0, 810324.0, 810324.0, 810324.0, 810324.0, 810324.0, 810324.0, 810324.0, 810324.0, 810324.0, 810324.0, 810324.0, 810324.0, 810324.0, 810324.0, 810324.0, 810324.0, 810324.0, 810324.0, 810324.0, 810324.0, 810324.0, 810324.0, 810324.0, 810324.0, 810324.0, 810324.0, 810324.0, 810324.0, 810324.0, 810324.0, 810324.0, 810324.0, 810324.0, 810324.0, 810324.0, 810324.0, 810324.0, 810324.0, 810324.0, 810324.0, 810324.0, 810324.0, 810324.0, 810324.0, 810324.0, 810324.0, 810324.0, 810324.0, 810324.0, 810324.0, 810324.0, 810324.0, 810324.0, 810324.0, 810324.0, 810324.0, 810324.0, 810324.0, 810324.0, 810324.0, 810324.0, 810324.0, 810324.0, 810324.0, 810324.0, 810324.0, 810324.0, 810324.0, 810324.0, 810324.0, 810324.0, 810324.0, 810324.0, 810324.0, 810324.0, 810324.0, 810324.0, 810324.0, 810324.0, 810324.0, 810324.0, 810324.0, 810324.0, 810324.0, 810324.0, 810324.0, 810324.0, 810324.0, 810324.0, 810324.0, 810324.0, 810324.0, 810324.0, 810324.0, 810324.0, 810324.0, 810324.0, 810324.0, 810324.0, 810324.0, 810324.0, 810324.0, 810324.0, 810324.0, 810324.0, 810324.0, 810324.0, 810324.0, 810324.0, 810324.0, 810324.0, 810324.0, 810324.0, 810324.0, 810324.0, 810324.0, 810324.0, 810324.0, 810324.0, 810324.0, 810324.0, 810324.0, 810324.0, 810324.0, 810324.0, 810324.0, 810324.0, 810324.0, 810324.0, 810324.0, 810324.0, 810324.0, 810324.0, 810324.0, 810324.0, 810324.0, 810324.0, 810324.0, 810324.0, 810324.0, 810324.0, 810324.0, 810324.0, 810324.0, 810324.0, 810324.0, 810324.0, 810324.0, 810324.0, 810324.0, 810324.0, 810324.0, 810324.0, 810324.0, 810324.0, 810324.0, 810324.0, 810324.0, 810324.0, 810324.0, 810324.0, 810324.0, 810324.0, 810324.0, 810324.0, 810324.0, 810324.0, 810324.0, 810324.0, 810324.0, 810324.0, 810324.0, 810324.0, 810324.0, 810324.0, 810324.0, 810324.0, 810324.0, 810324.0, 810324.0, 810324.0, 810324.0, 810324.0, 810324.0, 810324.0, 810324.0, 810324.0, 810324.0, 810324.0, 810324.0, 810324.0, 810324.0, 810324.0, 810324.0, 810324.0, 810324.0, 810324.0, 810324.0, 810324.0, 810000.6801710243, 810000.6801710243, 810000.6801710243, 810000.6801710243, 810000.6801710243, 810000.6801710243, 810000.6801710243, 810000.6801710243, 810000.6801710243, 810000.6801710243, 810000.6801710243, 810000.6801710243, 810000.6801710243, 810000.6801710243, 810000.6801710243, 810000.6801710243, 810000.6801710243, 810000.6801710243, 810000.6801710243, 810000.6801710243, 810000.6801710243, 810000.6801710243, 810000.6801710243, 810000.6801710243, 810000.6801710243, 810000.6801710243, 810000.6801710243, 810000.6801710243, 810000.6801710243, 810000.6801710243, 810000.6801710243, 810000.6801710243, 810000.6801710243, 810000.6801710243, 810000.6801710243, 810000.6801710243, 810000.6801710243, 810000.6801710243, 810000.6801710243, 810000.6801710243, 810324.0, 810324.0, 810324.0, 810324.0, 810324.0, 810324.0, 810324.0, 810324.0, 810324.0, 810324.0, 810324.0, 810324.0, 810324.0, 810324.0, 810324.0, 810324.0, 810324.0, 810324.0, 810324.0, 810324.0, 810324.0, 810324.0, 810324.0, 810324.0, 810324.0, 810324.0, 810324.0, 810324.0, 810324.0, 810324.0, 810324.0, 810324.0, 810324.0, 810324.0, 810324.0, 810324.0, 810324.0, 810324.0, 810324.0, 810324.0, 810324.0, 810324.0, 810324.0, 810324.0, 810324.0, 810324.0, 810324.0, 810324.0, 810324.0, 810324.0, 810324.0, 810324.0, 810324.0, 810324.0, 810324.0, 810324.0, 810324.0, 810324.0, 810324.0, 810324.0, 810324.0, 810324.0, 810324.0, 810324.0, 810324.0, 810324.0, 810324.0, 810324.0, 810324.0, 810324.0, 810324.0, 810324.0, 810324.0, 810324.0, 810324.0, 810324.0, 810324.0, 810324.0, 810324.0, 810324.0, 810324.0, 810324.0, 810324.0, 810324.0, 810324.0, 810324.0, 810324.0, 810324.0, 810324.0, 810324.0, 810324.0, 810324.0, 810324.0, 810324.0, 810324.0, 810324.0, 810324.0, 810324.0, 810324.0, 810324.0, 810324.0, 810324.0, 810324.0, 810324.0, 810324.0, 810324.0, 810324.0, 810324.0, 810324.0, 810324.0, 810324.0, 810324.0, 810324.0, 810324.0, 810324.0, 810324.0, 810324.0, 810324.0, 810324.0, 810324.0, 810324.0, 810324.0, 810324.0, 810324.0, 810324.0, 810324.0, 810324.0, 810324.0, 810324.0, 810324.0, 810324.0, 810324.0, 810324.0, 810324.0, 810324.0, 810324.0, 810324.0, 810324.0, 810324.0, 810324.0, 810324.0, 810008.3263780203, 810008.3263780203, 810008.3263780203, 810008.3263780203, 810008.3263780203, 810008.3263780203, 810008.3263780203, 810008.3263780203, 810008.3263780203, 810008.3263780203, 810008.3263780203, 810008.3263780203, 810008.3263780203, 810008.3263780203, 810008.3263780203, 810008.3263780203, 810008.3263780203, 810008.3263780203, 810008.3263780203, 810008.3263780203, 810008.3263780203, 810008.3263780203, 810008.3263780203, 810008.3263780203, 810008.3263780203, 810008.3263780203, 810008.3263780203, 810008.3263780203, 810008.3263780203, 810008.3263780203, 810008.3263780203, 810008.3263780203, 810008.3263780203, 810008.3263780203, 810008.3263780203, 810008.3263780203, 810008.3263780203, 810324.0, 810324.0, 810324.0, 810324.0, 810324.0, 810324.0, 810324.0, 810324.0, 810324.0, 810324.0, 810324.0, 810324.0, 810324.0, 810324.0, 810324.0, 810324.0, 810324.0, 810324.0, 810324.0, 810324.0, 810324.0, 810324.0, 810324.0, 810324.0, 810324.0, 810324.0, 810324.0, 810324.0, 810324.0, 810324.0, 810324.0, 810324.0, 810324.0, 810324.0, 810324.0, 810324.0, 810324.0, 810324.0, 810324.0, 810324.0, 810324.0, 810324.0, 810324.0, 810324.0, 810324.0, 810324.0, 810324.0, 810324.0, 810324.0, 810324.0, 810324.0, 810324.0, 810324.0, 810324.0, 810324.0, 810324.0, 810324.0, 810324.0, 810324.0, 810324.0, 810324.0, 810324.0, 810324.0, 810324.0, 810324.0, 810324.0, 810324.0, 810324.0, 810324.0, 810324.0, 810324.0, 810324.0, 810324.0, 810324.0, 810324.0, 810324.0, 810324.0, 810324.0, 810324.0, 810324.0, 810324.0, 810324.0, 810324.0, 810324.0, 810324.0, 810324.0, 810324.0, 810324.0, 810324.0, 810324.0, 810324.0, 810324.0, 810324.0, 810324.0, 810324.0, 810324.0, 810324.0, 810324.0, 810324.0, 810324.0, 810324.0, 810324.0, 810324.0, 810324.0, 810324.0, 810324.0, 810324.0, 810324.0, 810324.0, 810324.0, 810324.0, 810324.0, 810324.0, 810324.0, 810324.0, 810324.0, 810324.0, 810324.0, 810324.0, 810324.0, 810324.0, 810324.0, 810324.0, 810324.0, 810324.0, 810324.0, 810324.0, 810324.0, 810324.0, 810324.0, 810324.0, 810324.0, 810324.0, 810324.0, 810324.0, 810324.0, 810324.0, 810324.0, 810324.0, 810324.0, 810324.0, 810324.0, 810324.0, 810324.0, 810324.0, 810324.0, 810324.0, 810324.0, 810324.0, 810324.0, 810324.0, 810324.0, 810324.0, 810324.0, 810324.0, 810324.0, 810324.0, 810324.0, 810324.0, 810324.0, 810324.0, 810324.0, 810324.0, 810324.0, 810324.0, 810324.0, 810324.0, 810324.0, 810324.0, 810324.0, 810324.0, 810324.0, 810324.0, 810324.0, 810324.0, 810324.0, 810324.0, 810324.0, 810324.0, 810324.0, 810324.0, 810324.0, 810324.0, 810324.0, 810324.0, 810324.0, 810324.0, 810324.0, 810324.0, 810324.0, 810324.0, 810324.0, 810324.0, 810324.0, 810324.0, 810324.0, 810324.0, 810324.0, 810324.0, 810324.0, 810324.0, 810324.0, 810324.0, 810324.0, 810324.0, 810324.0, 810324.0, 810324.0, 810324.0, 810324.0, 810324.0, 810324.0, 810324.0, 810324.0, 810324.0, 810324.0, 810324.0, 810324.0, 810324.0, 810324.0, 810324.0, 810324.0, 810324.0, 810324.0, 810324.0, 810324.0, 810324.0, 810324.0, 810324.0, 810324.0, 810324.0, 810324.0, 810324.0, 810324.0, 810324.0, 810324.0, 810324.0, 810324.0, 810324.0, 810324.0, 810324.0, 810324.0, 810324.0, 810324.0, 810324.0, 810324.0, 810324.0, 810324.0, 810324.0, 810324.0, 810324.0, 810324.0, 810324.0, 810324.0, 810324.0, 810324.0, 810324.0, 810324.0, 810324.0, 810324.0, 810324.0, 810324.0, 810324.0, 810324.0, 810324.0, 810324.0, 810324.0, 810324.0, 810324.0, 810324.0, 810324.0, 810324.0, 810324.0, 810324.0, 810324.0, 810324.0, 810324.0, 810324.0, 810324.0, 810324.0, 810324.0, 810324.0, 810324.0, 810324.0, 810324.0, 810324.0, 810324.0, 810324.0, 810324.0, 810324.0, 810324.0, 810324.0, 810324.0, 810324.0, 810324.0, 810324.0, 810324.0, 810324.0, 810324.0, 810324.0, 810324.0, 810324.0, 810324.0, 810324.0, 810324.0, 810324.0, 810324.0, 810324.0, 810324.0, 810324.0, 810324.0, 810324.0, 810324.0, 810324.0, 810324.0, 810324.0, 810324.0, 810324.0, 810324.0, 810324.0, 810324.0, 810324.0, 810324.0, 810324.0, 810324.0, 810324.0, 810324.0, 810324.0, 810324.0, 810324.0, 810324.0, 810324.0, 810324.0, 810324.0, 810324.0, 810324.0, 810324.0, 810324.0, 810324.0, 810324.0, 810324.0, 810324.0, 810324.0, 810324.0, 810324.0, 810324.0, 810324.0, 810324.0, 810324.0, 810324.0, 810324.0, 810324.0, 810324.0, 810324.0, 810324.0, 810324.0, 810324.0, 810324.0, 810324.0, 810324.0, 810324.0, 810324.0, 810324.0, 810324.0, 810324.0, 810324.0, 810324.0, 810324.0, 810324.0, 810324.0, 810324.0, 810324.0, 810324.0, 810324.0, 810324.0, 810324.0, 810324.0, 810324.0, 810324.0, 810324.0, 810324.0, 810324.0, 810324.0, 810324.0, 810324.0, 810324.0, 810324.0, 810324.0, 810324.0, 810324.0, 810324.0, 810324.0, 810324.0, 810324.0, 810324.0, 810324.0, 810324.0, 810324.0, 810324.0, 810324.0, 810324.0, 810324.0, 810324.0, 810324.0, 810324.0, 810324.0, 810324.0, 810324.0, 810324.0, 810324.0, 810324.0, 810324.0, 810324.0, 810324.0, 810324.0, 810324.0, 810324.0, 810324.0, 810324.0, 810324.0, 810324.0, 810324.0, 810324.0, 810324.0, 810324.0, 810324.0, 810324.0, 810324.0, 810324.0, 810324.0, 810324.0, 810324.0, 810324.0, 810324.0, 810324.0, 810324.0, 810324.0, 810324.0, 810324.0, 810324.0, 810324.0, 810324.0, 810324.0, 810324.0, 810324.0, 810324.0, 810324.0, 810324.0, 810324.0, 810324.0, 810324.0, 810324.0, 810324.0, 810324.0, 810324.0, 810324.0, 810324.0, 810324.0, 810324.0, 810324.0, 810324.0, 810324.0, 810324.0, 810324.0, 810324.0, 810324.0, 810324.0, 810324.0, 810324.0, 810324.0, 810324.0, 810324.0, 810324.0, 810324.0, 810324.0, 810324.0, 810324.0, 810324.0, 810324.0, 810324.0, 810324.0, 810324.0, 810324.0, 810324.0, 810324.0, 810324.0, 810324.0, 810324.0, 810324.0, 810324.0, 810324.0, 810324.0, 810324.0, 810324.0, 810324.0, 810324.0, 810324.0, 810324.0, 810324.0, 810324.0, 810324.0, 810324.0, 810324.0, 810324.0, 810324.0, 810324.0, 810324.0, 810324.0, 810324.0, 810324.0, 810324.0, 810324.0, 810324.0, 810324.0, 810324.0, 810324.0, 810324.0, 810324.0, 810324.0, 810324.0, 810324.0, 810324.0, 810324.0, 810324.0, 810324.0, 810324.0, 810324.0, 810324.0, 810324.0, 810324.0, 810324.0, 810324.0, 810324.0, 810324.0, 810324.0, 810324.0, 810324.0, 810324.0, 810324.0, 810324.0, 810324.0, 810324.0, 810324.0, 810324.0, 810324.0, 810324.0, 810324.0, 810324.0, 810324.0, 810324.0, 810324.0, 810324.0, 810324.0, 810324.0, 810324.0, 810324.0, 810324.0, 810324.0, 810324.0, 810324.0, 810324.0, 810324.0, 810324.0, 810324.0, 810324.0, 810324.0, 810324.0, 810324.0, 810324.0, 810324.0, 810324.0, 810324.0, 810324.0, 810324.0, 810324.0, 810324.0, 810324.0, 810324.0, 810324.0, 810324.0, 810324.0, 810324.0, 810324.0, 810324.0, 810324.0, 810324.0, 810324.0, 810324.0, 810324.0, 810324.0, 810324.0, 810324.0, 810324.0, 810324.0, 810324.0, 810324.0, 810324.0, 810324.0, 810324.0, 810324.0, 810324.0, 810324.0, 810324.0, 810324.0, 810324.0, 810324.0, 810324.0, 810324.0, 810324.0, 810324.0, 810324.0, 810324.0, 810324.0, 810324.0, 810324.0, 810324.0, 810324.0, 810324.0, 810324.0, 810324.0, 810324.0, 810324.0, 810324.0, 810324.0, 810324.0, 810324.0, 810324.0, 810324.0, 810324.0, 810324.0, 810324.0, 810324.0, 810324.0, 810324.0, 810324.0, 810324.0, 810324.0, 810324.0, 810324.0, 810324.0, 810324.0, 810324.0, 810324.0, 810324.0, 809583.8152762367, 809583.8152762367, 809583.8152762367, 809583.8152762367, 809583.8152762367, 809583.8152762367, 809583.8152762367, 809583.8152762367, 809583.8152762367, 809583.8152762367, 809583.8152762367, 809583.8152762367, 809583.8152762367, 809583.8152762367, 809583.8152762367, 809583.8152762367, 809583.8152762367, 809583.8152762367, 809583.8152762367, 809583.8152762367, 809583.8152762367, 809583.8152762367, 809583.8152762367, 809583.8152762367, 809583.8152762367, 809583.8152762367, 809583.8152762367, 809583.8152762367, 809583.8152762367, 810324.0, 810324.0, 810324.0, 810324.0, 810324.0, 810324.0, 810324.0, 810324.0, 810324.0, 810324.0, 810324.0, 810324.0, 810324.0, 810324.0, 810324.0, 810324.0, 810324.0, 809902.7095511311, 809902.7095511311, 809902.7095511311, 809902.7095511311, 809902.7095511311, 809902.7095511311, 809902.7095511311, 809902.7095511311, 809902.7095511311, 809902.7095511311, 809902.7095511311, 809902.7095511311, 809902.7095511311, 809902.7095511311, 809902.7095511311, 809902.7095511311, 809902.7095511311, 809902.7095511311, 809902.7095511311, 809902.7095511311, 809902.7095511311, 809902.7095511311, 809902.7095511311, 809902.7095511311, 809902.7095511311, 809902.7095511311, 809902.7095511311, 809902.7095511311, 809902.7095511311, 809902.7095511311, 809902.7095511311, 809902.7095511311, 809902.7095511311, 809902.7095511311, 809902.7095511311, 809902.7095511311, 809902.7095511311, 809902.7095511311, 809902.7095511311, 809902.7095511311, 809902.7095511311, 810324.0, 810324.0, 810324.0, 810324.0, 810324.0, 810324.0, 810324.0, 810324.0, 810324.0, 810324.0, 810324.0, 810324.0, 810324.0, 810324.0, 810324.0, 810324.0, 810324.0, 810324.0, 810324.0, 810324.0, 810324.0, 810324.0, 810324.0, 810324.0, 810324.0, 810324.0, 810324.0, 810324.0, 810324.0, 810324.0, 810324.0, 810324.0, 810324.0, 810324.0, 810324.0, 810324.0, 810324.0, 810324.0, 810324.0, 810324.0, 810324.0, 810324.0, 810324.0, 810324.0, 810324.0, 810324.0, 810324.0, 810324.0, 810324.0, 810324.0, 810324.0, 810324.0, 810324.0, 810324.0, 810324.0, 810324.0, 810324.0, 810324.0, 810324.0, 810324.0, 810324.0, 810324.0, 810324.0, 810324.0, 810324.0, 810324.0, 810324.0, 810324.0, 810324.0, 810324.0, 810324.0, 810324.0, 810324.0, 810324.0, 810324.0, 810324.0, 810324.0, 810324.0, 810324.0, 810324.0, 810324.0, 810324.0, 810324.0, 810324.0, 810324.0, 810324.0, 810324.0, 810324.0, 810324.0, 810324.0, 810324.0, 810324.0, 810324.0, 810324.0, 810324.0, 793664.8503721325, 793664.8503721325, 793664.8503721325, 793664.8503721325, 793664.8503721325, 793664.8503721325, 793664.8503721325, 793664.8503721325, 793664.8503721325, 793664.8503721325, 793664.8503721325, 793664.8503721325, 793664.8503721325, 793664.8503721325, 793664.8503721325, 793664.8503721325, 793664.8503721325, 793664.8503721325, 793664.8503721325, 793664.8503721325, 793664.8503721325, 793664.8503721325, 793664.8503721325, 793664.8503721325, 793664.8503721325, 793664.8503721325, 793664.8503721325, 793664.8503721325, 794131.4061724109, 794131.4061724109, 794131.4061724109, 794131.4061724109, 799745.1494952453, 808162.2637249946, 808162.2637249946, 808162.2637249946, 808162.2637249946, 810324.0, 810324.0, 810324.0, 810324.0, 810324.0, 810324.0, 810324.0, 810324.0, 810183.084142945, 810183.084142945, 810183.084142945, 810183.084142945, 810183.084142945, 810183.084142945, 810183.084142945, 810183.084142945, 810183.084142945, 810183.084142945, 810183.084142945, 810183.084142945, 810183.084142945, 810183.084142945, 810183.084142945, 810183.084142945, 810183.084142945, 810183.084142945, 810183.084142945, 810183.084142945, 810183.084142945, 810183.084142945, 810183.084142945, 810183.084142945, 810183.084142945, 810183.084142945, 810183.084142945, 810183.084142945, 810183.084142945, 810183.084142945, 810183.084142945, 810183.084142945, 810183.084142945, 810183.084142945, 810183.084142945, 810183.084142945, 810183.084142945, 810250.5324487365, 810250.5324487365, 810250.5324487365, 810250.5324487365, 810250.5324487365, 810261.8479703119, 810261.8479703119, 810286.3047950859, 810286.3047950859, 810286.3047950859, 810286.3047950859, 810286.3047950859, 810286.3047950859, 810286.3047950859, 810286.3047950859, 810286.3047950859, 810286.3047950859, 810286.3047950859, 810286.3047950859, 810286.3047950859, 810286.3047950859, 810286.3047950859, 810286.3047950859, 810286.3047950859, 810286.3047950859, 810286.3047950859, 810286.3047950859, 810286.3047950859, 810286.3047950859, 810286.3047950859, 810286.3047950859, 810286.3047950859, 810286.3047950859, 810286.3047950859, 810286.3047950859, 810286.3047950859, 810286.3047950859, 810286.3047950859, 810286.3047950859, 810286.3047950859, 810286.3047950859, 810286.3047950859, 810286.3047950859, 810286.3047950859, 810286.3047950859, 810286.3047950859, 810286.3047950859, 810286.3047950859, 810286.3047950859, 810286.3047950859, 810286.3047950859, 810286.3047950859, 810324.0, 810324.0, 810324.0, 810324.0, 810324.0, 810324.0, 810324.0, 810324.0, 810324.0, 810324.0, 810324.0, 810324.0, 810324.0, 810324.0, 810324.0, 810324.0, 810324.0, 810324.0, 810324.0, 810324.0, 810324.0, 810324.0, 810324.0, 810324.0, 810324.0, 810324.0, 810324.0, 810324.0, 810324.0, 810324.0, 810324.0, 810324.0, 810324.0, 810324.0, 810324.0, 810324.0, 810324.0, 810324.0, 810324.0, 810324.0, 810324.0, 810324.0, 810324.0, 810324.0, 810324.0, 810324.0, 810324.0, 810324.0, 809580.3270425957, 809580.3270425957, 809580.3270425957, 809580.3270425957, 809580.3270425957, 809580.3270425957, 809580.3270425957, 809580.3270425957, 809580.3270425957, 809580.3270425957, 809580.3270425957, 809580.3270425957, 809580.3270425957, 809580.3270425957, 809580.3270425957, 809580.3270425957, 809580.3270425957, 809580.3270425957, 809580.3270425957, 809580.3270425957, 809580.3270425957, 809580.3270425957, 809580.3270425957, 809580.3270425957, 809580.3270425957, 809580.3270425957, 809580.3270425957, 809580.3270425957, 809580.3270425957, 809580.3270425957, 809580.3270425957, 809580.3270425957, 809580.3270425957, 809580.3270425957, 809580.3270425957, 809580.3270425957, 810324.0, 810324.0, 810324.0, 810324.0, 810324.0, 810324.0, 810324.0, 810324.0, 810324.0, 810324.0, 810324.0, 810324.0, 810324.0, 810324.0, 810324.0, 810324.0, 810324.0, 810324.0, 810324.0, 810324.0, 810324.0, 810324.0, 810324.0, 810324.0, 810324.0, 810324.0, 810324.0, 810324.0, 810324.0, 810324.0, 810324.0, 810324.0, 810324.0, 810324.0, 810324.0, 810324.0, 810324.0, 810324.0, 810324.0, 810324.0, 810324.0, 810324.0, 810324.0, 810324.0, 810324.0, 810324.0, 810324.0, 810324.0, 810324.0, 810324.0, 810324.0, 810324.0, 810324.0, 810324.0, 762869.3747605674, 762869.3747605674, 762869.3747605674, 762869.3747605674, 762869.3747605674, 762869.3747605674, 762869.3747605674, 762869.3747605674, 762869.3747605674, 762869.3747605674, 762869.3747605674, 762869.3747605674, 762869.3747605674, 762869.3747605674, 762869.3747605674, 762869.3747605674, 762869.3747605674, 762869.3747605674, 762869.3747605674, 762869.3747605674, 762869.3747605674, 762869.3747605674, 762869.3747605674, 762869.3747605674, 762869.3747605674, 762869.3747605674, 762869.3747605674, 762869.3747605674, 762869.3747605674, 762869.3747605674, 762869.3747605674, 762869.3747605674, 785032.164514058, 785032.164514058, 785032.164514058, 785032.164514058, 785032.164514058, 785032.164514058, 785032.164514058, 785032.164514058, 793323.5749822266, 807068.2826108069, 807068.2826108069, 807068.2826108069, 807068.2826108069, 807068.2826108069, 807068.2826108069, 807068.2826108069, 807068.2826108069, 807068.2826108069, 807068.2826108069, 807068.2826108069, 807068.2826108069, 807068.2826108069, 807068.2826108069, 807068.2826108069, 807068.2826108069, 807068.2826108069, 807068.2826108069, 807068.2826108069, 807068.2826108069, 807068.2826108069, 807068.2826108069, 807068.2826108069, 807068.2826108069, 807068.2826108069, 807068.2826108069, 807068.2826108069, 807068.2826108069, 807068.2826108069, 807068.2826108069, 807068.2826108069, 807068.2826108069, 807068.2826108069, 807068.2826108069, 807068.2826108069, 807068.2826108069, 807068.2826108069, 807068.2826108069, 807068.2826108069, 807068.2826108069, 807068.2826108069, 807068.2826108069, 807068.2826108069, 807341.0264555155, 807341.0264555155, 807341.0264555155, 807543.2805704568, 807543.2805704568, 807543.2805704568, 807543.2805704568, 810181.7086206444, 810181.7086206444, 810181.7086206444, 810181.7086206444, 810181.7086206444, 810181.7086206444, 810181.7086206444, 810181.7086206444, 810181.7086206444, 810181.7086206444, 810181.7086206444, 810181.7086206444, 810181.7086206444, 810181.7086206444, 810181.7086206444, 810181.7086206444, 810181.7086206444, 810181.7086206444, 810181.7086206444, 810181.7086206444, 810181.7086206444, 810181.7086206444, 810181.7086206444, 810181.7086206444, 810181.7086206444, 810181.7086206444, 810181.7086206444, 810181.7086206444, 810181.7086206444, 810181.7086206444, 810181.7086206444, 810181.7086206444, 810181.7086206444, 810181.7086206444, 810181.7086206444, 810181.7086206444, 810181.7086206444, 810181.7086206444, 810181.7086206444, 810181.7086206444, 810181.7086206444, 810181.7086206444, 810181.7086206444, 810324.0, 810324.0, 810324.0, 810324.0, 810324.0, 810324.0, 810324.0, 810324.0, 810324.0, 810324.0, 810324.0, 810324.0, 810324.0, 810324.0, 810324.0, 810324.0, 810324.0, 810324.0, 810324.0, 810324.0, 810324.0, 810324.0, 810324.0, 810324.0, 810324.0, 810324.0, 810324.0, 810324.0, 810324.0, 810324.0, 810324.0, 810324.0, 810324.0, 810324.0, 810324.0, 810324.0, 810324.0, 810324.0, 810324.0, 810324.0, 810324.0, 810324.0, 810324.0, 810324.0, 810324.0, 810324.0, 810324.0, 810324.0, 810324.0, 810324.0, 810324.0, 810324.0, 810324.0, 810324.0, 810324.0, 810324.0, 810324.0, 810324.0, 810324.0, 810324.0, 810324.0, 810324.0, 810324.0, 810324.0, 810324.0, 810324.0, 810324.0, 810324.0, 810324.0, 810324.0, 810324.0, 810324.0, 810324.0, 810324.0, 810324.0, 810324.0, 810324.0, 810324.0, 810324.0, 810324.0, 810324.0, 810324.0, 810324.0, 810324.0, 810324.0, 810324.0, 810324.0, 810324.0, 810324.0, 810324.0, 810324.0, 810324.0, 810324.0, 810324.0, 810324.0, 810324.0, 810324.0, 810324.0, 810324.0, 810324.0, 810324.0, 810324.0, 810324.0, 810324.0, 810324.0, 810324.0, 810324.0, 810324.0, 810324.0, 810324.0, 810324.0, 810324.0, 810324.0, 810324.0, 810324.0, 810324.0, 810324.0, 810324.0, 810324.0, 810324.0, 810324.0, 810324.0, 810324.0, 810324.0, 810324.0, 810324.0, 810324.0, 810324.0, 810324.0, 810324.0, 810324.0, 810324.0, 810324.0, 810324.0, 810324.0, 810324.0, 810324.0, 810324.0, 810324.0, 810296.6312333639, 810296.6312333639, 810296.6312333639, 810296.6312333639, 810296.6312333639, 810296.6312333639, 810296.6312333639, 810296.6312333639, 810296.6312333639, 810296.6312333639, 810296.6312333639, 810296.6312333639, 810296.6312333639, 810296.6312333639, 810296.6312333639, 810296.6312333639, 810296.6312333639, 810296.6312333639, 810296.6312333639, 810296.6312333639, 810296.6312333639, 810296.6312333639, 810296.6312333639, 810296.6312333639, 810296.6312333639, 810296.6312333639, 810296.6312333639, 810296.6312333639, 810296.6312333639, 810296.6312333639, 810296.6312333639, 810296.6312333639, 810296.6312333639, 810296.6312333639, 810296.6312333639, 810296.6312333639, 810296.6312333639, 810296.6312333639, 810324.0, 810324.0, 810324.0, 810324.0, 810324.0, 810324.0, 810324.0, 810324.0, 810324.0, 810324.0, 810324.0, 810324.0, 810324.0, 810324.0, 810324.0, 810324.0, 810324.0, 810324.0, 810324.0, 810324.0, 810324.0, 810324.0, 810324.0, 810324.0, 810324.0, 810324.0, 810324.0, 810324.0, 810324.0, 810324.0, 810324.0, 810324.0, 810324.0, 810324.0, 810324.0, 810324.0, 810324.0, 810324.0, 810324.0, 810324.0, 810324.0, 810324.0, 810324.0, 810324.0, 810324.0, 810324.0, 810324.0, 810324.0, 810324.0, 810324.0, 810324.0, 810324.0, 810324.0, 810324.0, 810324.0, 810324.0, 810324.0, 810324.0, 810324.0, 810324.0, 810324.0, 810324.0, 810324.0, 810324.0, 810324.0, 810324.0, 810324.0, 810324.0, 810324.0, 810324.0, 810324.0, 810324.0, 810324.0, 810324.0, 810324.0, 810324.0, 810324.0, 810324.0, 810324.0, 810324.0, 810324.0, 810324.0, 810324.0, 810324.0, 810324.0, 810324.0, 810324.0, 810324.0, 810324.0, 810324.0, 810324.0, 810324.0, 810324.0, 810324.0, 810324.0, 810324.0, 810324.0, 810324.0, 810324.0, 810324.0, 810324.0, 810324.0, 810324.0, 810324.0, 810324.0, 810324.0, 810324.0, 810324.0, 810324.0, 810324.0, 810324.0, 810324.0, 810324.0, 810324.0, 810324.0, 810324.0, 810324.0, 810324.0, 810324.0, 810324.0, 810324.0, 810324.0, 810324.0, 810324.0, 810324.0, 810324.0, 810324.0, 810324.0, 810324.0, 810324.0, 810324.0, 810324.0, 810324.0, 810324.0, 810324.0, 810324.0, 810324.0, 810324.0, 810324.0, 810324.0, 810324.0, 810324.0, 810324.0, 810324.0, 810324.0, 810324.0, 810324.0, 810324.0, 810324.0, 810324.0, 810324.0, 810324.0, 810324.0, 810324.0, 810324.0, 810324.0, 810324.0, 810324.0, 810324.0, 810324.0, 810324.0, 810324.0, 810324.0, 810324.0, 810324.0, 810324.0, 810324.0, 810324.0, 810324.0, 810324.0, 810324.0, 810324.0, 810324.0, 810324.0, 810324.0, 810324.0, 810324.0, 810324.0, 810324.0, 810324.0, 810324.0, 810324.0, 810324.0, 810324.0, 810324.0, 810324.0, 810324.0, 810324.0, 810324.0, 810324.0, 
27972.46053227812, 27972.46053227812, 22360.016521217956, 14323.996408995488, 14165.915317845114, 14011.570675374402, 14011.570675374402, 10187.5778815587, 8836.650650462589, 5271.05691348313, 5271.05691348313, 4348.627836590423, 4348.627836590423, 4348.627836590423, 4348.627836590423, 4348.627836590423, 1849.8299344741008, 1849.8299344741008, 1686.732213726352, 1686.732213726352, 1686.732213726352, 1686.732213726352, 1217.7500862031125, 1217.7500862031125, 588.9759129557123, 302.090288252545, 301.2069493829419, 301.2069493829419, 270.3100304443123, 270.3100304443123, 256.5121639337381, 226.09300397096735, 226.09300397096735, 226.09300397096735, 176.49364538581167, 176.49364538581167, 176.49364538581167, 176.49364538581167, 176.49364538581167, 176.49364538581167, 168.9884778562634, 143.86567774299758, 143.86567774299758, 143.86567774299758, 143.86567774299758, 143.86567774299758, 142.01162261182566, 135.985099656188, 134.770438747992, 77.82781173639731, 77.82781173639731, 77.82781173639731, 77.82781173639731, 77.82781173639731, 77.82781173639731, 77.82781173639731, 77.82781173639731, 63.2093902368338, 63.2093902368338, 63.2093902368338, 63.2093902368338, 63.2093902368338, 63.2093902368338, 59.04563518605172, 59.04563518605172, 59.04563518605172, 47.458297169300735, 47.458297169300735, 47.458297169300735, 47.458297169300735, 47.458297169300735, 42.337711062126054, 42.337711062126054, 36.54452901396299, 35.929944088186076, 35.929944088186076, 29.62110974689364, 29.62110974689364, 25.30749815223138, 25.30749815223138, 25.30749815223138, 23.512328877094586, 23.512328877094586, 23.512328877094586, 23.512328877094586, 23.512328877094586, 23.512328877094586, 23.512328877094586, 21.165102204965212, 21.165102204965212, 14.722883540288462, 134479.9341606566, 247767.98217612098, 197195.16194958327, 404374.9379596904, 407009.33602357254, 411449.5842681971, 411449.5842681971, 411449.5842681971, 411449.5842681971, 411449.5842681971, 463411.87538260466, 463405.75494321296, 554717.1224124755, 579742.3913709873, 579742.3913709873, 596412.3279764517, 596412.3279764517, 651310.9775226595, 657854.9513286558, 659088.0998313763, 659088.0998313763, 650496.7996026131, 650496.7996026131, 669286.2087628752, 748945.4853455219, 748945.4853455219, 748945.4853455219, 748945.4853455219, 766196.3408875514, 777197.5791751707, 778070.0482737946, 799774.861282589, 799774.861282589, 799774.861282589, 800535.4798141639, 804616.2575231593, 804616.2575231593, 800998.1866963125, 802674.0263919572, 806396.8949684382, 806396.8949684382, 810324.0, 810324.0, 810324.0, 810324.0, 810324.0, 810324.0, 810324.0, 810324.0, 810324.0, 810324.0, 810324.0, 810324.0, 810324.0, 810324.0, 810324.0, 810324.0, 810324.0, 810324.0, 810324.0, 810324.0, 810324.0, 810324.0, 810324.0, 810324.0, 810324.0, 810324.0, 810324.0, 810324.0, 810324.0, 810324.0, 810324.0, 810324.0, 810324.0, 810324.0, 810324.0, 810324.0, 810324.0, 810324.0, 810324.0, 810324.0, 810324.0, 810324.0, 810324.0, 810324.0, 810324.0, 810324.0, 810324.0, 810324.0, 810324.0, 810324.0, 810324.0, 810324.0, 810324.0, 810324.0, 810324.0, 810324.0, 810324.0, 810324.0, 810324.0, 810324.0, 810324.0, 810324.0, 810324.0, 810324.0, 810324.0, 810324.0, 810324.0, 810324.0, 810324.0, 810324.0, 810324.0, 810324.0, 810324.0, 810324.0, 810324.0, 810324.0, 810324.0, 810324.0, 810324.0, 810324.0, 810324.0, 810324.0, 810324.0, 810324.0, 810324.0, 810324.0, 810324.0, 810324.0, 810324.0, 810324.0, 810324.0, 810324.0, 810324.0, 810324.0, 810324.0, 810324.0, 810324.0, 810324.0, 810324.0, 810324.0, 810324.0, 810324.0, 810324.0, 810324.0, 810324.0, 810324.0, 810324.0, 810324.0, 810324.0, 810324.0, 810324.0, 810324.0, 810324.0, 810324.0, 810324.0, 810324.0, 810324.0, 810324.0, 810324.0, 810324.0, 810324.0, 810324.0, 810324.0, 810324.0, 810324.0, 810324.0, 810324.0, 810324.0, 810324.0, 810324.0, 810324.0, 810324.0, 810324.0, 810324.0, 810324.0, 810324.0, 810324.0, 810324.0, 810324.0, 810324.0, 810324.0, 810324.0, 810324.0, 810324.0, 810324.0, 810324.0, 810324.0, 810324.0, 810324.0, 810324.0, 810324.0, 810324.0, 810324.0, 810324.0, 810324.0, 810324.0, 810324.0, 810324.0, 810324.0, 810324.0, 810324.0, 810324.0, 810324.0, 810324.0, 810324.0, 810324.0, 810324.0, 810324.0, 810324.0, 810324.0, 810324.0, 810324.0, 810324.0, 810324.0, 810324.0, 810324.0, 810324.0, 810324.0, 810324.0, 810324.0, 810324.0, 810324.0, 810324.0, 810324.0, 810324.0, 810324.0, 810324.0, 810324.0, 810324.0, 810324.0, 810324.0, 810324.0, 810324.0, 810324.0, 810324.0, 810324.0, 810324.0, 810324.0, 810324.0, 810324.0, 810324.0, 810324.0, 810324.0, 810324.0, 810324.0, 810324.0, 810324.0, 810324.0, 810324.0, 810324.0, 810324.0, 810324.0, 810324.0, 810324.0, 810324.0, 810324.0, 810324.0, 810324.0, 810324.0, 810324.0, 810324.0, 810324.0, 810324.0, 810324.0, 810324.0, 810324.0, 810324.0, 810324.0, 810324.0, 810324.0, 810324.0, 810324.0, 810324.0, 810324.0, 810324.0, 810324.0, 810324.0, 810324.0, 810324.0, 810324.0, 810324.0, 810324.0, 810324.0, 810324.0, 810324.0, 810324.0, 810324.0, 810324.0, 810324.0, 810324.0, 810324.0, 810324.0, 810324.0, 810324.0, 810324.0, 810324.0, 810324.0, 810324.0, 810324.0, 810324.0, 810324.0, 810324.0, 810324.0, 810324.0, 810324.0, 810324.0, 810324.0, 810324.0, 810324.0, 810324.0, 810324.0, 810324.0, 810324.0, 810324.0, 810324.0, 810324.0, 810324.0, 810324.0, 810324.0, 810324.0, 810324.0, 810324.0, 810324.0, 810324.0, 810324.0, 810324.0, 810324.0, 810324.0, 810324.0, 810324.0, 810324.0, 810324.0, 810324.0, 810324.0, 810324.0, 810324.0, 810324.0, 810324.0, 810324.0, 810324.0, 810324.0, 810324.0, 810324.0, 810324.0, 810324.0, 810324.0, 810324.0, 810324.0, 810324.0, 810324.0, 810324.0, 810324.0, 810324.0, 810324.0, 810324.0, 810324.0, 810324.0, 810324.0, 810324.0, 810324.0, 810324.0, 810324.0, 810324.0, 810324.0, 810324.0, 810324.0, 810324.0, 810324.0, 810324.0, 810324.0, 810324.0, 810324.0, 810324.0, 810324.0, 810324.0, 810324.0, 810324.0, 810324.0, 810324.0, 810324.0, 810324.0, 810324.0, 810324.0, 810324.0, 810324.0, 810324.0, 810324.0, 810324.0, 810324.0, 810324.0, 810324.0, 810324.0, 810324.0, 810324.0, 810324.0, 810324.0, 810324.0, 810324.0, 810324.0, 810324.0, 810324.0, 810324.0, 810324.0, 810324.0, 810324.0, 810324.0, 810324.0, 810324.0, 810324.0, 810324.0, 810324.0, 810324.0, 810324.0, 810324.0, 810324.0, 810324.0, 810324.0, 810324.0, 810324.0, 810324.0, 810324.0, 810324.0, 810324.0, 810324.0, 810324.0, 810324.0, 810324.0, 810324.0, 810324.0, 810324.0, 810324.0, 810324.0, 810324.0, 810324.0, 810324.0, 810324.0, 810324.0, 810324.0, 810324.0, 810324.0, 810324.0, 810324.0, 810324.0, 810324.0, 810324.0, 810324.0, 810324.0, 810324.0, 810324.0, 810324.0, 810324.0, 810324.0, 810324.0, 810324.0, 810324.0, 810324.0, 810324.0, 810324.0, 810324.0, 810324.0, 810324.0, 810324.0, 810324.0, 810324.0, 810324.0, 810324.0, 810324.0, 810324.0, 810324.0, 810324.0, 810324.0, 810324.0, 810324.0, 810324.0, 810324.0, 810324.0, 810324.0, 810324.0, 810324.0, 810324.0, 810324.0, 810324.0, 810324.0, 810324.0, 810324.0, 810324.0, 810324.0, 810324.0, 810324.0, 810324.0, 810324.0, 810324.0, 810324.0, 810324.0, 810324.0, 810324.0, 810324.0, 810324.0, 810324.0, 810324.0, 810324.0, 810324.0, 810324.0, 810324.0, 810324.0, 810324.0, 810324.0, 810324.0, 810324.0, 810324.0, 810324.0, 810324.0, 810324.0, 810324.0, 810324.0, 810324.0, 810324.0, 810324.0, 810324.0, 810324.0, 810324.0, 810324.0, 810324.0, 810324.0, 810324.0, 810324.0, 810324.0, 810324.0, 810324.0, 810324.0, 810324.0, 810324.0, 810324.0, 810324.0, 810324.0, 810324.0, 810324.0, 810324.0, 810324.0, 810324.0, 810324.0, 810324.0, 810324.0, 810324.0, 810324.0, 810324.0, 810324.0, 810324.0, 810324.0, 810324.0, 810324.0, 810324.0, 810324.0, 810324.0, 810324.0, 810324.0, 810324.0, 810324.0, 810324.0, 810324.0, 810324.0, 810324.0, 810324.0, 810324.0, 810324.0, 810324.0, 810324.0, 810324.0, 810324.0, 810324.0, 810324.0, 810324.0, 810324.0, 810324.0, 810324.0, 810324.0, 810324.0, 810324.0, 810324.0, 810324.0, 810324.0, 810324.0, 810324.0, 810324.0, 810324.0, 810324.0, 810324.0, 810324.0, 810324.0, 807248.0558226884, 807248.0558226884, 807248.0558226884, 807248.0558226884, 807248.0558226884, 807248.0558226884, 807248.0558226884, 807248.0558226884, 807248.0558226884, 807248.0558226884, 807248.0558226884, 807248.0558226884, 807248.0558226884, 807248.0558226884, 807248.0558226884, 807248.0558226884, 807248.0558226884, 807248.0558226884, 807248.0558226884, 807248.0558226884, 807248.0558226884, 807248.0558226884, 807248.0558226884, 807248.0558226884, 807248.0558226884, 807248.0558226884, 807248.0558226884, 807248.0558226884, 807248.0558226884, 807248.0558226884, 807248.0558226884, 807248.0558226884, 807248.0558226884, 807248.0558226884, 807248.0558226884, 807248.0558226884, 807248.0558226884, 807248.0558226884, 807248.0558226884, 807248.0558226884, 807248.0558226884, 807320.3071670271, 807320.3071670271, 807320.3071670271, 807320.3071670271, 810324.0, 810324.0, 810324.0, 810324.0, 810324.0, 810324.0, 810324.0, 810324.0, 810324.0, 810324.0, 810324.0, 810324.0, 810324.0, 810324.0, 810324.0, 810324.0, 810324.0, 810324.0, 810324.0, 810324.0, 810324.0, 810324.0, 810324.0, 810324.0, 810324.0, 810324.0, 810324.0, 810324.0, 810324.0, 810324.0, 810324.0, 810324.0, 810324.0, 810324.0, 810324.0, 810324.0, 810324.0, 810324.0, 810324.0, 810324.0, 810324.0, 810324.0, 810324.0, 810324.0, 810324.0, 810324.0, 810324.0, 810324.0, 810324.0, 810324.0, 810324.0, 810324.0, 810324.0, 810324.0, 810324.0, 810324.0, 810324.0, 810324.0, 810324.0, 810324.0, 810324.0, 810324.0, 810324.0, 810324.0, 810324.0, 810324.0, 810324.0, 810324.0, 810324.0, 810324.0, 810324.0, 810324.0, 810324.0, 810324.0, 810324.0, 810324.0, 810324.0, 810324.0, 810324.0, 810324.0, 810324.0, 810324.0, 810324.0, 810324.0, 810324.0, 810324.0, 810324.0, 810324.0, 810324.0, 810324.0, 810324.0, 810324.0, 810324.0, 810324.0, 810324.0, 810324.0, 810324.0, 810324.0, 810324.0, 810324.0, 810324.0, 810324.0, 810324.0, 810324.0, 810324.0, 810324.0, 810324.0, 810324.0, 810324.0, 810324.0, 810324.0, 810324.0, 810324.0, 810324.0, 810324.0, 810324.0, 810324.0, 810324.0, 810324.0, 810324.0, 810324.0, 810324.0, 810324.0, 810324.0, 810324.0, 810324.0, 810324.0, 810324.0, 810324.0, 810324.0, 810324.0, 810324.0, 810324.0, 810324.0, 810324.0, 810324.0, 810324.0, 810324.0, 810324.0, 810324.0, 810324.0, 810324.0, 810324.0, 810324.0, 810324.0, 810324.0, 810324.0, 810324.0, 810324.0, 810324.0, 810324.0, 810324.0, 810324.0, 810324.0, 810324.0, 810324.0, 810324.0, 810324.0, 810324.0, 810324.0, 810324.0, 810324.0, 810324.0, 810324.0, 810324.0, 810324.0, 810324.0, 810324.0, 810324.0, 810324.0, 810324.0, 810324.0, 810324.0, 810324.0, 810324.0, 810324.0, 810324.0, 810324.0, 810324.0, 810324.0, 810324.0, 810324.0, 810324.0, 810324.0, 810324.0, 810324.0, 810324.0, 810324.0, 810324.0, 810324.0, 810324.0, 810324.0, 810324.0, 810324.0, 810324.0, 810324.0, 810324.0, 810324.0, 810324.0, 810324.0, 810324.0, 810324.0, 810324.0, 810324.0, 810324.0, 810324.0, 810324.0, 810324.0, 810324.0, 810324.0, 810324.0, 810324.0, 810324.0, 810324.0, 810324.0, 810324.0, 810324.0, 810324.0, 810324.0, 810324.0, 810324.0, 810324.0, 810324.0, 810324.0, 810324.0, 810324.0, 810324.0, 808594.5737732607, 808594.5737732607, 808594.5737732607, 808594.5737732607, 808594.5737732607, 808594.5737732607, 808594.5737732607, 808594.5737732607, 808594.5737732607, 808594.5737732607, 808594.5737732607, 808594.5737732607, 808594.5737732607, 808594.5737732607, 808594.5737732607, 808594.5737732607, 808594.5737732607, 808594.5737732607, 808594.5737732607, 808594.5737732607, 808594.5737732607, 808594.5737732607, 808594.5737732607, 808594.5737732607, 808594.5737732607, 808594.5737732607, 808594.5737732607, 808594.5737732607, 808594.5737732607, 808594.5737732607, 808594.5737732607, 808594.5737732607, 808594.5737732607, 808594.5737732607, 808594.5737732607, 808594.5737732607, 808594.5737732607, 808594.5737732607, 808594.5737732607, 808594.5737732607, 808594.5737732607, 810324.0, 810324.0, 810324.0, 810324.0, 810324.0, 810324.0, 810324.0, 810324.0, 810324.0, 810324.0, 810324.0, 810324.0, 810324.0, 810324.0, 810324.0, 810324.0, 810324.0, 810324.0, 810324.0, 810324.0, 810324.0, 810324.0, 810324.0, 810324.0, 810324.0, 810324.0, 810324.0, 810324.0, 810324.0, 810324.0, 810324.0, 810324.0, 810324.0, 810324.0, 810324.0, 810324.0, 810324.0, 810324.0, 810324.0, 810324.0, 810324.0, 810324.0, 810324.0, 810324.0, 810324.0, 810324.0, 810324.0, 810324.0, 810324.0, 810324.0, 810324.0, 810324.0, 810324.0, 810324.0, 810324.0, 810324.0, 810324.0, 810324.0, 810324.0, 810324.0, 810324.0, 810324.0, 810324.0, 810324.0, 810324.0, 810324.0, 810324.0, 810324.0, 810324.0, 810324.0, 810324.0, 810324.0, 810324.0, 810324.0, 810324.0, 810324.0, 810324.0, 810324.0, 810324.0, 810324.0, 810324.0, 810324.0, 810324.0, 810324.0, 810324.0, 810324.0, 810324.0, 810324.0, 810324.0, 810324.0, 810324.0, 810324.0, 810324.0, 810324.0, 810324.0, 810324.0, 810324.0, 810324.0, 810324.0, 810324.0, 810324.0, 810324.0, 810324.0, 810324.0, 810324.0, 810324.0, 810324.0, 810324.0, 810324.0, 810324.0, 810324.0, 810324.0, 810324.0, 810324.0, 810324.0, 810324.0, 810324.0, 810324.0, 810324.0, 810324.0, 810324.0, 810324.0, 810324.0, 810324.0, 810324.0, 810324.0, 810324.0, 810324.0, 810324.0, 810324.0, 810324.0, 810324.0, 810324.0, 810324.0, 810324.0, 810324.0, 810324.0, 810324.0, 810324.0, 810324.0, 810324.0, 810324.0, 810324.0, 810324.0, 810324.0, 810324.0, 810324.0, 810324.0, 810324.0, 810324.0, 810324.0, 810324.0, 810324.0, 810324.0, 810324.0, 810324.0, 810324.0, 810324.0, 810324.0, 810324.0, 810324.0, 810324.0, 810324.0, 810324.0, 810324.0, 810324.0, 810324.0, 810324.0, 810324.0, 810324.0, 810324.0, 810324.0, 810324.0, 810324.0, 810324.0, 810324.0, 810324.0, 810324.0, 810324.0, 810324.0, 810324.0, 810324.0, 810324.0, 810324.0, 810324.0, 810324.0, 810324.0, 810324.0, 810324.0, 810324.0, 810324.0, 810324.0, 810324.0, 810324.0, 810324.0, 810324.0, 810324.0, 810324.0, 810324.0, 810324.0, 810324.0, 810324.0, 810324.0, 810324.0, 810324.0, 810324.0, 810324.0, 810324.0, 810324.0, 810324.0, 810324.0, 810324.0, 810324.0, 810324.0, 810324.0, 810324.0, 810324.0, 810324.0, 810324.0, 810324.0, 810324.0, 810324.0, 810324.0, 810324.0, 810324.0, 810324.0, 810324.0, 810324.0, 810324.0, 810324.0, 810324.0, 810324.0, 810324.0, 810324.0, 810324.0, 810324.0, 810324.0, 810324.0, 810324.0, 810324.0, 810324.0, 810324.0, 810324.0, 810324.0, 810324.0, 810324.0, 810324.0, 810324.0, 810324.0, 810324.0, 810324.0, 810324.0, 810324.0, 810324.0, 810324.0, 810324.0, 810324.0, 810324.0, 810324.0, 810324.0, 810324.0, 810324.0, 810324.0, 810324.0, 810324.0, 810324.0, 810324.0, 810324.0, 810324.0, 810324.0, 810324.0, 810324.0, 810324.0, 810324.0, 810324.0, 810324.0, 810324.0, 810324.0, 810324.0, 810324.0, 810324.0, 810324.0, 810324.0, 810324.0, 810324.0, 810324.0, 810324.0, 810324.0, 810324.0, 810324.0, 810324.0, 810324.0, 810324.0, 810324.0, 810324.0, 810324.0, 810324.0, 810324.0, 810324.0, 810324.0, 810324.0, 810324.0, 810324.0, 810324.0, 810324.0, 810324.0, 810324.0, 810324.0, 810324.0, 810324.0, 810324.0, 810324.0, 810324.0, 810324.0, 810324.0, 810324.0, 810324.0, 810324.0, 810324.0, 810324.0, 810324.0, 810324.0, 810324.0, 810324.0, 810324.0, 810324.0, 810324.0, 810324.0, 810324.0, 810324.0, 810324.0, 810324.0, 810324.0, 810324.0, 810324.0, 810324.0, 810324.0, 810324.0, 810324.0, 810324.0, 810324.0, 810324.0, 810324.0, 810324.0, 810324.0, 810324.0, 810324.0, 810324.0, 810324.0, 810324.0, 810324.0, 810324.0, 810324.0, 810324.0, 810324.0, 810324.0, 810324.0, 810324.0, 810324.0, 810324.0, 810324.0, 810324.0, 810324.0, 810324.0, 810324.0, 810324.0, 810324.0, 810324.0, 810324.0, 810324.0, 810324.0, 810324.0, 810324.0, 810324.0, 810324.0, 810324.0, 810324.0, 810324.0, 810324.0, 810324.0, 810324.0, 810324.0, 810324.0, 810324.0, 810324.0, 810324.0, 810324.0, 810324.0, 810324.0, 810324.0, 810324.0, 810324.0, 810324.0, 810324.0, 810324.0, 810324.0, 810324.0, 810324.0, 810324.0, 810324.0, 810324.0, 810324.0, 810324.0, 810324.0, 810324.0, 810324.0, 810324.0, 810324.0, 810324.0, 810324.0, 810324.0, 810324.0, 810324.0, 810324.0, 810324.0, 810324.0, 810324.0, 810324.0, 810324.0, 810324.0, 810324.0, 810324.0, 810324.0, 810324.0, 810324.0, 810324.0, 810324.0, 810324.0, 810324.0, 810324.0, 810324.0, 810324.0, 810324.0, 810324.0, 810324.0, 810324.0, 810324.0, 810324.0, 810324.0, 810324.0, 810324.0, 810324.0, 810324.0, 810324.0, 810324.0, 810324.0, 810324.0, 810324.0, 810324.0, 810324.0, 810324.0, 810324.0, 810324.0, 810324.0, 810324.0, 810324.0, 810324.0, 810324.0, 810324.0, 810324.0, 810324.0, 810324.0, 810324.0, 810324.0, 810324.0, 810324.0, 810324.0, 810324.0, 810324.0, 810324.0, 810324.0, 810324.0, 810324.0, 810324.0, 810324.0, 810324.0, 810324.0, 810324.0, 810324.0, 810324.0, 810324.0, 810324.0, 810324.0, 810324.0, 810324.0, 810324.0, 810324.0, 810324.0, 810324.0, 810324.0, 810324.0, 810324.0, 810324.0, 810324.0, 810324.0, 810324.0, 810324.0, 810324.0, 810324.0, 810324.0, 810324.0, 810324.0, 810324.0, 810324.0, 810324.0, 810324.0, 810324.0, 810324.0, 810324.0, 810324.0, 810324.0, 810324.0, 810324.0, 810324.0, 810324.0, 810324.0, 810324.0, 810324.0, 810324.0, 810324.0, 810324.0, 810324.0, 810324.0, 810324.0, 810324.0, 810324.0, 810324.0, 810324.0, 810324.0, 810324.0, 810324.0, 810324.0, 810324.0, 810324.0, 810324.0, 810324.0, 810324.0, 810324.0, 810324.0, 810324.0, 810324.0, 810324.0, 810324.0, 810324.0, 810324.0, 810324.0, 810324.0, 810324.0, 810324.0, 810324.0, 810324.0, 810324.0, 810324.0, 810324.0, 810324.0, 810324.0, 810324.0, 810324.0, 810324.0, 810324.0, 810324.0, 810324.0, 810324.0, 810324.0, 810324.0, 810324.0, 810324.0, 810324.0, 810324.0, 810324.0, 810324.0, 810324.0, 810324.0, 810324.0, 810324.0, 810324.0, 810324.0, 810324.0, 810324.0, 810324.0, 810324.0, 810324.0, 810324.0, 810324.0, 810324.0, 810324.0, 810324.0, 810324.0, 810324.0, 810324.0, 810324.0, 810324.0, 810324.0, 810324.0, 810324.0, 810324.0, 810324.0, 810324.0, 810324.0, 810324.0, 810324.0, 810324.0, 810324.0, 810324.0, 810324.0, 810324.0, 810324.0, 810324.0, 810324.0, 810324.0, 810324.0, 810324.0, 810324.0, 810324.0, 810324.0, 810324.0, 810324.0, 810324.0, 810324.0, 810324.0, 810324.0, 810324.0, 810324.0, 810324.0, 810324.0, 810324.0, 810324.0, 810324.0, 810324.0, 810324.0, 810324.0, 810324.0, 810324.0, 810324.0, 810324.0, 810324.0, 810324.0, 810324.0, 810324.0, 810324.0, 810324.0, 810324.0, 810324.0, 810324.0, 810324.0, 810324.0, 810324.0, 810324.0, 810324.0, 810324.0, 810324.0, 810324.0, 810324.0, 810324.0, 810324.0, 810324.0, 810324.0, 810324.0, 810324.0, 810324.0, 810324.0, 810324.0, 810324.0, 810324.0, 810324.0, 810324.0, 810324.0, 810324.0, 810324.0, 810324.0, 810324.0, 810324.0, 810324.0, 810324.0, 810324.0, 810324.0, 810324.0, 810324.0, 810324.0, 810324.0, 810324.0, 810324.0, 810324.0, 810324.0, 810324.0, 810324.0, 810324.0, 810324.0, 810324.0, 810324.0, 810324.0, 810324.0, 810324.0, 810324.0, 810324.0, 810324.0, 810324.0, 810324.0, 810324.0, 810324.0, 810324.0, 810324.0, 810324.0, 810324.0, 810324.0, 810324.0, 810324.0, 810324.0, 810324.0, 810324.0, 810324.0, 810324.0, 810324.0, 810324.0, 810324.0, 810324.0, 810324.0, 810324.0, 810324.0, 810324.0, 810324.0, 810324.0, 810324.0, 810324.0, 810324.0, 810324.0, 810324.0, 810324.0, 810324.0, 810324.0, 810324.0, 810324.0, 810324.0, 810324.0, 810324.0, 810324.0, 810324.0, 810324.0, 810324.0, 810324.0, 810324.0, 810324.0, 810324.0, 810324.0, 810324.0, 810324.0, 810324.0, 810324.0, 810324.0, 810324.0, 810324.0, 810324.0, 810324.0, 810324.0, 810324.0, 810324.0, 810324.0, 810324.0, 810324.0, 810324.0, 810324.0, 810324.0, 810324.0, 810324.0, 810324.0, 810324.0, 810324.0, 810324.0, 810324.0, 810324.0, 810324.0, 810324.0, 810324.0, 810324.0, 810324.0, 810324.0, 810324.0, 810324.0, 810324.0, 810324.0, 810324.0, 810324.0, 810324.0, 810324.0, 810324.0, 810324.0, 810324.0, 810324.0, 810324.0, 810324.0, 810324.0, 810324.0, 810324.0, 810324.0, 810324.0, 810324.0, 810324.0, 810324.0, 810324.0, 810324.0, 810324.0, 810324.0, 810324.0, 810324.0, 810324.0, 810324.0, 810324.0, 810324.0, 810324.0, 810324.0, 810324.0, 810324.0, 810324.0, 810324.0, 810324.0, 810324.0, 810324.0, 810324.0, 810324.0, 810324.0, 810324.0, 810324.0, 810324.0, 810324.0, 810324.0, 810324.0, 810324.0, 810324.0, 810324.0, 810324.0, 810324.0, 810324.0, 810324.0, 810324.0, 810324.0, 810324.0, 810324.0, 810324.0, 810324.0, 810324.0, 810324.0, 810324.0, 810324.0, 810324.0, 810324.0, 810324.0, 810324.0, 810324.0, 810324.0, 810324.0, 810324.0, 810324.0, 810324.0, 810324.0, 810324.0, 810324.0, 810324.0, 810324.0, 810324.0, 810324.0, 810324.0, 810324.0, 810324.0, 810324.0, 810324.0, 810324.0, 810324.0, 810324.0, 810324.0, 810324.0, 810324.0, 810324.0, 810324.0, 810324.0, 810324.0, 810324.0, 810324.0, 810324.0, 810324.0, 810324.0, 810324.0, 810324.0, 810324.0, 810324.0, 810324.0, 810324.0, 810324.0, 810324.0, 810324.0, 810324.0, 810324.0, 810324.0, 810324.0, 810324.0, 810324.0, 810324.0, 810324.0, 810324.0, 810324.0, 810324.0, 810324.0, 810324.0, 810324.0, 810324.0, 810324.0, 810324.0, 810324.0, 810324.0, 810324.0, 810324.0, 810324.0, 810324.0, 810324.0, 810324.0, 810324.0, 810324.0, 810324.0, 810324.0, 810324.0, 810324.0, 810324.0, 810324.0, 810324.0, 810324.0, 810324.0, 810324.0, 810324.0, 810324.0, 810324.0, 810324.0, 810324.0, 810324.0, 810324.0, 810324.0, 810324.0, 810324.0, 810324.0, 810324.0, 810324.0, 810324.0, 810324.0, 810324.0, 810324.0, 810324.0, 810324.0, 810324.0, 810324.0, 810324.0, 810324.0, 810324.0, 810324.0, 810324.0, 810324.0, 810324.0, 810324.0, 810324.0, 810324.0, 810324.0, 810324.0, 810324.0, 810324.0, 810324.0, 810324.0, 810324.0, 810324.0, 810324.0, 810324.0, 810324.0, 810324.0, 810324.0, 810324.0, 810324.0, 810324.0, 810324.0, 810324.0, 810324.0, 810324.0, 810324.0, 810324.0, 810324.0, 810324.0, 810324.0, 810324.0, 810324.0, 810324.0, 810324.0, 810324.0, 810324.0, 810324.0, 810324.0, 810324.0, 810324.0, 810324.0, 810324.0, 810324.0, 810324.0, 810324.0, 810324.0, 810324.0, 810324.0, 810324.0, 810324.0, 810324.0, 810324.0, 810324.0, 810324.0, 810324.0, 810324.0, 810324.0, 810324.0, 810324.0, 810324.0, 810324.0, 810324.0, 810324.0, 810324.0, 810324.0, 810324.0, 810324.0, 810324.0, 810324.0, 810324.0, 810324.0, 810324.0, 810324.0, 810324.0, 810324.0, 810324.0, 810324.0, 810324.0, 810324.0, 810324.0, 810324.0, 810324.0, 810324.0, 810324.0, 810324.0, 810324.0, 810324.0, 810324.0, 810324.0, 810324.0, 810324.0, 810324.0, 810324.0, 810324.0, 810324.0, 810324.0, 810324.0, 810324.0, 810324.0, 810324.0, 810324.0, 810324.0, 810324.0, 810324.0, 810324.0, 810324.0, 810324.0, 810324.0, 810324.0, 810324.0, 810324.0, 810324.0, 810324.0, 810324.0, 810324.0, 810324.0, 810324.0, 810324.0, 810324.0, 810324.0, 810324.0, 810324.0, 810324.0, 810324.0, 810324.0, 810324.0, 810324.0, 810324.0, 810324.0, 810324.0, 810324.0, 810324.0, 810324.0, 810324.0, 810324.0, 810324.0, 810324.0, 810324.0, 810324.0, 810324.0, 810324.0, 810324.0, 810324.0, 810324.0, 810324.0, 810324.0, 810324.0, 810324.0, 810324.0, 810324.0, 810324.0, 810324.0, 810324.0, 810324.0, 810324.0, 810324.0, 810324.0, 810324.0, 810324.0, 810324.0, 810324.0, 810324.0, 810324.0, 810324.0, 810324.0, 810324.0, 810324.0, 810324.0, 810324.0, 810324.0, 810324.0, 810324.0, 810324.0, 810324.0, 810324.0, 810324.0, 810324.0, 810324.0, 810324.0, 810324.0, 810324.0, 810324.0, 810324.0, 810324.0, 810324.0, 810324.0, 810324.0, 810324.0, 810324.0, 810324.0, 810324.0, 810324.0, 810324.0, 810324.0, 810324.0, 810324.0, 810324.0, 810324.0, 810324.0, 810324.0, 810324.0, 810324.0, 810324.0, 810324.0, 810324.0, 810324.0, 810324.0, 810324.0, 810324.0, 810324.0, 810324.0, 810324.0, 810324.0, 810324.0, 810324.0, 810324.0, 810324.0, 810324.0, 810324.0, 810324.0, 810324.0, 810324.0, 810324.0, 810324.0, 810324.0, 810324.0, 810324.0, 810324.0, 810324.0, 810324.0, 810324.0, 810324.0, 810324.0, 810324.0, 810324.0, 810324.0, 810324.0, 810324.0, 810324.0, 810324.0, 810324.0, 810324.0, 810324.0, 810324.0, 810324.0, 810324.0, 810324.0, 810324.0, 810324.0, 810324.0, 810324.0, 810324.0, 810324.0, 810324.0, 810324.0, 810324.0, 810324.0, 810324.0, 810324.0, 810324.0, 810324.0, 810324.0, 810324.0, 810324.0, 810324.0, 810324.0, 810324.0, 810324.0, 810324.0, 810324.0, 810324.0, 810324.0, 810324.0, 810324.0, 810324.0, 810324.0, 810324.0, 810324.0, 810324.0, 810324.0, 810324.0, 810324.0, 810324.0, 810324.0, 810324.0, 810324.0, 810324.0, 810324.0, 810324.0, 810324.0, 810324.0, 810324.0, 810324.0, 810324.0, 810324.0, 810324.0, 810324.0, 810324.0, 810324.0, 810324.0, 810324.0, 810324.0, 810324.0, 810324.0, 810324.0, 810324.0, 810324.0, 810324.0, 810324.0, 810324.0, 810324.0, 810324.0, 810324.0, 810324.0, 810324.0, 810324.0, 810324.0, 810324.0, 810324.0, 810324.0, 810324.0, 810324.0, 810324.0, 810324.0, 810324.0, 810324.0, 810324.0, 810324.0, 810324.0, 810324.0, 810324.0, 810324.0, 810324.0, 810324.0, 810324.0, 810324.0, 810324.0, 810324.0, 810324.0, 810324.0, 810324.0, 810324.0, 810324.0, 810324.0, 810324.0, 810324.0, 810324.0, 810324.0, 810324.0, 810324.0, 810324.0, 810324.0, 810324.0, 810324.0, 810324.0, 810324.0, 810324.0, 810324.0, 810324.0, 810324.0, 810324.0, 810324.0, 810324.0, 810324.0, 810324.0, 810324.0, 810324.0, 810324.0, 810324.0, 810324.0, 810324.0, 810324.0, 810324.0, 810324.0, 810324.0, 810324.0, 810324.0, 810324.0, 810324.0, 810324.0, 810324.0, 810324.0, 810324.0, 810324.0, 810324.0, 810324.0, 810324.0, 810324.0, 810324.0, 810324.0, 810324.0, 810324.0, 810324.0, 810324.0, 810324.0, 810324.0, 810324.0, 810324.0, 810324.0, 810324.0, 810324.0, 810324.0, 810324.0, 810324.0, 810324.0, 810324.0, 810324.0, 810324.0, 810324.0, 810324.0, 810324.0, 810324.0, 810324.0, 810324.0, 810324.0, 810324.0, 810324.0, 810324.0, 810324.0, 810324.0, 810324.0, 810324.0, 810324.0, 810324.0, 810324.0, 810324.0, 810324.0, 810324.0, 810324.0, 810324.0, 810324.0, 810324.0, 810324.0, 810324.0, 810324.0, 810324.0, 810324.0, 810324.0, 810324.0, 810324.0, 810324.0, 810324.0, 810324.0, 810324.0, 810324.0, 810324.0, 810324.0, 810324.0, 810324.0, 810324.0, 810324.0, 810324.0, 810324.0, 810324.0, 810324.0, 810324.0, 810324.0, 810324.0, 810324.0, 810324.0, 810324.0, 810324.0, 810324.0, 810324.0, 810324.0, 810324.0, 810324.0, 810324.0, 810324.0, 810324.0, 810324.0, 810324.0, 810324.0, 810324.0, 810324.0, 810324.0, 810324.0, 810324.0, 810324.0, 810324.0, 810324.0, 810324.0, 810324.0, 810324.0, 810324.0, 810324.0, 810324.0, 810324.0, 810324.0, 810324.0, 810324.0, 810324.0, 810324.0, 810324.0, 810324.0, 810324.0, 810324.0, 810324.0, 810324.0, 810324.0, 810324.0, 810324.0, 810324.0, 810324.0, 810324.0, 810324.0, 810324.0, 810324.0, 810324.0, 810324.0, 810324.0, 810324.0, 810324.0, 810324.0, 810324.0, 810324.0, 810324.0, 810324.0, 810324.0, 810324.0, 810324.0, 810324.0, 810324.0, 810324.0, 810324.0, 810324.0, 810324.0, 810324.0, 810324.0, 810324.0, 810324.0, 810324.0, 810324.0, 810324.0, 810324.0, 810324.0, 810324.0, 810324.0, 810324.0, 810324.0, 810324.0, 810324.0, 810324.0, 810324.0, 810324.0, 810324.0, 810324.0, 810324.0, 810324.0, 810324.0, 810324.0, 810324.0, 810324.0, 810324.0, 810324.0, 810324.0, 810324.0, 810324.0, 810324.0, 810324.0, 810324.0, 810324.0, 810324.0, 810324.0, 810324.0, 810324.0, 810324.0, 810324.0, 810324.0, 810324.0, 810324.0, 810324.0, 810324.0, 810324.0, 810324.0, 810324.0, 810324.0, 810324.0, 810324.0, 810324.0, 810324.0, 810324.0, 810324.0, 810324.0, 810324.0, 810324.0, 810324.0, 810324.0, 810324.0, 810324.0, 810324.0, 810324.0, 810324.0, 810324.0, 810324.0, 810324.0, 810324.0, 810324.0, 810324.0, 810324.0, 810324.0, 810324.0, 810324.0, 810324.0, 810324.0, 810324.0, 810324.0, 810324.0, 810324.0, 810324.0, 810324.0, 810324.0, 810324.0, 810324.0, 810324.0, 810324.0, 810324.0, 810324.0, 810324.0, 810324.0, 810324.0, 810324.0, 810324.0, 810324.0, 810324.0, 810324.0, 810324.0, 810324.0, 810324.0, 810324.0, 810324.0, 810324.0, 810324.0, 810324.0, 810324.0, 810324.0, 810324.0, 810324.0, 810324.0, 810324.0, 810324.0, 810324.0, 810324.0, 810324.0, 810324.0, 810324.0, 810324.0, 810324.0, 810324.0, 810324.0, 810324.0, 810324.0, 810324.0, 810324.0, 810324.0, 810324.0, 810324.0, 810324.0, 810324.0, 810324.0, 810324.0, 810324.0, 810324.0, 810324.0, 810324.0, 810324.0, 810324.0, 810324.0, 810324.0, 810324.0, 810324.0, 810324.0, 810324.0, 810324.0, 810324.0, 810324.0, 810324.0, 810324.0, 810324.0, 810324.0, 810324.0, 810324.0, 810324.0, 810324.0, 810324.0, 810324.0, 810324.0, 810324.0, 810324.0, 810324.0, 810324.0, 810324.0, 810324.0, 810324.0, 810324.0, 810324.0, 810324.0, 810324.0, 810324.0, 810324.0, 810324.0, 810324.0, 810324.0, 810324.0, 810324.0, 810324.0, 810324.0, 810324.0, 810324.0, 810324.0, 810324.0, 810324.0, 810324.0, 810324.0, 810324.0, 810324.0, 810324.0, 810324.0, 810324.0, 810324.0, 810324.0, 810324.0, 810324.0, 810324.0, 810324.0, 810324.0, 810324.0, 810324.0, 810324.0, 810324.0, 810324.0, 810324.0, 810324.0, 810324.0, 810324.0, 810324.0, 810324.0, 810324.0, 810324.0, 810324.0, 810324.0, 810324.0, 810324.0, 810324.0, 810324.0, 810324.0, 810324.0, 810324.0, 810324.0, 810324.0, 810324.0, 810324.0, 810324.0, 810324.0, 810324.0, 810324.0, 810324.0, 810324.0, 810324.0, 810324.0, 810324.0, 810324.0, 810324.0, 810324.0, 810324.0, 810324.0, 810324.0, 810324.0, 810324.0, 810324.0, 810324.0, 810324.0, 810324.0, 810324.0, 810324.0, 810324.0, 810324.0, 810324.0, 805311.3112154634, 805311.3112154634, 805311.3112154634, 805311.3112154634, 805311.3112154634, 805311.3112154634, 805311.3112154634, 805311.3112154634, 805311.3112154634, 805311.3112154634, 805311.3112154634, 805311.3112154634, 805311.3112154634, 805311.3112154634, 805311.3112154634, 805311.3112154634, 805311.3112154634, 805311.3112154634, 805311.3112154634, 805311.3112154634, 805311.3112154634, 805311.3112154634, 805311.3112154634, 805311.3112154634, 805311.3112154634, 805311.3112154634, 805311.3112154634, 805311.3112154634, 808421.9699479848, 808421.9699479848, 808421.9699479848, 808421.9699479848, 808421.9699479848, 808421.9699479848, 808421.9699479848, 808421.9699479848, 808421.9699479848, 810302.0141978303, 810302.0141978303, 810302.0141978303, 810302.0141978303, 810302.0141978303, 810302.0141978303, 810324.0, 810324.0, 810324.0, 810324.0, 810324.0, 810324.0, 810324.0, 810324.0, 810324.0, 810324.0, 810324.0, 810324.0, 810324.0, 810324.0, 810324.0, 810324.0, 810324.0, 810324.0, 810324.0, 810324.0, 810324.0, 810324.0, 810324.0, 810324.0, 810324.0, 810324.0, 810324.0, 810324.0, 810324.0, 810324.0, 810324.0, 810324.0, 810324.0, 810324.0, 810324.0, 810324.0, 810324.0, 810324.0, 810324.0, 810324.0, 810324.0, 810324.0, 810324.0, 810324.0, 810324.0, 810324.0, 810324.0, 810324.0, 810324.0, 810324.0, 810324.0, 810324.0, 810324.0, 810324.0, 810324.0, 810324.0, 810324.0, 810324.0, 810324.0, 810324.0, 810324.0, 810324.0, 810324.0, 810324.0, 810324.0, 810324.0, 810324.0, 810324.0, 810324.0, 810324.0, 810324.0, 810324.0, 810324.0, 810324.0, 810324.0, 810324.0, 810324.0, 810324.0, 810324.0, 810324.0, 810324.0, 810324.0, 810324.0, 810324.0, 810324.0, 810324.0, 810324.0, 810324.0, 810324.0, 810324.0, 810324.0, 810324.0, 810324.0, 810324.0, 810324.0, 810324.0, 810324.0, 810324.0, 810324.0, 810324.0, 810324.0, 810324.0, 810324.0, 810324.0, 810324.0, 810324.0, 810324.0, 810324.0, 810324.0, 810324.0, 810324.0, 810324.0, 810324.0, 810324.0, 810324.0, 810324.0, 810324.0, 810324.0, 810324.0, 810324.0, 810324.0, 810324.0, 810324.0, 810324.0, 810324.0, 810324.0, 810324.0, 810324.0, 810324.0, 810324.0, 810324.0, 810324.0, 810324.0, 810324.0, 810324.0, 810324.0, 810324.0, 810324.0, 810324.0, 810324.0, 810324.0, 810324.0, 810324.0, 810324.0, 810324.0, 810324.0, 810324.0, 810324.0, 810324.0, 810324.0, 810324.0, 810324.0, 810324.0, 810324.0, 810324.0, 810324.0, 810324.0, 810324.0, 810324.0, 810324.0, 810324.0, 810324.0, 810324.0, 810324.0, 810324.0, 810324.0, 810324.0, 810324.0, 810324.0, 810324.0, 810324.0, 810324.0, 810324.0, 810324.0, 810324.0, 810324.0, 810324.0, 810324.0, 810324.0, 810324.0, 810324.0, 810324.0, 810324.0, 810324.0, 810189.7051115169, 810189.7051115169, 810189.7051115169, 810189.7051115169, 810189.7051115169, 810189.7051115169, 810189.7051115169, 810189.7051115169, 810189.7051115169, 810189.7051115169, 810189.7051115169, 810189.7051115169, 810189.7051115169, 810189.7051115169, 810189.7051115169, 810189.7051115169, 810189.7051115169, 810189.7051115169, 810189.7051115169, 810189.7051115169, 810189.7051115169, 810189.7051115169, 810189.7051115169, 810189.7051115169, 810189.7051115169, 810189.7051115169, 810189.7051115169, 810189.7051115169, 810189.7051115169, 810189.7051115169, 810189.7051115169, 810189.7051115169, 810189.7051115169, 810189.7051115169, 810189.7051115169, 810189.7051115169, 810189.7051115169, 810189.7051115169, 810189.7051115169, 810189.7051115169, 810189.7051115169, 810189.7051115169, 810189.7051115169, 810189.7051115169, 810189.7051115169, 810045.3413565028, 807270.8485396379, 807270.8485396379, 807270.8485396379, 807270.8485396379, 807270.8485396379, 807270.8485396379, 807270.8485396379, 807270.8485396379, 807270.8485396379, 807270.8485396379, 807270.8485396379, 807270.8485396379, 807270.8485396379, 807270.8485396379, 807270.8485396379, 807270.8485396379, 807270.8485396379, 807270.8485396379, 807270.8485396379, 807270.8485396379, 807270.8485396379, 807270.8485396379, 807270.8485396379, 807270.8485396379, 807270.8485396379, 807270.8485396379, 807270.8485396379, 807270.8485396379, 807270.8485396379, 807270.8485396379, 807270.8485396379, 807270.8485396379, 807270.8485396379, 807270.8485396379, 807270.8485396379, 807270.8485396379, 807270.8485396379, 807270.8485396379, 807270.8485396379, 807270.8485396379, 807270.8485396379, 807270.8485396379, 807270.8485396379, 810242.3716274215, 810242.3716274215, 810242.3716274215, 810242.3716274215, 810242.3716274215, 810242.3716274215, 810242.3716274215, 810242.3716274215, 810242.3716274215, 810242.3716274215, 810242.3716274215, 810242.3716274215, 810242.3716274215, 810242.3716274215, 810242.3716274215, 810242.3716274215, 810242.3716274215, 810242.3716274215, 810242.3716274215, 810242.3716274215, 810242.3716274215, 810242.3716274215, 810242.3716274215, 810242.3716274215, 810242.3716274215, 810242.3716274215, 810242.3716274215, 810242.3716274215, 810242.3716274215, 810242.3716274215, 810242.3716274215, 810242.3716274215, 810242.3716274215, 810242.3716274215, 810242.3716274215, 810242.3716274215, 810242.3716274215, 810242.3716274215, 810242.3716274215, 810242.3716274215, 810242.3716274215, 810242.3716274215, 810242.3716274215, 810242.3716274215, 810242.3716274215, 810242.3716274215, 810324.0, 810324.0, 810324.0, 810324.0, 810324.0, 810324.0, 810324.0, 810324.0, 810324.0, 810324.0, 810324.0, 810324.0, 810324.0, 810324.0, 810324.0, 810324.0, 810324.0, 810324.0, 810324.0, 810324.0, 810324.0, 810324.0, 810324.0, 810324.0, 810324.0, 810324.0, 810324.0, 810324.0, 810324.0, 810324.0, 810324.0, 810324.0, 810324.0, 810324.0, 810324.0, 810324.0, 810324.0, 810324.0, 810324.0, 810324.0, 810324.0, 810324.0, 810324.0, 810324.0, 810324.0, 810324.0, 810324.0, 810324.0, 810324.0, 810324.0, 810324.0, 810324.0, 810324.0, 810324.0, 810324.0, 810324.0, 810324.0, 810324.0, 810324.0, 810324.0, 810324.0, 810324.0, 810324.0, 810324.0, 810324.0, 810324.0, 810324.0, 810324.0, 810324.0, 810324.0, 810324.0, 810324.0, 810324.0, 810324.0, 810324.0, 810324.0, 810324.0, 810324.0, 810324.0, 810324.0, 810324.0, 810324.0, 810324.0, 810324.0, 810324.0, 810324.0, 810324.0, 810324.0, 810324.0, 810324.0, 810324.0, 810324.0, 810324.0, 810324.0, 810324.0, 810324.0, 810324.0, 810324.0, 810324.0, 810324.0, 810324.0, 810324.0, 810324.0, 810324.0, 810324.0, 810324.0, 810324.0, 810324.0, 810324.0, 810324.0, 810324.0, 810324.0, 810324.0, 810324.0, 810324.0, 810324.0, 810324.0, 810324.0, 810324.0, 810324.0, 810324.0, 810324.0, 810324.0, 810324.0, 810324.0, 810324.0, 810324.0, 810324.0, 810324.0, 810324.0, 810324.0, 810324.0, 810324.0, 810324.0, 810324.0, 810324.0, 810324.0, 810324.0, 810324.0, 810324.0, 810324.0, 810324.0, 810324.0, 810324.0, 810324.0, 810324.0, 810324.0, 810324.0, 810324.0, 810324.0, 810324.0, 810324.0, 810324.0, 810324.0, 810324.0, 810324.0, 810324.0, 810324.0, 810324.0, 810324.0, 810324.0, 810324.0, 810324.0, 810324.0, 810324.0, 810324.0, 810324.0, 810324.0, 810324.0, 810324.0, 810324.0, 810324.0, 810324.0, 810324.0, 810324.0, 810324.0, 810324.0, 810324.0, 810324.0, 810324.0, 810324.0, 810324.0, 810324.0, 810324.0, 810324.0, 810324.0, 810324.0, 810324.0, 810324.0, 810324.0, 810324.0, 810324.0, 810324.0, 810324.0, 810324.0, 810324.0, 810324.0, 810324.0, 810324.0, 810324.0, 810324.0, 810324.0, 810324.0, 810324.0, 810324.0, 810324.0, 810324.0, 810324.0, 810324.0, 810324.0, 810324.0, 810324.0, 810324.0, 810324.0, 810324.0, 810324.0, 810324.0, 810324.0, 810324.0, 810324.0, 810324.0, 810324.0, 810324.0, 810324.0, 810324.0, 810324.0, 810324.0, 810324.0, 810324.0, 810324.0, 810324.0, 810324.0, 810324.0, 810324.0, 810324.0, 810324.0, 810324.0, 810324.0, 810324.0, 810324.0, 810324.0, 810324.0, 810324.0, 810324.0, 810324.0, 810324.0, 810324.0, 810324.0, 810324.0, 810324.0, 810324.0, 810324.0, 810324.0, 810324.0, 810324.0, 810324.0, 810324.0, 810324.0, 810324.0, 810324.0, 810324.0, 810324.0, 810324.0, 810324.0, 810324.0, 810324.0, 810324.0, 810324.0, 810324.0, 810324.0, 810324.0, 810324.0, 810324.0, 810324.0, 810324.0, 810324.0, 810324.0, 810324.0, 810324.0, 810324.0, 810324.0, 810324.0, 810324.0, 810324.0, 810324.0, 810324.0, 810324.0, 810324.0, 810324.0, 810324.0, 810324.0, 810324.0, 810324.0, 810324.0, 810324.0, 810324.0, 810324.0, 810324.0, 810324.0, 810324.0, 810324.0, 810324.0, 810324.0, 810324.0, 810324.0, 810324.0, 810324.0, 810324.0, 810324.0, 810324.0, 810324.0, 810324.0, 810324.0, 810324.0, 810324.0, 810324.0, 810324.0, 810324.0, 810324.0, 775576.779513804, 775576.779513804, 775576.779513804, 775576.779513804, 775576.779513804, 775576.779513804, 775576.779513804, 775576.779513804, 775576.779513804, 775576.779513804, 775576.779513804, 775576.779513804, 775576.779513804, 775576.779513804, 775576.779513804, 775576.779513804, 775576.779513804, 775576.779513804, 775576.779513804, 775576.779513804, 775576.779513804, 775576.779513804, 799527.6947209543, 799527.6947209543, 799527.6947209543, 799527.6947209543, 799527.6947209543, 799527.6947209543, 799527.6947209543, 799527.6947209543, 799527.6947209543, 804178.858627593, 804178.858627593, 804178.858627593, 804178.858627593, 804488.3145056372, 804488.3145056372, 804488.3145056372, 804488.3145056372, 805949.3544055693, 806344.4607104595, 807784.6778420373, 807784.6778420373, 808742.0177686468, 809266.5658356857, 809266.5658356857, 809266.5658356857, 809266.5658356857, 809266.5658356857, 809266.5658356857, 809266.5658356857, 809266.5658356857, 809266.5658356857, 809266.5658356857, 809266.5658356857, 809266.5658356857, 809266.5658356857, 809266.5658356857, 809266.5658356857, 809266.5658356857, 809266.5658356857, 809266.5658356857, 809266.5658356857, 809266.5658356857, 809266.5658356857, 809266.5658356857, 809266.5658356857, 809266.5658356857, 809266.5658356857, 809266.5658356857, 809266.5658356857, 809266.5658356857, 809266.5658356857, 809266.5658356857, 809266.5658356857, 809266.5658356857, 809266.5658356857, 809266.5658356857, 809266.5658356857, 809266.5658356857, 809266.5658356857, 809266.5658356857, 809266.5658356857, 809266.5658356857, 809266.5658356857, 809266.5658356857, 810232.1310546765, 810232.1310546765, 810324.0, 810324.0, 810324.0, 810324.0, 810324.0, 810324.0, 810324.0, 810324.0, 810324.0, 810324.0, 810324.0, 810324.0, 810324.0, 810324.0, 810324.0, 810324.0, 810324.0, 810324.0, 810324.0, 810324.0, 810324.0, 810324.0, 810324.0, 810324.0, 810324.0, 810324.0, 810324.0, 810324.0, 810324.0, 810324.0, 810324.0, 810324.0, 810324.0, 810324.0, 810324.0, 810324.0, 810324.0, 810324.0, 810324.0, 810324.0, 810324.0, 810324.0, 810324.0, 810324.0, 810324.0, 810324.0, 810324.0, 810324.0, 810324.0, 810324.0, 810324.0, 810324.0, 810324.0, 810324.0, 810324.0, 810324.0, 810324.0, 810324.0, 810324.0, 810324.0, 810324.0, 810324.0, 810324.0, 810324.0, 810324.0, 810324.0, 810324.0, 810324.0, 810324.0, 810324.0, 810324.0, 810324.0, 810324.0, 810324.0, 810324.0, 810324.0, 810324.0, 810324.0, 810324.0, 810324.0, 810324.0, 810324.0, 810324.0, 810324.0, 810324.0, 810324.0, 810324.0, 810324.0, 810324.0, 810324.0, 810324.0, 810324.0, 810324.0, 810324.0, 810324.0, 810324.0, 810324.0, 810324.0, 810324.0, 810324.0, 810324.0, 810324.0, 810324.0, 810324.0, 810324.0, 810324.0, 810324.0, 810324.0, 810324.0, 810324.0, 810324.0, 810324.0, 810324.0, 810324.0, 810324.0, 810324.0, 810324.0, 810324.0, 810324.0, 810324.0, 810324.0, 810324.0, 810324.0, 810324.0, 810324.0, 810324.0, 810324.0, 810324.0, 810324.0, 810324.0, 810324.0, 810324.0, 810324.0, 810324.0, 810324.0, 810324.0, 810324.0, 810324.0, 810324.0, 810324.0, 810324.0, 810324.0, 810324.0, 810324.0, 810324.0, 810324.0, 810324.0, 810324.0, 810324.0, 810324.0, 810324.0, 810324.0, 810324.0, 810324.0, 810324.0, 810324.0, 810324.0, 810324.0, 810324.0, 810324.0, 810324.0, 810324.0, 810324.0, 810324.0, 810324.0, 810324.0, 810324.0, 810324.0, 810324.0, 810324.0, 810324.0, 810324.0, 810324.0, 810324.0, 810324.0, 810324.0, 810324.0, 810324.0, 810324.0, 810324.0, 810324.0, 810324.0, 810324.0, 810324.0, 810324.0, 810324.0, 810324.0, 810324.0, 810324.0, 810324.0, 810324.0, 810324.0, 810324.0, 810324.0, 810324.0, 810324.0, 810324.0, 810324.0, 810324.0, 810324.0, 810324.0, 810324.0, 810324.0, 810324.0, 810324.0, 810324.0, 810324.0, 810324.0, 810324.0, 810324.0, 810324.0, 810324.0, 810324.0, 810324.0, 810324.0, 810324.0, 810324.0, 810324.0, 810324.0, 810324.0, 810324.0, 810324.0, 810324.0, 810324.0, 810324.0, 810324.0, 810324.0, 810324.0, 810324.0, 810324.0, 810324.0, 810324.0, 810324.0, 810324.0, 810324.0, 810324.0, 810324.0, 810324.0, 810324.0, 810324.0, 810324.0, 810324.0, 810324.0, 810324.0, 810324.0, 810324.0, 810324.0, 810324.0, 810324.0, 810324.0, 810324.0, 810324.0, 810324.0, 810324.0, 810324.0, 810324.0, 810324.0, 810324.0, 810324.0, 810324.0, 810324.0, 810324.0, 810324.0, 810324.0, 810324.0, 810324.0, 810324.0, 810324.0, 810324.0, 810324.0, 810324.0, 810324.0, 810324.0, 810324.0, 810324.0, 810324.0, 810324.0, 810324.0, 810324.0, 810324.0, 810324.0, 810324.0, 810324.0, 810324.0, 810324.0, 810324.0, 810324.0, 810324.0, 810324.0, 810324.0, 810324.0, 810324.0, 810324.0, 810324.0, 810324.0, 810324.0, 810324.0, 810324.0, 810324.0, 810324.0, 810324.0, 810324.0, 810324.0, 810324.0, 810324.0, 810324.0, 810324.0, 810324.0, 810324.0, 810324.0, 810324.0, 810324.0, 810324.0, 810324.0, 810324.0, 810324.0, 810324.0, 810324.0, 810324.0, 810324.0, 810324.0, 806040.3344819006, 806040.3344819006, 806040.3344819006, 806040.3344819006, 806040.3344819006, 806040.3344819006, 806040.3344819006, 806040.3344819006, 806040.3344819006, 806040.3344819006, 806040.3344819006, 806040.3344819006, 806040.3344819006, 806040.3344819006, 806040.3344819006, 806040.3344819006, 806040.3344819006, 806040.3344819006, 806040.3344819006, 806040.3344819006, 806040.3344819006, 806040.3344819006, 806040.3344819006, 806040.3344819006, 806040.3344819006, 806040.3344819006, 806040.3344819006, 806040.3344819006, 806040.3344819006, 806040.3344819006, 806040.3344819006, 806040.3344819006, 809983.4840071163, 809983.4840071163, 809983.4840071163, 809983.4840071163, 809983.4840071163, 810324.0, 810324.0, 810324.0, 810324.0, 810324.0, 810324.0, 810324.0, 810324.0, 810111.2235689318, 810111.2235689318, 810111.2235689318, 810111.2235689318, 810111.2235689318, 810111.2235689318, 810111.2235689318, 810111.2235689318, 810111.2235689318, 810111.2235689318, 810111.2235689318, 810111.2235689318, 810111.2235689318, 810111.2235689318, 810111.2235689318, 810111.2235689318, 810111.2235689318, 810111.2235689318, 810111.2235689318, 810111.2235689318, 810111.2235689318, 810111.2235689318, 810111.2235689318, 810111.2235689318, 810111.2235689318, 810111.2235689318, 810111.2235689318, 810111.2235689318, 810111.2235689318, 810111.2235689318, 810111.2235689318, 810111.2235689318, 810111.2235689318, 810111.2235689318, 810111.2235689318, 810111.2235689318, 810111.2235689318, 810111.2235689318, 810111.2235689318, 810111.2235689318, 810111.2235689318, 809302.5539345029, 809302.5539345029, 809302.5539345029, 809302.5539345029, 810122.5239213204, 810122.5239213204, 810122.5239213204, 810122.5239213204, 810122.5239213204, 810122.5239213204, 810122.5239213204, 810122.5239213204, 810122.5239213204, 810122.5239213204, 810122.5239213204, 810122.5239213204, 810122.5239213204, 810122.5239213204, 810122.5239213204, 810122.5239213204, 810122.5239213204, 810122.5239213204, 810122.5239213204, 810122.5239213204, 810122.5239213204, 810122.5239213204, 810122.5239213204, 810122.5239213204, 810122.5239213204, 810122.5239213204, 810122.5239213204, 810122.5239213204, 810122.5239213204, 810122.5239213204, 810122.5239213204, 810122.5239213204, 810122.5239213204, 810122.5239213204, 810122.5239213204, 810122.5239213204, 810122.5239213204, 810122.5239213204, 810122.5239213204, 810122.5239213204, 810122.5239213204, 810324.0, 810324.0, 810324.0, 810324.0, 810324.0, 810324.0, 810324.0, 810324.0, 810324.0, 810324.0, 810324.0, 810324.0, 810324.0, 810324.0, 810324.0, 810324.0, 810324.0, 810324.0, 810324.0, 810324.0, 810324.0, 810324.0, 810324.0, 810324.0, 810324.0, 810324.0, 810324.0, 810324.0, 810324.0, 810324.0, 810324.0, 810324.0, 810324.0, 810324.0, 810324.0, 810324.0, 810324.0, 810324.0, 810324.0, 810324.0, 810324.0, 810324.0, 810324.0, 810324.0, 810324.0, 810324.0, 810324.0, 810324.0, 810324.0, 810324.0, 810324.0, 808033.2598670328, 808033.2598670328, 808033.2598670328, 808033.2598670328, 808033.2598670328, 808033.2598670328, 808033.2598670328, 808033.2598670328, 808033.2598670328, 808033.2598670328, 808033.2598670328, 808033.2598670328, 808033.2598670328, 808033.2598670328, 808033.2598670328, 808033.2598670328, 808033.2598670328, 808033.2598670328, 808033.2598670328, 808033.2598670328, 808033.2598670328, 808033.2598670328, 808033.2598670328, 808033.2598670328, 808033.2598670328, 808033.2598670328, 808033.2598670328, 808033.2598670328, 808033.2598670328, 808033.2598670328, 808033.2598670328, 809668.9563910016, 809668.9563910016, 809668.9563910016, 809668.9563910016, 809668.9563910016, 809668.9563910016, 809668.9563910016, 809668.9563910016, 809668.9563910016, 809668.9563910016, 809668.9563910016, 810324.0, 810324.0, 810324.0, 810324.0, 810324.0, 810324.0, 810324.0, 810324.0, 810324.0, 810324.0, 810324.0, 810324.0, 810324.0, 810324.0, 810324.0, 810324.0, 810324.0, 810324.0, 810324.0, 810324.0, 810324.0, 810324.0, 810324.0, 810324.0, 810324.0, 810324.0, 810324.0, 810324.0, 810324.0, 810324.0, 810324.0, 810324.0, 810324.0, 810324.0, 810324.0, 810324.0, 810324.0, 810324.0, 810324.0, 810324.0, 810324.0, 810324.0, 810324.0, 810324.0, 810324.0, 810324.0, 810324.0, 810324.0, 787104.9430309127, 787104.9430309127, 787104.9430309127, 787104.9430309127, 787104.9430309127, 787104.9430309127, 787104.9430309127, 787104.9430309127, 787104.9430309127, 787104.9430309127, 787104.9430309127, 787104.9430309127, 787104.9430309127, 787104.9430309127, 787104.9430309127, 787104.9430309127, 787104.9430309127, 787104.9430309127, 787104.9430309127, 787104.9430309127, 787104.9430309127, 787104.9430309127, 787104.9430309127, 793829.0832716434, 793829.0832716434, 793829.0832716434, 793829.0832716434, 793829.0832716434, 805176.4326138096, 805176.4326138096, 805176.4326138096, 810324.0, 810324.0, 810324.0, 810324.0, 810324.0, 810324.0, 810324.0, 810324.0, 810324.0, 810324.0, 810324.0, 810324.0, 810324.0, 810324.0, 810324.0, 810324.0, 810324.0, 810324.0, 810324.0, 810324.0, 810324.0, 810324.0, 810324.0, 810324.0, 810324.0, 810324.0, 810324.0, 810324.0, 810324.0, 810324.0, 810324.0, 810324.0, 810324.0, 810324.0, 810324.0, 810324.0, 810324.0, 810324.0, 810324.0, 810324.0, 810324.0, 810324.0, 810324.0, 810324.0, 810324.0, 810324.0, 810324.0, 810324.0, 810324.0, 810324.0, 810324.0, 810324.0, 810324.0, 810324.0, 810324.0, 810324.0, 810324.0, 810324.0, 810324.0, 810324.0, 810324.0, 810324.0, 810324.0, 810324.0, 810324.0, 810324.0, 810324.0, 810324.0, 810324.0, 810324.0, 810324.0, 810324.0, 810324.0, 810324.0, 810324.0, 810324.0, 810324.0, 810324.0, 810324.0, 810324.0, 810324.0, 810324.0, 810324.0, 810324.0, 810324.0, 810324.0, 810324.0, 810324.0, 810324.0, 810324.0, 810324.0, 810324.0, 810324.0, 810324.0, 810324.0, 810324.0, 810324.0, 810324.0, 810324.0, 810324.0, 810324.0, 810324.0, 810324.0, 810324.0, 810324.0, 810324.0, 810324.0, 810324.0, 810324.0, 810324.0, 810324.0, 810324.0, 810324.0, 810324.0, 810324.0, 810324.0, 810324.0, 810324.0, 810324.0, 810324.0, 810324.0, 810324.0, 810324.0, 810324.0, 810324.0, 810324.0, 810324.0, 810324.0, 810324.0, 810324.0, 810324.0, 810324.0, 810324.0, 810324.0, 810324.0, 810324.0, 810324.0, 810324.0, 810324.0, 810324.0, 810324.0, 810324.0, 810324.0, 810324.0, 810324.0, 810324.0, 810324.0, 810324.0, 810324.0, 810324.0, 810324.0, 810324.0, 810324.0, 810324.0, 810324.0, 810324.0, 810324.0, 810324.0, 810324.0, 810324.0, 810324.0, 810324.0, 810324.0, 810324.0, 810324.0, 810324.0, 810324.0, 810324.0, 810324.0, 810324.0, 810324.0, 810324.0, 810324.0, 810324.0, 810324.0, 810324.0, 810324.0, 810324.0, 810324.0, 810324.0, 810324.0, 810324.0, 810324.0, 810324.0, 810324.0, 810324.0, 810324.0, 810324.0, 810324.0, 810324.0, 810324.0, 810324.0, 810324.0, 810324.0, 810324.0, 810324.0, 810324.0, 810324.0, 810324.0, 810324.0, 810324.0, 810324.0, 810324.0, 810324.0, 810324.0, 810324.0, 810324.0, 810324.0, 810324.0, 810324.0, 810324.0, 810324.0, 810324.0, 810324.0, 810324.0, 810324.0, 810324.0, 810324.0, 810324.0, 810324.0, 810324.0, 810324.0, 810324.0, 810324.0, 810324.0, 810324.0, 810324.0, 810324.0, 810324.0, 810324.0, 810324.0, 810324.0, 810324.0, 810324.0, 810324.0, 810324.0, 810324.0, 810324.0, 810324.0, 810324.0, 810324.0, 810324.0, 810324.0, 810324.0, 810324.0, 810324.0, 810324.0, 810324.0, 810324.0, 810324.0, 810324.0, 810324.0, 810324.0, 810324.0, 810324.0, 810324.0, 810324.0, 810324.0, 810324.0, 810324.0, 810324.0, 810324.0, 810324.0, 810324.0, 810324.0, 810324.0, 810324.0, 810324.0, 810324.0, 810324.0, 810324.0, 810324.0, 810324.0, 810324.0, 810324.0, 810324.0, 810324.0, 810324.0, 810324.0, 810324.0, 810324.0, 810324.0, 810324.0, 810324.0, 810324.0, 810324.0, 810324.0, 810324.0, 810324.0, 810324.0, 810324.0, 810324.0, 810324.0, 810324.0, 810324.0, 810324.0, 810324.0, 810324.0, 810324.0, 810324.0, 810324.0, 810324.0, 810324.0, 810324.0, 810324.0, 810324.0, 810324.0, 810324.0, 810324.0, 810324.0, 810324.0, 810324.0, 810324.0, 810324.0, 810324.0, 810324.0, 810324.0, 810324.0, 810324.0, 810324.0, 810324.0, 810324.0, 810324.0, 810324.0, 810324.0, 810324.0, 810324.0, 810324.0, 810324.0, 810324.0, 810324.0, 810324.0, 810324.0, 810324.0, 810324.0, 810324.0, 810324.0, 810324.0, 810324.0, 810324.0, 810324.0, 810324.0, 810324.0, 810324.0, 810324.0, 810324.0, 810324.0, 810324.0, 810324.0, 810324.0, 810324.0, 810324.0, 810324.0, 810324.0, 810324.0, 810324.0, 810324.0, 810324.0, 810324.0, 810324.0, 810324.0, 810324.0, 810324.0, 810324.0, 810324.0, 810324.0, 810324.0, 810324.0, 810324.0, 810324.0, 810324.0, 810324.0, 810324.0, 810324.0, 810324.0, 810324.0, 810324.0, 810324.0, 809836.3090083542, 809836.3090083542, 809836.3090083542, 809836.3090083542, 809836.3090083542, 809836.3090083542, 809836.3090083542, 809836.3090083542, 809836.3090083542, 809836.3090083542, 809836.3090083542, 809836.3090083542, 809836.3090083542, 809836.3090083542, 809836.3090083542, 809836.3090083542, 809836.3090083542, 809836.3090083542, 809836.3090083542, 809836.3090083542, 809836.3090083542, 809836.3090083542, 809836.3090083542, 809836.3090083542, 809836.3090083542, 809836.3090083542, 809836.3090083542, 809836.3090083542, 809836.3090083542, 809836.3090083542, 809836.3090083542, 809836.3090083542, 809836.3090083542, 809836.3090083542, 809582.9470314457, 809582.9470314457, 809582.9470314457, 809582.9470314457, 809582.9470314457, 809582.9470314457, 809582.9470314457, 809582.9470314457, 809582.9470314457, 809582.9470314457, 810324.0, 810324.0, 810324.0, 810324.0, 810324.0, 810324.0, 810324.0, 810324.0, 810324.0, 810324.0, 810324.0, 810324.0, 810324.0, 810324.0, 810324.0, 810324.0, 810324.0, 810324.0, 810324.0, 810324.0, 810324.0, 810324.0, 810324.0, 810324.0, 810324.0, 810324.0, 810324.0, 810324.0, 810324.0, 810324.0, 810324.0, 810324.0, 810324.0, 810324.0, 810324.0, 810324.0, 810324.0, 810324.0, 810324.0, 810324.0, 810324.0, 810324.0, 810324.0, 810324.0, 810324.0, 810324.0, 810324.0, 810324.0, 
51835.92945581041, 39129.90065539278, 37832.0752083164, 25134.264078868608, 25134.264078868608, 18203.906840248917, 7093.876073221821, 7093.876073221821, 7093.876073221821, 7093.876073221821, 6778.725690152174, 2887.34586010363, 2887.34586010363, 2887.34586010363, 2887.34586010363, 2887.34586010363, 2887.34586010363, 2887.34586010363, 1776.4996298835663, 1776.4996298835663, 1776.4996298835663, 1776.4996298835663, 1324.973001117573, 1324.973001117573, 1324.973001117573, 1324.973001117573, 524.1608349026849, 524.1608349026849, 524.1608349026849, 524.1608349026849, 524.1608349026849, 524.1608349026849, 242.67029740886605, 242.67029740886605, 242.67029740886605, 236.02564250501598, 236.02564250501598, 236.02564250501598, 236.02564250501598, 236.02564250501598, 236.02564250501598, 181.20211657532843, 181.20211657532843, 181.20211657532843, 181.1876265699302, 145.66951021925465, 145.66951021925465, 145.66951021925465, 145.66951021925465, 145.66951021925465, 145.6359249647786, 115.5836150820962, 115.5836150820962, 108.10100704607494, 104.68783954793261, 104.68783954793261, 67.74103204478276, 67.74103204478276, 40.868675587934156, 40.868675587934156, 40.868675587934156, 40.868675587934156, 39.48049647525283, 39.48049647525283, 39.48049647525283, 39.48049647525283, 39.48049647525283, 39.48049647525283, 39.48049647525283, 39.48049647525283, 39.48049647525283, 39.48049647525283, 35.775351117556085, 34.71533562478957, 34.71533562478957, 34.71533562478957, 34.71533562478957, 32.23252096310675, 32.23252096310675, 32.23252096310675, 32.23252096310675, 32.23252096310675, 32.23252096310675, 28.22480925188635, 27.366497475880408, 27.366497475880408, 27.366497475880408, 27.366497475880408, 27.366497475880408, 27.366497475880408, 27.366497475880408, 195472.96697929726, 215700.60382694012, 274360.1870002628, 274360.1870002628, 238251.00806417761, 306404.2146486521, 306404.2146486521, 419843.4169744354, 400677.2917371919, 440623.9149958248, 437397.6002767196, 580150.6160972207, 580150.6160972207, 578334.6745801766, 578334.6745801766, 674229.1058578447, 674229.1058578447, 674229.1058578447, 674229.1058578447, 723673.2003738212, 723673.2003738212, 733271.1710136419, 733271.1710136419, 733271.1710136419, 733271.1710136419, 733271.1710136419, 764786.0229770015, 764786.0229770015, 764786.0229770015, 764786.0229770015, 770641.3684994114, 781283.4561663723, 793015.2313460626, 793015.2313460626, 797960.1034807252, 797960.1034807252, 797960.1034807252, 797960.1034807252, 797960.1034807252, 807046.4354715393, 807046.4354715393, 807046.4354715393, 807046.4354715393, 807046.4354715393, 808419.0387632321, 808419.0387632321, 808419.0387632321, 808419.0387632321, 808419.0387632321, 808419.0387632321, 808419.0387632321, 808419.0387632321, 808419.0387632321, 808419.0387632321, 808419.0387632321, 808419.0387632321, 808419.0387632321, 808419.0387632321, 808419.0387632321, 808419.0387632321, 808419.0387632321, 808419.0387632321, 808419.0387632321, 808419.0387632321, 808419.0387632321, 808419.0387632321, 808419.0387632321, 808419.0387632321, 808419.0387632321, 808419.0387632321, 808419.0387632321, 808419.0387632321, 808419.0387632321, 808419.0387632321, 808419.0387632321, 808419.0387632321, 808419.0387632321, 808419.0387632321, 810206.2162460992, 810213.3553134638, 810213.3553134638, 810213.3553134638, 810213.3553134638, 810213.3553134638, 810213.3553134638, 810213.3553134638, 810324.0, 810324.0, 810324.0, 810324.0, 810324.0, 810324.0, 810324.0, 810324.0, 810324.0, 810324.0, 810324.0, 810324.0, 810324.0, 810324.0, 810324.0, 810324.0, 810324.0, 810324.0, 810324.0, 810324.0, 810324.0, 810324.0, 810324.0, 810324.0, 810324.0, 810324.0, 810324.0, 810324.0, 810324.0, 810324.0, 810324.0, 810324.0, 810324.0, 810324.0, 810324.0, 810324.0, 810324.0, 810324.0, 810324.0, 810324.0, 810324.0, 810324.0, 810324.0, 810324.0, 810324.0, 810324.0, 810324.0, 810324.0, 810324.0, 810324.0, 810324.0, 810324.0, 810324.0, 810324.0, 810324.0, 810324.0, 810324.0, 810324.0, 810324.0, 810324.0, 810324.0, 810324.0, 810324.0, 810324.0, 810324.0, 810324.0, 810324.0, 810324.0, 810324.0, 810324.0, 810324.0, 810324.0, 810324.0, 810324.0, 810324.0, 810324.0, 810324.0, 810324.0, 810324.0, 810324.0, 810324.0, 810324.0, 810324.0, 810324.0, 810324.0, 810324.0, 810324.0, 810324.0, 810324.0, 810324.0, 810324.0, 810324.0, 810324.0, 810324.0, 810324.0, 810324.0, 810324.0, 810324.0, 810324.0, 810324.0, 810324.0, 810324.0, 810324.0, 810324.0, 810324.0, 810324.0, 810324.0, 810324.0, 810324.0, 810324.0, 810324.0, 810324.0, 810324.0, 810324.0, 810324.0, 810324.0, 810324.0, 810324.0, 810324.0, 810324.0, 810324.0, 810324.0, 810324.0, 810324.0, 810324.0, 810324.0, 810324.0, 810324.0, 810324.0, 810324.0, 810324.0, 810324.0, 810324.0, 810324.0, 810324.0, 810324.0, 810324.0, 810324.0, 810324.0, 810324.0, 810324.0, 810324.0, 810324.0, 810324.0, 810324.0, 810324.0, 810324.0, 810324.0, 810324.0, 810324.0, 810324.0, 810324.0, 810324.0, 810324.0, 810324.0, 810324.0, 810324.0, 810324.0, 810324.0, 810324.0, 810324.0, 810324.0, 810324.0, 810324.0, 810324.0, 810324.0, 810324.0, 810324.0, 810324.0, 810324.0, 810324.0, 810324.0, 810324.0, 810324.0, 810324.0, 810324.0, 810324.0, 810324.0, 810324.0, 810324.0, 810324.0, 810324.0, 810324.0, 810324.0, 810324.0, 810324.0, 810324.0, 810324.0, 810324.0, 810324.0, 810324.0, 810324.0, 810324.0, 810324.0, 810324.0, 810324.0, 810324.0, 810324.0, 810324.0, 810324.0, 810324.0, 810324.0, 810324.0, 810324.0, 810324.0, 810324.0, 810324.0, 810324.0, 810324.0, 810324.0, 810324.0, 810324.0, 810324.0, 810324.0, 810324.0, 810324.0, 810324.0, 810324.0, 810324.0, 810324.0, 810324.0, 810324.0, 810324.0, 810324.0, 810324.0, 810324.0, 810324.0, 810324.0, 810324.0, 810324.0, 810324.0, 810324.0, 810324.0, 810324.0, 810324.0, 810324.0, 810324.0, 810324.0, 810324.0, 810324.0, 810324.0, 810324.0, 810324.0, 810324.0, 810324.0, 810324.0, 810324.0, 810324.0, 810324.0, 810324.0, 810324.0, 810324.0, 810324.0, 810324.0, 810324.0, 810324.0, 810324.0, 810324.0, 810324.0, 810324.0, 810324.0, 810324.0, 810324.0, 810324.0, 810324.0, 810324.0, 810324.0, 810324.0, 810324.0, 810324.0, 810324.0, 810324.0, 810324.0, 810324.0, 810324.0, 810324.0, 810324.0, 810324.0, 810324.0, 810324.0, 810324.0, 810324.0, 810324.0, 810324.0, 810324.0, 810324.0, 810324.0, 810324.0, 810324.0, 810324.0, 810324.0, 810324.0, 810324.0, 810324.0, 810324.0, 810324.0, 810324.0, 810324.0, 810324.0, 810324.0, 810324.0, 810324.0, 810324.0, 810324.0, 810324.0, 810324.0, 810324.0, 810324.0, 810324.0, 810324.0, 810324.0, 810324.0, 810324.0, 810324.0, 810324.0, 810324.0, 810324.0, 810324.0, 810324.0, 810324.0, 810324.0, 810324.0, 810324.0, 810324.0, 810324.0, 810324.0, 810324.0, 810324.0, 810324.0, 810324.0, 810324.0, 810324.0, 810324.0, 810324.0, 810324.0, 810324.0, 810324.0, 810324.0, 810324.0, 810324.0, 810324.0, 810324.0, 810324.0, 810324.0, 810324.0, 810324.0, 810324.0, 810324.0, 810324.0, 810324.0, 810324.0, 810324.0, 810324.0, 810324.0, 810324.0, 810324.0, 810324.0, 810324.0, 810324.0, 810324.0, 810324.0, 810324.0, 810324.0, 810324.0, 810324.0, 810324.0, 810324.0, 810324.0, 810324.0, 810324.0, 810324.0, 810324.0, 810324.0, 810324.0, 810324.0, 810324.0, 810324.0, 810324.0, 810324.0, 810324.0, 810324.0, 810324.0, 810324.0, 810324.0, 810324.0, 810324.0, 810324.0, 810324.0, 810324.0, 810324.0, 810324.0, 810324.0, 810324.0, 810324.0, 810324.0, 810324.0, 810324.0, 810324.0, 810324.0, 810324.0, 810324.0, 810324.0, 810324.0, 810324.0, 810324.0, 810324.0, 810324.0, 810324.0, 810324.0, 810324.0, 810324.0, 810324.0, 810324.0, 804136.3610039758, 804136.3610039758, 804136.3610039758, 804136.3610039758, 804136.3610039758, 804136.3610039758, 804136.3610039758, 804136.3610039758, 804136.3610039758, 804136.3610039758, 804136.3610039758, 804136.3610039758, 804136.3610039758, 804136.3610039758, 804136.3610039758, 804136.3610039758, 804136.3610039758, 804136.3610039758, 804136.3610039758, 804136.3610039758, 804136.3610039758, 804136.3610039758, 804136.3610039758, 804136.3610039758, 804136.3610039758, 804136.3610039758, 804136.3610039758, 804136.3610039758, 804136.3610039758, 804136.3610039758, 804136.3610039758, 804136.3610039758, 804136.3610039758, 801093.8885997287, 801093.8885997287, 801093.8885997287, 801093.8885997287, 804851.9984529667, 804851.9984529667, 804851.9984529667, 806372.7879931282, 806372.7879931282, 810160.3162004696, 810160.3162004696, 810160.3162004696, 810160.3162004696, 810160.3162004696, 810160.3162004696, 810160.3162004696, 810160.3162004696, 810160.3162004696, 810160.3162004696, 810160.3162004696, 810160.3162004696, 810160.3162004696, 810160.3162004696, 810160.3162004696, 810160.3162004696, 810160.3162004696, 810160.3162004696, 810160.3162004696, 810160.3162004696, 810160.3162004696, 810160.3162004696, 810160.3162004696, 810160.3162004696, 810160.3162004696, 810160.3162004696, 810160.3162004696, 810160.3162004696, 810160.3162004696, 810160.3162004696, 810160.3162004696, 810160.3162004696, 810160.3162004696, 810160.3162004696, 810160.3162004696, 810160.3162004696, 810324.0, 810324.0, 810324.0, 810324.0, 810324.0, 810324.0, 810324.0, 810324.0, 810324.0, 810324.0, 810324.0, 810324.0, 810324.0, 810324.0, 810324.0, 810324.0, 810324.0, 810324.0, 810324.0, 810324.0, 810324.0, 810324.0, 810324.0, 810324.0, 810324.0, 810324.0, 810324.0, 810324.0, 810324.0, 810324.0, 810324.0, 810324.0, 810324.0, 810324.0, 810324.0, 810324.0, 810324.0, 810324.0, 810324.0, 810324.0, 810324.0, 810324.0, 810324.0, 810324.0, 810324.0, 810324.0, 810324.0, 810324.0, 810324.0, 810324.0, 810324.0, 810324.0, 810324.0, 810324.0, 810324.0, 810324.0, 810324.0, 810324.0, 810324.0, 810324.0, 810324.0, 810324.0, 810324.0, 810324.0, 810324.0, 810324.0, 810324.0, 810324.0, 810324.0, 810324.0, 810324.0, 810324.0, 810324.0, 810324.0, 810324.0, 810324.0, 810324.0, 810324.0, 810324.0, 810324.0, 810324.0, 810324.0, 810324.0, 810324.0, 810324.0, 810324.0, 810324.0, 810324.0, 810324.0, 810324.0, 810324.0, 810324.0, 810324.0, 810324.0, 810324.0, 810324.0, 810324.0, 810324.0, 810324.0, 810324.0, 810324.0, 810324.0, 810324.0, 810324.0, 810324.0, 810324.0, 810324.0, 810324.0, 810324.0, 810324.0, 810324.0, 810324.0, 810324.0, 810324.0, 810324.0, 810324.0, 810324.0, 810324.0, 810324.0, 810324.0, 810324.0, 810324.0, 810324.0, 810324.0, 810324.0, 810324.0, 810324.0, 810324.0, 810324.0, 810324.0, 810324.0, 810324.0, 810324.0, 810324.0, 810324.0, 810324.0, 810324.0, 810324.0, 810324.0, 810324.0, 810324.0, 810324.0, 810324.0, 810324.0, 810324.0, 810324.0, 810324.0, 810324.0, 810324.0, 810324.0, 810324.0, 810324.0, 810324.0, 810324.0, 810324.0, 810324.0, 810324.0, 810324.0, 810324.0, 810324.0, 810324.0, 810324.0, 810324.0, 810324.0, 810324.0, 810324.0, 810324.0, 810324.0, 810324.0, 810324.0, 810324.0, 810324.0, 810324.0, 810324.0, 810324.0, 810324.0, 810324.0, 810324.0, 810324.0, 810324.0, 810324.0, 810324.0, 810324.0, 810324.0, 810324.0, 810324.0, 810324.0, 810324.0, 810324.0, 810324.0, 810324.0, 810324.0, 810324.0, 810324.0, 810324.0, 810324.0, 810324.0, 810324.0, 810324.0, 810324.0, 810324.0, 810324.0, 810324.0, 810324.0, 810324.0, 810324.0, 810324.0, 810324.0, 810324.0, 810324.0, 810324.0, 810324.0, 810324.0, 810324.0, 810324.0, 810324.0, 810324.0, 810324.0, 810324.0, 810324.0, 810324.0, 810324.0, 810324.0, 810324.0, 810324.0, 810324.0, 810324.0, 810324.0, 810324.0, 810324.0, 810324.0, 810324.0, 810324.0, 810324.0, 810324.0, 810324.0, 810324.0, 810324.0, 810324.0, 810324.0, 810324.0, 810324.0, 810324.0, 810324.0, 810324.0, 810324.0, 810324.0, 810324.0, 810324.0, 810324.0, 810324.0, 810324.0, 810324.0, 810324.0, 810324.0, 810324.0, 810324.0, 810324.0, 810324.0, 810324.0, 810324.0, 810324.0, 810324.0, 810324.0, 810324.0, 810324.0, 810324.0, 810324.0, 810324.0, 810324.0, 810324.0, 810324.0, 810324.0, 810324.0, 810324.0, 810324.0, 810324.0, 810324.0, 810324.0, 810324.0, 810324.0, 810324.0, 810324.0, 810324.0, 810324.0, 806496.7416275836, 806496.7416275836, 806496.7416275836, 806496.7416275836, 806496.7416275836, 806496.7416275836, 806496.7416275836, 806496.7416275836, 806496.7416275836, 806496.7416275836, 806496.7416275836, 806496.7416275836, 806496.7416275836, 806496.7416275836, 806496.7416275836, 806496.7416275836, 806496.7416275836, 806496.7416275836, 806496.7416275836, 806496.7416275836, 806496.7416275836, 806496.7416275836, 806496.7416275836, 806496.7416275836, 806496.7416275836, 806496.7416275836, 806496.7416275836, 806496.7416275836, 806496.7416275836, 806496.7416275836, 806496.7416275836, 806496.7416275836, 806496.7416275836, 806496.7416275836, 806496.7416275836, 806496.7416275836, 806496.7416275836, 806496.7416275836, 806496.7416275836, 806496.7416275836, 806496.7416275836, 806496.7416275836, 806496.7416275836, 808179.9644161118, 808179.9644161118, 809659.9567797927, 809659.9567797927, 809659.9567797927, 809659.9567797927, 809659.9567797927, 809659.9567797927, 809659.9567797927, 809659.9567797927, 809659.9567797927, 809659.9567797927, 809659.9567797927, 809659.9567797927, 809659.9567797927, 809659.9567797927, 809659.9567797927, 809659.9567797927, 809659.9567797927, 809659.9567797927, 809659.9567797927, 809659.9567797927, 809659.9567797927, 809659.9567797927, 809659.9567797927, 809659.9567797927, 809659.9567797927, 809659.9567797927, 809659.9567797927, 809659.9567797927, 809659.9567797927, 809659.9567797927, 809659.9567797927, 809659.9567797927, 809659.9567797927, 809659.9567797927, 809659.9567797927, 809659.9567797927, 809659.9567797927, 809659.9567797927, 809659.9567797927, 809659.9567797927, 809659.9567797927, 809659.9567797927, 809659.9567797927, 809659.9567797927, 810324.0, 810324.0, 810324.0, 810324.0, 810324.0, 810324.0, 810324.0, 810324.0, 810324.0, 810324.0, 810324.0, 810324.0, 810324.0, 810324.0, 810324.0, 810324.0, 810324.0, 810324.0, 810324.0, 810324.0, 810324.0, 810324.0, 810324.0, 810324.0, 810324.0, 810324.0, 810324.0, 810324.0, 810324.0, 810324.0, 810324.0, 810324.0, 810324.0, 810324.0, 810324.0, 810324.0, 810324.0, 810324.0, 810324.0, 810324.0, 810324.0, 810324.0, 810324.0, 810324.0, 810324.0, 810324.0, 810324.0, 810324.0, 810324.0, 810324.0, 810324.0, 810324.0, 810324.0, 810324.0, 810324.0, 810324.0, 810324.0, 810324.0, 810324.0, 810324.0, 810324.0, 810324.0, 810324.0, 810324.0, 810324.0, 810324.0, 810324.0, 810324.0, 810324.0, 810324.0, 810324.0, 810324.0, 810324.0, 810324.0, 810324.0, 810324.0, 810324.0, 810324.0, 810324.0, 810324.0, 810324.0, 810324.0, 810324.0, 810324.0, 810324.0, 810324.0, 810324.0, 810324.0, 810324.0, 810324.0, 810324.0, 810324.0, 810324.0, 810324.0, 810324.0, 810324.0, 810324.0, 810324.0, 810324.0, 810324.0, 810324.0, 810324.0, 810324.0, 810324.0, 810324.0, 810324.0, 810324.0, 810324.0, 810324.0, 810324.0, 810324.0, 810324.0, 810324.0, 810324.0, 810324.0, 810324.0, 810324.0, 810324.0, 810324.0, 810324.0, 810324.0, 810324.0, 810324.0, 810324.0, 810324.0, 810324.0, 810324.0, 810324.0, 810324.0, 810324.0, 810324.0, 810324.0, 810324.0, 810324.0, 810324.0, 810324.0, 810324.0, 810324.0, 810324.0, 810324.0, 810324.0, 810324.0, 810324.0, 810324.0, 810324.0, 810324.0, 810324.0, 810324.0, 810324.0, 810324.0, 810324.0, 810324.0, 810324.0, 810324.0, 810324.0, 810324.0, 810324.0, 810324.0, 810324.0, 810324.0, 810324.0, 810324.0, 810324.0, 810324.0, 810324.0, 810324.0, 810324.0, 810324.0, 810324.0, 810324.0, 810324.0, 810324.0, 810324.0, 810324.0, 810324.0, 810324.0, 810324.0, 810324.0, 810324.0, 810324.0, 810324.0, 810324.0, 810324.0, 810324.0, 810324.0, 810324.0, 810324.0, 810324.0, 810324.0, 810324.0, 810324.0, 810324.0, 810324.0, 810324.0, 810324.0, 810324.0, 810324.0, 810324.0, 810324.0, 810324.0, 810324.0, 810324.0, 810324.0, 810324.0, 810324.0, 810324.0, 810324.0, 810324.0, 810324.0, 810324.0, 810324.0, 810324.0, 810324.0, 810324.0, 810324.0, 810324.0, 810324.0, 810324.0, 810324.0, 810324.0, 810324.0, 810324.0, 810324.0, 810324.0, 810324.0, 810324.0, 810324.0, 810324.0, 810324.0, 810324.0, 810324.0, 810324.0, 810324.0, 810324.0, 810324.0, 810324.0, 810324.0, 810324.0, 810324.0, 810324.0, 810324.0, 810324.0, 810324.0, 810324.0, 810324.0, 810324.0, 810324.0, 810324.0, 810324.0, 810324.0, 810324.0, 810324.0, 810324.0, 810324.0, 810324.0, 810324.0, 810324.0, 810324.0, 810324.0, 810324.0, 810324.0, 810324.0, 810324.0, 810324.0, 810324.0, 810324.0, 810324.0, 810324.0, 810324.0, 810324.0, 810324.0, 810324.0, 810324.0, 810324.0, 810324.0, 810324.0, 810324.0, 810324.0, 810324.0, 810324.0, 810324.0, 810324.0, 810324.0, 810324.0, 810324.0, 810324.0, 810324.0, 810324.0, 810324.0, 810324.0, 810324.0, 810324.0, 810324.0, 810324.0, 810324.0, 810324.0, 810324.0, 810324.0, 810324.0, 810324.0, 810324.0, 810324.0, 810324.0, 810324.0, 810324.0, 810324.0, 810324.0, 810324.0, 810324.0, 810324.0, 810324.0, 810324.0, 810324.0, 810324.0, 810324.0, 810324.0, 810324.0, 810324.0, 810324.0, 810324.0, 810324.0, 810324.0, 810324.0, 810324.0, 810324.0, 810324.0, 810324.0, 810324.0, 810324.0, 810324.0, 810324.0, 810324.0, 810324.0, 810324.0, 810324.0, 810324.0, 810324.0, 810324.0, 810324.0, 810324.0, 810324.0, 810324.0, 810324.0, 810324.0, 810324.0, 810324.0, 810324.0, 810324.0, 810324.0, 810324.0, 810324.0, 810324.0, 810324.0, 810324.0, 810324.0, 810324.0, 810324.0, 810324.0, 810324.0, 810324.0, 810324.0, 810324.0, 810324.0, 810324.0, 810324.0, 810324.0, 810324.0, 810324.0, 810324.0, 810324.0, 810324.0, 810324.0, 810324.0, 810324.0, 810324.0, 810324.0, 810324.0, 810324.0, 810324.0, 810324.0, 810324.0, 810324.0, 810324.0, 810324.0, 810324.0, 810324.0, 810324.0, 810324.0, 810324.0, 810324.0, 810324.0, 810324.0, 810324.0, 810324.0, 810324.0, 810324.0, 810324.0, 810324.0, 810324.0, 810324.0, 810324.0, 810324.0, 810324.0, 810324.0, 810324.0, 810324.0, 810324.0, 810324.0, 810324.0, 810324.0, 810324.0, 810324.0, 810324.0, 810324.0, 810324.0, 810324.0, 810324.0, 810324.0, 810324.0, 810324.0, 810324.0, 810324.0, 810324.0, 810324.0, 810324.0, 810324.0, 810324.0, 810324.0, 810324.0, 810324.0, 810324.0, 810324.0, 810324.0, 810324.0, 810324.0, 810324.0, 810324.0, 810324.0, 810324.0, 810324.0, 810324.0, 810324.0, 810324.0, 810324.0, 810324.0, 810324.0, 810324.0, 810324.0, 810324.0, 810324.0, 810324.0, 810324.0, 810324.0, 810324.0, 810324.0, 810324.0, 810171.7436315786, 810171.7436315786, 810171.7436315786, 810171.7436315786, 810171.7436315786, 810171.7436315786, 810171.7436315786, 810171.7436315786, 810171.7436315786, 810171.7436315786, 810171.7436315786, 810171.7436315786, 810171.7436315786, 810171.7436315786, 810171.7436315786, 810171.7436315786, 810171.7436315786, 810171.7436315786, 810171.7436315786, 810171.7436315786, 810171.7436315786, 810171.7436315786, 810171.7436315786, 810171.7436315786, 810171.7436315786, 810171.7436315786, 810171.7436315786, 810171.7436315786, 810171.7436315786, 810171.7436315786, 810171.7436315786, 810171.7436315786, 810171.7436315786, 810171.7436315786, 810171.7436315786, 810171.7436315786, 810171.7436315786, 810171.7436315786, 810324.0, 810324.0, 810324.0, 810324.0, 810324.0, 810324.0, 810324.0, 810324.0, 810324.0, 810324.0, 810324.0, 810324.0, 810324.0, 810324.0, 810324.0, 810324.0, 810324.0, 810324.0, 810324.0, 810324.0, 810324.0, 810324.0, 810324.0, 810324.0, 810324.0, 810324.0, 810324.0, 810324.0, 810324.0, 810324.0, 810324.0, 810324.0, 810324.0, 810324.0, 810324.0, 810324.0, 810324.0, 810324.0, 810324.0, 810324.0, 810324.0, 810324.0, 810324.0, 810324.0, 810324.0, 810324.0, 810324.0, 810324.0, 810324.0, 810324.0, 810324.0, 810324.0, 810324.0, 810324.0, 810324.0, 810324.0, 810324.0, 810324.0, 810324.0, 810324.0, 810324.0, 810324.0, 810324.0, 810324.0, 810324.0, 810324.0, 810324.0, 810324.0, 810324.0, 810324.0, 810324.0, 810324.0, 810324.0, 810324.0, 810324.0, 810324.0, 810324.0, 810324.0, 810324.0, 810324.0, 810324.0, 810324.0, 810324.0, 810324.0, 810324.0, 810324.0, 810324.0, 810324.0, 810324.0, 810324.0, 810324.0, 810324.0, 810324.0, 810324.0, 810324.0, 810324.0, 810324.0, 810324.0, 810324.0, 810324.0, 810324.0, 810324.0, 810324.0, 810324.0, 810324.0, 810324.0, 810324.0, 810324.0, 810324.0, 810324.0, 810324.0, 810324.0, 810324.0, 810324.0, 810324.0, 810324.0, 810324.0, 810324.0, 810324.0, 810324.0, 810324.0, 810324.0, 810324.0, 810324.0, 810324.0, 810324.0, 810324.0, 810324.0, 810324.0, 810324.0, 810324.0, 810324.0, 810324.0, 810324.0, 810324.0, 810324.0, 810324.0, 810324.0, 810324.0, 810324.0, 810324.0, 810324.0, 810324.0, 810324.0, 810324.0, 810324.0, 810324.0, 810324.0, 810324.0, 810324.0, 810324.0, 810324.0, 810324.0, 810324.0, 810324.0, 810324.0, 810324.0, 810324.0, 810324.0, 810324.0, 810324.0, 810324.0, 810324.0, 810324.0, 810324.0, 810324.0, 810324.0, 810324.0, 810324.0, 810324.0, 810324.0, 810324.0, 810324.0, 810324.0, 810324.0, 810324.0, 810324.0, 810324.0, 810324.0, 810324.0, 810324.0, 810324.0, 810324.0, 810324.0, 810324.0, 810324.0, 810324.0, 810324.0, 810324.0, 810324.0, 810324.0, 810324.0, 810324.0, 810324.0, 810324.0, 810324.0, 810324.0, 810324.0, 810324.0, 810324.0, 810324.0, 810324.0, 810324.0, 810324.0, 810324.0, 810324.0, 810324.0, 810324.0, 810324.0, 810324.0, 810324.0, 810324.0, 810324.0, 810324.0, 810324.0, 810324.0, 810324.0, 810324.0, 810324.0, 810324.0, 810324.0, 810324.0, 810324.0, 810324.0, 810324.0, 810324.0, 810324.0, 810324.0, 810324.0, 810324.0, 810324.0, 810324.0, 810324.0, 810324.0, 810324.0, 810324.0, 810324.0, 810324.0, 810324.0, 810324.0, 810324.0, 810324.0, 810324.0, 810324.0, 810324.0, 810324.0, 810324.0, 810324.0, 810324.0, 810324.0, 810324.0, 810324.0, 810324.0, 810324.0, 810324.0, 810324.0, 810324.0, 810324.0, 810324.0, 810324.0, 810324.0, 810324.0, 810324.0, 810324.0, 810324.0, 810324.0, 810324.0, 810324.0, 810324.0, 810324.0, 810324.0, 810324.0, 810324.0, 810324.0, 810324.0, 810324.0, 810324.0, 810324.0, 810324.0, 810324.0, 810324.0, 810324.0, 810324.0, 810324.0, 810324.0, 810324.0, 810324.0, 810324.0, 810324.0, 810324.0, 810324.0, 810324.0, 810324.0, 810324.0, 810324.0, 810324.0, 810324.0, 810324.0, 810324.0, 810324.0, 810324.0, 810324.0, 810324.0, 810324.0, 810324.0, 810324.0, 810324.0, 810324.0, 810324.0, 810324.0, 810324.0, 810324.0, 810324.0, 810324.0, 810324.0, 810324.0, 810324.0, 810324.0, 810324.0, 810324.0, 810324.0, 810324.0, 810324.0, 810324.0, 810324.0, 810324.0, 810324.0, 810324.0, 810324.0, 810324.0, 810324.0, 810324.0, 810324.0, 810324.0, 810324.0, 810324.0, 810324.0, 810324.0, 810324.0, 810324.0, 810324.0, 810324.0, 810324.0, 810324.0, 810324.0, 810324.0, 810324.0, 810324.0, 810324.0, 810324.0, 810324.0, 810324.0, 810324.0, 810324.0, 810324.0, 810324.0, 810324.0, 810324.0, 810324.0, 810324.0, 810324.0, 810324.0, 810324.0, 810324.0, 810324.0, 810324.0, 810324.0, 810324.0, 810324.0, 810324.0, 810324.0, 810324.0, 810324.0, 810324.0, 810324.0, 810324.0, 810324.0, 810324.0, 810324.0, 810324.0, 810324.0, 810324.0, 810324.0, 810324.0, 810324.0, 810324.0, 810324.0, 810324.0, 810324.0, 810324.0, 810324.0, 810324.0, 810324.0, 810324.0, 810324.0, 810324.0, 810324.0, 810324.0, 810324.0, 810324.0, 810324.0, 810324.0, 810324.0, 810324.0, 810324.0, 810324.0, 810324.0, 810324.0, 810324.0, 810324.0, 810324.0, 810324.0, 810324.0, 810324.0, 810324.0, 810324.0, 810324.0, 810324.0, 810324.0, 810324.0, 810324.0, 810324.0, 810324.0, 810324.0, 810324.0, 810324.0, 810324.0, 810324.0, 810324.0, 810324.0, 810324.0, 810324.0, 810324.0, 810324.0, 810324.0, 810324.0, 810324.0, 810324.0, 810324.0, 810324.0, 810324.0, 810324.0, 810324.0, 810324.0, 810324.0, 810324.0, 810324.0, 810324.0, 810324.0, 810324.0, 810324.0, 810324.0, 810324.0, 810324.0, 810324.0, 810324.0, 810324.0, 810324.0, 810324.0, 810324.0, 810324.0, 810324.0, 810324.0, 810324.0, 810324.0, 810324.0, 810324.0, 810324.0, 810324.0, 810324.0, 810324.0, 810324.0, 810324.0, 810324.0, 810324.0, 810324.0, 810324.0, 810324.0, 810324.0, 810324.0, 810324.0, 810324.0, 810324.0, 810324.0, 810324.0, 810324.0, 810324.0, 810324.0, 810324.0, 810324.0, 810324.0, 810324.0, 810324.0, 810324.0, 810324.0, 810324.0, 810324.0, 810324.0, 810324.0, 810324.0, 810324.0, 810324.0, 810324.0, 810324.0, 810324.0, 810324.0, 810324.0, 810324.0, 810324.0, 810324.0, 810324.0, 810324.0, 810324.0, 810324.0, 810324.0, 810324.0, 810324.0, 810324.0, 810324.0, 810324.0, 810324.0, 810324.0, 810324.0, 810324.0, 810324.0, 810324.0, 810324.0, 810324.0, 810324.0, 810324.0, 810324.0, 810324.0, 810324.0, 810324.0, 810324.0, 810324.0, 810324.0, 810324.0, 810324.0, 810324.0, 810324.0, 810324.0, 810324.0, 810324.0, 810324.0, 810324.0, 810324.0, 810324.0, 810324.0, 810324.0, 810324.0, 810324.0, 810324.0, 810324.0, 810324.0, 810324.0, 810324.0, 810324.0, 810324.0, 810324.0, 810324.0, 810324.0, 810324.0, 810324.0, 810324.0, 810324.0, 810324.0, 810324.0, 810324.0, 810324.0, 810324.0, 810324.0, 810324.0, 810324.0, 810324.0, 810324.0, 810324.0, 810324.0, 810324.0, 810324.0, 810324.0, 810324.0, 810324.0, 810324.0, 810324.0, 810324.0, 810324.0, 810324.0, 810324.0, 810324.0, 810324.0, 810324.0, 810324.0, 810324.0, 810324.0, 810324.0, 810324.0, 810324.0, 810324.0, 810324.0, 810324.0, 810324.0, 810324.0, 810324.0, 810324.0, 810324.0, 810324.0, 810324.0, 810324.0, 810324.0, 810324.0, 810324.0, 810324.0, 810324.0, 810324.0, 810324.0, 810324.0, 810324.0, 810324.0, 810324.0, 810324.0, 810324.0, 810324.0, 810324.0, 810324.0, 810324.0, 810324.0, 810324.0, 810324.0, 810324.0, 810324.0, 810324.0, 810324.0, 810324.0, 810324.0, 810324.0, 810324.0, 810324.0, 810324.0, 810324.0, 810324.0, 810324.0, 810324.0, 810324.0, 810324.0, 810324.0, 810324.0, 810324.0, 810324.0, 810324.0, 810324.0, 810324.0, 810324.0, 810324.0, 810324.0, 810324.0, 810324.0, 810324.0, 810324.0, 810324.0, 810324.0, 810324.0, 810324.0, 810324.0, 810324.0, 810324.0, 810324.0, 810324.0, 810324.0, 810324.0, 810324.0, 810324.0, 810324.0, 810324.0, 810324.0, 810324.0, 810324.0, 810324.0, 810324.0, 810324.0, 810324.0, 810324.0, 810324.0, 810324.0, 810324.0, 810324.0, 810324.0, 810324.0, 810324.0, 810324.0, 810324.0, 810324.0, 810324.0, 810324.0, 810324.0, 810324.0, 810324.0, 810324.0, 810324.0, 810324.0, 810324.0, 810324.0, 810324.0, 810324.0, 810324.0, 810324.0, 810324.0, 810324.0, 810324.0, 810324.0, 810324.0, 810324.0, 810324.0, 810324.0, 810324.0, 810324.0, 810324.0, 810324.0, 810324.0, 810324.0, 810324.0, 810324.0, 810324.0, 810324.0, 810324.0, 810324.0, 810324.0, 810324.0, 810324.0, 810324.0, 810324.0, 810324.0, 810324.0, 810324.0, 810324.0, 810324.0, 810324.0, 810324.0, 810324.0, 810324.0, 810324.0, 810324.0, 810324.0, 810324.0, 810324.0, 810324.0, 810324.0, 810324.0, 810324.0, 810324.0, 810324.0, 810324.0, 810324.0, 810324.0, 810324.0, 810324.0, 810324.0, 810324.0, 810324.0, 810324.0, 810324.0, 810324.0, 810324.0, 810324.0, 810324.0, 810324.0, 810324.0, 810324.0, 810324.0, 810324.0, 810324.0, 810324.0, 810324.0, 810324.0, 810324.0, 810324.0, 810324.0, 810324.0, 810324.0, 810324.0, 810324.0, 810324.0, 810324.0, 810324.0, 810324.0, 810324.0, 810324.0, 810324.0, 810324.0, 810324.0, 810324.0, 810324.0, 810324.0, 810324.0, 810324.0, 810324.0, 810324.0, 810324.0, 810324.0, 810324.0, 810324.0, 810324.0, 810324.0, 810324.0, 810324.0, 810324.0, 810324.0, 810324.0, 810324.0, 810324.0, 810324.0, 810324.0, 810324.0, 810324.0, 810324.0, 810324.0, 810324.0, 810324.0, 810324.0, 810324.0, 810324.0, 810324.0, 810324.0, 810324.0, 810324.0, 810324.0, 810324.0, 810324.0, 810324.0, 810324.0, 810324.0, 810324.0, 810324.0, 810324.0, 810324.0, 810324.0, 810324.0, 810324.0, 810324.0, 810324.0, 810324.0, 810324.0, 810324.0, 810324.0, 810324.0, 810324.0, 810324.0, 810324.0, 810324.0, 810324.0, 810324.0, 810324.0, 810324.0, 810324.0, 810324.0, 810324.0, 810324.0, 810324.0, 810324.0, 810324.0, 810324.0, 810324.0, 810324.0, 810324.0, 810324.0, 810324.0, 810324.0, 810324.0, 810324.0, 810324.0, 810324.0, 810324.0, 810324.0, 810324.0, 810324.0, 810324.0, 810324.0, 810324.0, 810324.0, 810324.0, 810324.0, 810324.0, 810324.0, 810324.0, 810324.0, 810324.0, 810324.0, 810324.0, 810324.0, 810324.0, 810324.0, 810324.0, 810324.0, 810324.0, 810324.0, 810324.0, 810324.0, 810324.0, 810324.0, 810324.0, 810324.0, 810324.0, 810324.0, 810324.0, 810324.0, 810324.0, 810324.0, 810324.0, 810324.0, 810324.0, 810324.0, 810324.0, 810324.0, 810324.0, 810324.0, 810324.0, 810324.0, 810324.0, 810324.0, 810324.0, 810324.0, 810324.0, 810324.0, 810324.0, 810324.0, 810324.0, 810324.0, 810324.0, 810324.0, 810324.0, 810324.0, 810324.0, 810324.0, 810324.0, 810324.0, 810324.0, 810324.0, 810324.0, 810324.0, 810324.0, 810324.0, 810324.0, 810324.0, 810324.0, 810324.0, 810324.0, 810324.0, 810324.0, 810324.0, 810324.0, 810324.0, 810324.0, 810324.0, 810324.0, 810324.0, 810324.0, 810324.0, 810324.0, 810324.0, 810324.0, 810324.0, 810324.0, 810324.0, 810324.0, 810324.0, 810324.0, 810324.0, 810324.0, 810324.0, 810324.0, 810324.0, 810324.0, 810324.0, 810324.0, 810324.0, 810324.0, 810324.0, 810324.0, 810324.0, 810324.0, 810324.0, 810324.0, 810324.0, 810324.0, 810324.0, 810324.0, 810324.0, 810324.0, 810324.0, 810324.0, 810324.0, 810324.0, 810324.0, 810324.0, 810324.0, 810324.0, 810324.0, 810324.0, 810324.0, 810324.0, 810324.0, 810324.0, 810324.0, 810324.0, 810324.0, 810324.0, 810324.0, 810324.0, 810324.0, 810324.0, 810324.0, 810324.0, 810324.0, 810324.0, 810324.0, 810324.0, 810324.0, 810324.0, 810324.0, 810324.0, 810324.0, 810324.0, 810324.0, 810324.0, 810324.0, 810324.0, 810324.0, 810324.0, 810324.0, 810324.0, 810324.0, 810324.0, 810324.0, 810324.0, 810324.0, 810324.0, 810324.0, 810324.0, 810324.0, 810324.0, 810324.0, 810324.0, 810324.0, 810324.0, 810324.0, 810324.0, 810324.0, 810324.0, 810324.0, 810324.0, 810324.0, 810324.0, 810324.0, 810324.0, 810324.0, 810324.0, 810324.0, 810324.0, 810324.0, 810324.0, 810324.0, 810324.0, 810324.0, 810324.0, 810324.0, 810324.0, 810324.0, 810324.0, 810324.0, 810324.0, 810324.0, 810324.0, 810324.0, 810324.0, 810324.0, 810324.0, 810324.0, 810324.0, 810324.0, 810324.0, 810324.0, 810324.0, 810324.0, 810324.0, 810324.0, 810324.0, 810324.0, 810324.0, 810324.0, 810324.0, 810324.0, 810324.0, 810324.0, 810324.0, 810324.0, 810324.0, 810324.0, 810324.0, 810324.0, 810324.0, 810324.0, 810324.0, 810324.0, 810324.0, 810324.0, 810324.0, 810324.0, 810324.0, 810324.0, 810324.0, 810324.0, 810324.0, 810324.0, 810324.0, 810324.0, 810324.0, 810324.0, 810324.0, 810324.0, 810324.0, 810324.0, 810324.0, 810324.0, 810324.0, 810324.0, 810324.0, 810324.0, 810324.0, 810324.0, 810324.0, 810324.0, 810324.0, 810324.0, 810324.0, 810324.0, 810324.0, 810324.0, 810324.0, 810324.0, 810324.0, 810324.0, 810324.0, 810324.0, 810324.0, 810324.0, 810324.0, 810324.0, 810324.0, 810324.0, 810324.0, 810324.0, 810324.0, 810324.0, 810324.0, 810324.0, 810324.0, 810324.0, 810324.0, 810324.0, 810324.0, 810324.0, 810324.0, 810324.0, 810324.0, 810324.0, 810324.0, 810324.0, 810324.0, 810324.0, 810324.0, 810324.0, 810324.0, 810324.0, 810324.0, 810324.0, 810324.0, 810324.0, 810324.0, 810324.0, 810324.0, 810324.0, 810324.0, 810324.0, 810324.0, 810324.0, 810324.0, 810324.0, 810324.0, 810324.0, 810324.0, 810324.0, 810324.0, 810324.0, 810324.0, 810324.0, 810324.0, 810324.0, 810324.0, 810324.0, 810324.0, 810324.0, 810324.0, 810324.0, 810324.0, 810324.0, 810324.0, 810324.0, 810324.0, 810324.0, 810324.0, 810324.0, 810324.0, 810324.0, 810324.0, 810324.0, 810324.0, 810324.0, 810324.0, 810324.0, 810324.0, 810324.0, 810324.0, 810324.0, 810324.0, 810324.0, 810324.0, 810324.0, 810324.0, 810324.0, 810324.0, 810324.0, 810324.0, 810324.0, 810324.0, 810324.0, 810324.0, 810324.0, 810324.0, 810324.0, 810324.0, 810324.0, 810324.0, 810324.0, 810324.0, 810324.0, 810324.0, 810324.0, 810324.0, 810324.0, 810324.0, 810324.0, 810324.0, 810324.0, 810324.0, 810324.0, 810324.0, 810324.0, 810324.0, 810324.0, 810324.0, 810324.0, 810324.0, 810324.0, 810324.0, 810324.0, 810324.0, 810324.0, 810324.0, 810324.0, 810324.0, 810324.0, 810324.0, 810324.0, 810324.0, 810324.0, 810324.0, 810324.0, 810324.0, 810324.0, 810324.0, 810324.0, 810324.0, 810324.0, 810324.0, 810324.0, 810324.0, 810324.0, 810324.0, 810324.0, 810324.0, 810324.0, 810324.0, 810324.0, 810324.0, 810324.0, 810324.0, 810324.0, 810324.0, 810324.0, 810324.0, 810324.0, 810324.0, 810324.0, 810324.0, 810324.0, 810324.0, 810324.0, 810324.0, 810324.0, 810324.0, 810324.0, 810324.0, 810324.0, 810324.0, 810324.0, 810324.0, 810324.0, 810324.0, 810324.0, 810324.0, 810324.0, 810324.0, 810324.0, 810324.0, 810324.0, 810324.0, 810324.0, 810324.0, 810324.0, 810324.0, 810324.0, 810324.0, 810324.0, 810324.0, 810324.0, 810324.0, 810324.0, 810324.0, 810324.0, 810324.0, 810324.0, 810324.0, 810324.0, 810324.0, 810324.0, 810324.0, 810324.0, 810324.0, 810324.0, 810324.0, 810324.0, 810324.0, 810324.0, 810324.0, 810324.0, 810324.0, 810324.0, 810324.0, 810324.0, 810324.0, 810324.0, 810324.0, 810324.0, 810324.0, 810324.0, 810324.0, 810324.0, 810324.0, 810324.0, 810324.0, 810324.0, 810324.0, 810324.0, 810324.0, 810324.0, 810324.0, 810324.0, 810324.0, 810324.0, 810324.0, 810324.0, 810324.0, 810324.0, 810324.0, 810324.0, 810324.0, 810324.0, 810324.0, 810324.0, 810324.0, 810324.0, 810324.0, 810324.0, 810324.0, 810324.0, 810324.0, 810324.0, 810324.0, 810324.0, 810324.0, 810324.0, 810324.0, 810324.0, 810324.0, 810324.0, 810324.0, 810324.0, 810324.0, 810324.0, 810324.0, 810324.0, 810324.0, 810324.0, 810324.0, 810324.0, 807017.0020933165, 807017.0020933165, 807017.0020933165, 807017.0020933165, 807017.0020933165, 807017.0020933165, 807017.0020933165, 807017.0020933165, 807017.0020933165, 807017.0020933165, 807017.0020933165, 807017.0020933165, 807017.0020933165, 807017.0020933165, 807017.0020933165, 807017.0020933165, 807017.0020933165, 807017.0020933165, 807017.0020933165, 807017.0020933165, 807017.0020933165, 807017.0020933165, 807017.0020933165, 807017.0020933165, 807017.0020933165, 807017.0020933165, 807017.0020933165, 807017.0020933165, 807017.0020933165, 807017.0020933165, 807017.0020933165, 807017.0020933165, 807017.0020933165, 807017.0020933165, 807017.0020933165, 810324.0, 810324.0, 810324.0, 810324.0, 810324.0, 810324.0, 810324.0, 810324.0, 810324.0, 810324.0, 810324.0, 810324.0, 810324.0, 810324.0, 810324.0, 810324.0, 810324.0, 810324.0, 810324.0, 810324.0, 810324.0, 810324.0, 810324.0, 810324.0, 810324.0, 810324.0, 810324.0, 810324.0, 810324.0, 810324.0, 810324.0, 810324.0, 810324.0, 810324.0, 810324.0, 810324.0, 810324.0, 810324.0, 810324.0, 810324.0, 810324.0, 810324.0, 810324.0, 810324.0, 810324.0, 810324.0, 810324.0, 810324.0, 810324.0, 810324.0, 810324.0, 810324.0, 810324.0, 810324.0, 810324.0, 810324.0, 810324.0, 810324.0, 810324.0, 810324.0, 810324.0, 810324.0, 810324.0, 810324.0, 810324.0, 810324.0, 810324.0, 810324.0, 810324.0, 810324.0, 810324.0, 810324.0, 810324.0, 810324.0, 810324.0, 810324.0, 810324.0, 810324.0, 810324.0, 810324.0, 810324.0, 810324.0, 810324.0, 810324.0, 810324.0, 810324.0, 810324.0, 810324.0, 810324.0, 810324.0, 810324.0, 810324.0, 810324.0, 810324.0, 810324.0, 810324.0, 810324.0, 810324.0, 810324.0, 810324.0, 810324.0, 810324.0, 810324.0, 810324.0, 810324.0, 810324.0, 810324.0, 810324.0, 810324.0, 810324.0, 810324.0, 810324.0, 810324.0, 810324.0, 810324.0, 810324.0, 810324.0, 810324.0, 810324.0, 810324.0, 810324.0, 810324.0, 810324.0, 810324.0, 810324.0, 810324.0, 810324.0, 810324.0, 810324.0, 810324.0, 810324.0, 810324.0, 810324.0, 810324.0, 810324.0, 810324.0, 810324.0, 810324.0, 810324.0, 810324.0, 810324.0, 810324.0, 810324.0, 810324.0, 810324.0, 810324.0, 810324.0, 810324.0, 810324.0, 810324.0, 810324.0, 810324.0, 810324.0, 810324.0, 810324.0, 810324.0, 810324.0, 810324.0, 810324.0, 810324.0, 810324.0, 810324.0, 810324.0, 810324.0, 810324.0, 810324.0, 810324.0, 810324.0, 810324.0, 810324.0, 810324.0, 810324.0, 810324.0, 810324.0, 810324.0, 810324.0, 810324.0, 810324.0, 810324.0, 810324.0, 810324.0, 810324.0, 810324.0, 810324.0, 810324.0, 810324.0, 810324.0, 810324.0, 810324.0, 810324.0, 810324.0, 810324.0, 810324.0, 810324.0, 810324.0, 810324.0, 810324.0, 810324.0, 810324.0, 810324.0, 810324.0, 810324.0, 810324.0, 810324.0, 810324.0, 810324.0, 810324.0, 810324.0, 810324.0, 810324.0, 810324.0, 810324.0, 810324.0, 810324.0, 810324.0, 810324.0, 810324.0, 810324.0, 810324.0, 810324.0, 810324.0, 810324.0, 810324.0, 810324.0, 810324.0, 810324.0, 810324.0, 810324.0, 810324.0, 810324.0, 810324.0, 810324.0, 810324.0, 810324.0, 810324.0, 810324.0, 810324.0, 810324.0, 810324.0, 810324.0, 810324.0, 810324.0, 810324.0, 810324.0, 810324.0, 810324.0, 810324.0, 810324.0, 810324.0, 810324.0, 810324.0, 810324.0, 810324.0, 810324.0, 810324.0, 810324.0, 810324.0, 810324.0, 810324.0, 810324.0, 810324.0, 810324.0, 810324.0, 810324.0, 810324.0, 810324.0, 810324.0, 810324.0, 810324.0, 810324.0, 810324.0, 810324.0, 810324.0, 810324.0, 810324.0, 810324.0, 810324.0, 810324.0, 810324.0, 810324.0, 810324.0, 810324.0, 810324.0, 810324.0, 810324.0, 810324.0, 810324.0, 810324.0, 810324.0, 810324.0, 810324.0, 810324.0, 810324.0, 810324.0, 810324.0, 810324.0, 810324.0, 810324.0, 810324.0, 810324.0, 810324.0, 810324.0, 810324.0, 810324.0, 810324.0, 810324.0, 810324.0, 810324.0, 810324.0, 810324.0, 810324.0, 810324.0, 810324.0, 810324.0, 810324.0, 810324.0, 810324.0, 810324.0, 810324.0, 810324.0, 810324.0, 810324.0, 810324.0, 810324.0, 810324.0, 810324.0, 810324.0, 810324.0, 810324.0, 810324.0, 810324.0, 810324.0, 810324.0, 810324.0, 810324.0, 810324.0, 810324.0, 810324.0, 810324.0, 810324.0, 810324.0, 810324.0, 810324.0, 810324.0, 810324.0, 810324.0, 810324.0, 810324.0, 810324.0, 810324.0, 810324.0, 810324.0, 810324.0, 810324.0, 810324.0, 810324.0, 810324.0, 810324.0, 810324.0, 810324.0, 810324.0, 810324.0, 810324.0, 810324.0, 810324.0, 810324.0, 810324.0, 810324.0, 810324.0, 810324.0, 810324.0, 810324.0, 810324.0, 810324.0, 810324.0, 810324.0, 810324.0, 810324.0, 810324.0, 810324.0, 810324.0, 810324.0, 810324.0, 810324.0, 810324.0, 810324.0, 810324.0, 810324.0, 810324.0, 810324.0, 810324.0, 810324.0, 810324.0, 810324.0, 810324.0, 810324.0, 810324.0, 810324.0, 810324.0, 810324.0, 810324.0, 810324.0, 810324.0, 810324.0, 810324.0, 810324.0, 810324.0, 810324.0, 810324.0, 810324.0, 810324.0, 810324.0, 810324.0, 810324.0, 810324.0, 810324.0, 810324.0, 810324.0, 810324.0, 808262.7075893615, 808262.7075893615, 808262.7075893615, 808262.7075893615, 808262.7075893615, 808262.7075893615, 808262.7075893615, 808262.7075893615, 808262.7075893615, 808262.7075893615, 808262.7075893615, 808262.7075893615, 808262.7075893615, 808262.7075893615, 808262.7075893615, 808262.7075893615, 808262.7075893615, 808262.7075893615, 808262.7075893615, 808262.7075893615, 808262.7075893615, 808262.7075893615, 808262.7075893615, 808262.7075893615, 808262.7075893615, 808262.7075893615, 808262.7075893615, 808262.7075893615, 808262.7075893615, 808262.7075893615, 808262.7075893615, 808262.7075893615, 808262.7075893615, 808262.7075893615, 808262.7075893615, 808262.7075893615, 808262.7075893615, 808262.7075893615, 808262.7075893615, 808262.7075893615, 808262.7075893615, 808262.7075893615, 808262.7075893615, 810005.1523409754, 810324.0, 810324.0, 810324.0, 810324.0, 810324.0, 810324.0, 810324.0, 810324.0, 810324.0, 810324.0, 810324.0, 810324.0, 810324.0, 810324.0, 810324.0, 810324.0, 810324.0, 810324.0, 810324.0, 810324.0, 810324.0, 810324.0, 810324.0, 810324.0, 810324.0, 810324.0, 810324.0, 810324.0, 810324.0, 810324.0, 810324.0, 810324.0, 810324.0, 810324.0, 810324.0, 810324.0, 810324.0, 810324.0, 810324.0, 810324.0, 810324.0, 810324.0, 810324.0, 810324.0, 810324.0, 810324.0, 810324.0, 810324.0, 810324.0, 810324.0, 810324.0, 810324.0, 810324.0, 810324.0, 810324.0, 810324.0, 810324.0, 810324.0, 810324.0, 810324.0, 810324.0, 810324.0, 810324.0, 810324.0, 810324.0, 810324.0, 810324.0, 810324.0, 810324.0, 810324.0, 810324.0, 810324.0, 810324.0, 810324.0, 810324.0, 810324.0, 810324.0, 810324.0, 810324.0, 810324.0, 810324.0, 810324.0, 810324.0, 810324.0, 810324.0, 810324.0, 810324.0, 810324.0, 810324.0, 810324.0, 810324.0, 810324.0, 810324.0, 810324.0, 810324.0, 810324.0, 810324.0, 810324.0, 810324.0, 810324.0, 810324.0, 810324.0, 810324.0, 810324.0, 810324.0, 810324.0, 810324.0, 810324.0, 810324.0, 810324.0, 810324.0, 810324.0, 810324.0, 810324.0, 810324.0, 810324.0, 810324.0, 810324.0, 810324.0, 810324.0, 810324.0, 810324.0, 810324.0, 810324.0, 810324.0, 810324.0, 810324.0, 810324.0, 810324.0, 810324.0, 810324.0, 810324.0, 810324.0, 810324.0, 810324.0, 810324.0, 810324.0, 810324.0, 810324.0, 810324.0, 810324.0, 810324.0, 810324.0, 810324.0, 810324.0, 810324.0, 810324.0, 810324.0, 810324.0, 810324.0, 810324.0, 810324.0, 810324.0, 810324.0, 810324.0, 810324.0, 810324.0, 810324.0, 810324.0, 810324.0, 810324.0, 810324.0, 810324.0, 810324.0, 810324.0, 810324.0, 810324.0, 810324.0, 810324.0, 810324.0, 810324.0, 810324.0, 810324.0, 810324.0, 810324.0, 810324.0, 810324.0, 810324.0, 810324.0, 810324.0, 810324.0, 810324.0, 810324.0, 810122.7851169966, 810122.7851169966, 810122.7851169966, 810122.7851169966, 810122.7851169966, 810122.7851169966, 810122.7851169966, 810122.7851169966, 810122.7851169966, 810122.7851169966, 810122.7851169966, 810122.7851169966, 810122.7851169966, 810122.7851169966, 810122.7851169966, 810122.7851169966, 810122.7851169966, 810122.7851169966, 810122.7851169966, 810122.7851169966, 810122.7851169966, 810122.7851169966, 810122.7851169966, 810122.7851169966, 810122.7851169966, 810122.7851169966, 810122.7851169966, 810122.7851169966, 810122.7851169966, 810122.7851169966, 810122.7851169966, 810122.7851169966, 810122.7851169966, 810122.7851169966, 810122.7851169966, 810122.7851169966, 810122.7851169966, 810122.7851169966, 810122.7851169966, 810324.0, 810324.0, 810324.0, 810324.0, 810324.0, 810324.0, 810324.0, 810324.0, 810324.0, 810324.0, 810324.0, 810324.0, 810324.0, 810324.0, 810324.0, 810324.0, 810324.0, 810324.0, 810324.0, 810324.0, 810324.0, 810324.0, 810324.0, 810324.0, 810324.0, 810324.0, 810324.0, 810324.0, 810324.0, 810324.0, 810324.0, 810324.0, 810324.0, 810324.0, 810324.0, 810324.0, 810324.0, 810324.0, 810324.0, 810324.0, 810324.0, 810324.0, 810324.0, 810324.0, 810324.0, 810324.0, 810324.0, 810324.0, 810324.0, 810324.0, 810324.0, 810324.0, 810324.0, 810324.0, 810324.0, 810324.0, 810324.0, 810324.0, 810324.0, 810324.0, 810324.0, 810324.0, 810324.0, 810324.0, 810324.0, 810324.0, 810324.0, 810324.0, 810324.0, 810324.0, 810324.0, 810324.0, 810324.0, 810324.0, 810324.0, 810324.0, 810324.0, 810324.0, 810324.0, 810324.0, 810324.0, 810324.0, 810324.0, 810324.0, 810324.0, 810324.0, 810324.0, 810324.0, 810324.0, 810324.0, 810324.0, 810324.0, 810324.0, 810324.0, 810324.0, 810324.0, 810324.0, 810324.0, 810324.0, 810324.0, 810324.0, 810324.0, 810324.0, 810324.0, 810324.0, 810324.0, 810324.0, 810324.0, 810324.0, 810324.0, 810324.0, 810324.0, 810324.0, 810324.0, 810324.0, 810324.0, 810324.0, 810324.0, 810324.0, 810324.0, 810324.0, 810324.0, 810324.0, 810324.0, 810324.0, 810324.0, 810324.0, 810324.0, 810324.0, 810324.0, 810324.0, 810324.0, 810324.0, 810324.0, 810324.0, 810324.0, 810324.0, 810324.0, 810324.0, 810324.0, 810324.0, 810324.0, 810324.0, 805442.3638839289, 805442.3638839289, 805442.3638839289, 805442.3638839289, 805442.3638839289, 805442.3638839289, 805442.3638839289, 805442.3638839289, 805442.3638839289, 805442.3638839289, 805442.3638839289, 805442.3638839289, 805442.3638839289, 805442.3638839289, 805442.3638839289, 805442.3638839289, 805442.3638839289, 805442.3638839289, 805442.3638839289, 805442.3638839289, 805442.3638839289, 805442.3638839289, 805442.3638839289, 805442.3638839289, 805442.3638839289, 805442.3638839289, 805442.3638839289, 805442.3638839289, 805442.3638839289, 805442.3638839289, 805442.3638839289, 805442.3638839289, 805442.3638839289, 805442.3638839289, 805442.3638839289, 805442.3638839289, 805442.3638839289, 805828.9986623344, 805828.9986623344, 807135.2974911913, 810324.0, 810324.0, 810324.0, 810324.0, 810324.0, 809477.2008783021, 809477.2008783021, 809477.2008783021, 809477.2008783021, 809477.2008783021, 809477.2008783021, 809477.2008783021, 809477.2008783021, 809477.2008783021, 809477.2008783021, 809477.2008783021, 809477.2008783021, 809477.2008783021, 809477.2008783021, 809477.2008783021, 809477.2008783021, 809477.2008783021, 809477.2008783021, 809477.2008783021, 809477.2008783021, 809477.2008783021, 809477.2008783021, 809477.2008783021, 809477.2008783021, 809477.2008783021, 809477.2008783021, 809477.2008783021, 809477.2008783021, 809477.2008783021, 809477.2008783021, 809477.2008783021, 809477.2008783021, 809477.2008783021, 809477.2008783021, 809477.2008783021, 809477.2008783021, 809477.2008783021, 809477.2008783021, 809477.2008783021, 809477.2008783021, 809477.2008783021, 810324.0, 810324.0, 810324.0, 810324.0, 810324.0, 810324.0, 810324.0, 810324.0, 810324.0, 810324.0, 810324.0, 810324.0, 810324.0, 810324.0, 810324.0, 810324.0, 810324.0, 810324.0, 810324.0, 810324.0, 810324.0, 810324.0, 810324.0, 810324.0, 810324.0, 810324.0, 810324.0, 810324.0, 810324.0, 810324.0, 810324.0, 810324.0, 810324.0, 810324.0, 810324.0, 810324.0, 810324.0, 810324.0, 810324.0, 810324.0, 810324.0, 810324.0, 810324.0, 810324.0, 810324.0, 810324.0, 810324.0, 810324.0, 810324.0, 810324.0, 810324.0, 810324.0, 810324.0, 810324.0, 810324.0, 810324.0, 810324.0, 810324.0, 810324.0, 810324.0, 810324.0, 810324.0, 810324.0, 810324.0, 810324.0, 810324.0, 810324.0, 810324.0, 810324.0, 810324.0, 810324.0, 810324.0, 810324.0, 810324.0, 810324.0, 810324.0, 810324.0, 810324.0, 810324.0, 810324.0, 810324.0, 810324.0, 810324.0, 810324.0, 810324.0, 810324.0, 810324.0, 810324.0, 810324.0, 810324.0, 810324.0, 810324.0, 810324.0, 810324.0, 810324.0, 810324.0, 810324.0, 810324.0, 810324.0, 810324.0, 810324.0, 810324.0, 810324.0, 810324.0, 810324.0, 810324.0, 810324.0, 810324.0, 810324.0, 810324.0, 810324.0, 810324.0, 810324.0, 810324.0, 810324.0, 810324.0, 810324.0, 810324.0, 810324.0, 810324.0, 810324.0, 810324.0, 810324.0, 810324.0, 810324.0, 810324.0, 810324.0, 810324.0, 810324.0, 810324.0, 810324.0, 810324.0, 810324.0, 810324.0, 810324.0, 810324.0, 810324.0, 810324.0, 810324.0, 810324.0, 810324.0, 810324.0, 810324.0, 810324.0, 810324.0, 810324.0, 810324.0, 810324.0, 810324.0, 810324.0, 810324.0, 810324.0, 810324.0, 810324.0, 810324.0, 810324.0, 810324.0, 810324.0, 810324.0, 810324.0, 810324.0, 810324.0, 810324.0, 810324.0, 810324.0, 810324.0, 810324.0, 810324.0, 810324.0, 810324.0, 810324.0, 810324.0, 810324.0, 810324.0, 810324.0, 810324.0, 810324.0, 810324.0, 810324.0, 810324.0, 810324.0, 810324.0, 810324.0, 810324.0, 810324.0, 810324.0, 798634.6115941778, 798634.6115941778, 798634.6115941778, 798634.6115941778, 798634.6115941778, 798634.6115941778, 798634.6115941778, 798634.6115941778, 798634.6115941778, 798634.6115941778, 798634.6115941778, 798634.6115941778, 798634.6115941778, 798634.6115941778, 798634.6115941778, 798634.6115941778, 798634.6115941778, 798634.6115941778, 798634.6115941778, 798634.6115941778, 798634.6115941778, 798634.6115941778, 798634.6115941778, 798634.6115941778, 798634.6115941778, 798634.6115941778, 798634.6115941778, 798634.6115941778, 798634.6115941778, 798634.6115941778, 798634.6115941778, 798634.6115941778, 798634.6115941778, 798634.6115941778, 798634.6115941778, 798634.6115941778, 798634.6115941778, 798634.6115941778, 798634.6115941778, 798634.6115941778, 798634.6115941778, 798634.6115941778, 799291.3445805951, 799291.3445805951, 799291.3445805951, 810123.4299998594, 810123.4299998594, 810123.4299998594, 810123.4299998594, 810123.4299998594, 810123.4299998594, 810123.4299998594, 810123.4299998594, 810123.4299998594, 810123.4299998594, 810123.4299998594, 810123.4299998594, 810123.4299998594, 810123.4299998594, 810123.4299998594, 810123.4299998594, 810123.4299998594, 810123.4299998594, 810123.4299998594, 810123.4299998594, 810123.4299998594, 810123.4299998594, 810123.4299998594, 810123.4299998594, 810123.4299998594, 810123.4299998594, 810123.4299998594, 810123.4299998594, 810123.4299998594, 810123.4299998594, 810123.4299998594, 810123.4299998594, 810123.4299998594, 810123.4299998594, 810123.4299998594, 810123.4299998594, 810123.4299998594, 810123.4299998594, 810123.4299998594, 810123.4299998594, 810123.4299998594, 810123.4299998594, 810123.4299998594, 810123.4299998594, 810123.4299998594, 810123.4299998594, 810123.4299998594, 810123.4299998594, 810123.4299998594, 810123.4299998594, 810123.4299998594, 810123.4299998594, 810123.4299998594, 810123.4299998594, 810123.4299998594, 810123.4299998594, 810123.4299998594, 810123.4299998594, 810123.4299998594, 810123.4299998594, 810123.4299998594, 810123.4299998594, 810123.4299998594, 810123.4299998594, 810123.4299998594, 810123.4299998594, 810123.4299998594, 810123.4299998594, 810123.4299998594, 810123.4299998594, 810123.4299998594, 810123.4299998594, 810123.4299998594, 810123.4299998594, 810123.4299998594, 810123.4299998594, 810123.4299998594, 810123.4299998594, 810123.4299998594, 810123.4299998594, 810123.4299998594, 810123.4299998594, 810123.4299998594, 810123.4299998594, 810123.4299998594, 810123.4299998594, 810123.4299998594, 810123.4299998594, 810123.4299998594, 810123.4299998594, 810123.4299998594, 810123.4299998594, 810123.4299998594, 810123.4299998594, 810123.4299998594, 810123.4299998594, 810123.4299998594, 810123.4299998594, 810123.4299998594, 810123.4299998594, 810123.4299998594, 810123.4299998594, 810123.4299998594, 810123.4299998594, 810123.4299998594, 810123.4299998594, 810123.4299998594, 810123.4299998594, 810123.4299998594, 810123.4299998594, 810123.4299998594, 810123.4299998594, 810123.4299998594, 810123.4299998594, 810123.4299998594, 810123.4299998594, 810123.4299998594, 810123.4299998594, 810123.4299998594, 810123.4299998594, 810123.4299998594, 810123.4299998594, 810123.4299998594, 810123.4299998594, 810123.4299998594, 810123.4299998594, 810123.4299998594, 810123.4299998594, 810123.4299998594, 810324.0, 810324.0, 810324.0, 810324.0, 810324.0, 810324.0, 810324.0, 810324.0, 810324.0, 810324.0, 810324.0, 810324.0, 810324.0, 810324.0, 810324.0, 810324.0, 810324.0, 810324.0, 810324.0, 810324.0, 810324.0, 810324.0, 810324.0, 810324.0, 810324.0, 810324.0, 810324.0, 810324.0, 810324.0, 810324.0, 810324.0, 810324.0, 810324.0, 810324.0, 810324.0, 810324.0, 810324.0, 810324.0, 810324.0, 810324.0, 810324.0, 810324.0, 810324.0, 810324.0, 810324.0, 810324.0, 810324.0, 810324.0, 810324.0, 810324.0, 810324.0, 810324.0, 810324.0, 810324.0, 810324.0, 810324.0, 810324.0, 810324.0, 810324.0, 810324.0, 810324.0, 810324.0, 810324.0, 810324.0, 810324.0, 810324.0, 810324.0, 810324.0, 810324.0, 810324.0, 810324.0, 810324.0, 810324.0, 810324.0, 810324.0, 810324.0, 810324.0, 810324.0, 810324.0, 810324.0, 810324.0, 810324.0, 810324.0, 810324.0, 810324.0, 810324.0, 810324.0, 810324.0, 810324.0, 810324.0, 810324.0, 810324.0, 810324.0, 810324.0, 810324.0, 810324.0, 810324.0, 810324.0, 810324.0, 802915.4257246285, 802915.4257246285, 802915.4257246285, 802915.4257246285, 802915.4257246285, 802915.4257246285, 802915.4257246285, 802915.4257246285, 802915.4257246285, 802915.4257246285, 802915.4257246285, 802915.4257246285, 802915.4257246285, 802915.4257246285, 802915.4257246285, 802915.4257246285, 802915.4257246285, 802915.4257246285, 802915.4257246285, 802915.4257246285, 802915.4257246285, 802915.4257246285, 802915.4257246285, 802915.4257246285, 802915.4257246285, 802915.4257246285, 802915.4257246285, 802915.4257246285, 802915.4257246285, 802915.4257246285, 802915.4257246285, 802915.4257246285, 802915.4257246285, 802915.4257246285, 802915.4257246285, 808450.1385991143, 809978.5907305408, 809978.5907305408, 809978.5907305408, 809816.0537960193, 809816.0537960193, 809816.0537960193, 810324.0, 810324.0, 810324.0, 810324.0, 810324.0, 810324.0, 810324.0, 810324.0, 810324.0, 810324.0, 810324.0, 810324.0, 810324.0, 810324.0, 810324.0, 810324.0, 810324.0, 810324.0, 810324.0, 810324.0, 810324.0, 810324.0, 810324.0, 810324.0, 810324.0, 810324.0, 810324.0, 810324.0, 810324.0, 810324.0, 810324.0, 810324.0, 810324.0, 810324.0, 810324.0, 810324.0, 810324.0, 810324.0, 810324.0, 810324.0, 810324.0, 810324.0, 810324.0, 810324.0, 810324.0, 810324.0, 810324.0, 810324.0, 810324.0, 810324.0, 810324.0, 810324.0, 810324.0, 810324.0, 810324.0, 810324.0, 810324.0, 810324.0, 810324.0, 810324.0, 810324.0, 810324.0, 810324.0, 810324.0, 810324.0, 810324.0, 810324.0, 810324.0, 810324.0, 810324.0, 810324.0, 810324.0, 810324.0, 810324.0, 810324.0, 810324.0, 810324.0, 810324.0, 810324.0, 810324.0, 810324.0, 810324.0, 810324.0, 810324.0, 810324.0, 810324.0, 810324.0, 810324.0, 810324.0, 810324.0, 810324.0, 810324.0, 810324.0, 810324.0, 808685.0803397839, 808685.0803397839, 808685.0803397839, 808685.0803397839, 808685.0803397839, 808685.0803397839, 808685.0803397839, 808685.0803397839, 808685.0803397839, 808685.0803397839, 808685.0803397839, 808685.0803397839, 808685.0803397839, 808685.0803397839, 808685.0803397839, 808685.0803397839, 808685.0803397839, 808685.0803397839, 808685.0803397839, 808685.0803397839, 808685.0803397839, 808685.0803397839, 808685.0803397839, 808685.0803397839, 808685.0803397839, 808685.0803397839, 808685.0803397839, 808685.0803397839, 808685.0803397839, 808685.0803397839, 808685.0803397839, 808685.0803397839, 808685.0803397839, 808685.0803397839, 808685.0803397839, 808685.0803397839, 808685.0803397839, 809867.5505516442, 809867.5505516442, 809998.6996661457, 809998.6996661457, 809998.6996661457, 810324.0, 810324.0, 810324.0, 810324.0, 810324.0, 810324.0, 810324.0, 810324.0, 810324.0, 810324.0, 810324.0, 810324.0, 810324.0, 810324.0, 810324.0, 810324.0, 810324.0, 810324.0, 810324.0, 810324.0, 810324.0, 810324.0, 810324.0, 810324.0, 810324.0, 810324.0, 810324.0, 810324.0, 810324.0, 810324.0, 810324.0, 810324.0, 810324.0, 810324.0, 810324.0, 810324.0, 810324.0, 810324.0, 810324.0, 810324.0, 810324.0, 810324.0, 810324.0, 810324.0, 810324.0, 810324.0, 810324.0, 810324.0, 810324.0, 810324.0, 
22484.472255382036, 22484.472255382036, 4578.436017862898, 4578.436017862898, 4578.436017862898, 4578.436017862898, 4578.436017862898, 4578.436017862898, 3747.114791161927, 3747.114791161927, 2120.975420260655, 2120.975420260655, 2120.975420260655, 1471.652865822946, 1471.652865822946, 1471.652865822946, 1471.652865822946, 1471.652865822946, 1471.652865822946, 347.7964509226244, 226.62787886104775, 226.62787886104775, 226.62787886104775, 226.62787886104775, 226.62787886104775, 226.62787886104775, 127.7184507519634, 127.7184507519634, 127.7184507519634, 127.7184507519634, 127.7184507519634, 127.7184507519634, 127.7184507519634, 127.7184507519634, 113.6847310552125, 113.6847310552125, 113.6847310552125, 113.6847310552125, 113.6847310552125, 113.6847310552125, 111.82126839204264, 111.82126839204264, 93.07075954351156, 93.07075954351156, 93.07075954351156, 82.87472054294653, 82.87472054294653, 82.87472054294653, 82.87472054294653, 82.87472054294653, 82.87472054294653, 82.87472054294653, 82.87472054294653, 55.297215367958174, 55.297215367958174, 55.297215367958174, 55.297215367958174, 55.297215367958174, 55.297215367958174, 44.0178230647922, 44.0178230647922, 44.0178230647922, 44.0178230647922, 44.0178230647922, 44.0178230647922, 44.0178230647922, 44.0178230647922, 44.0178230647922, 44.0178230647922, 44.0178230647922, 44.0178230647922, 44.0178230647922, 44.0178230647922, 44.0178230647922, 44.0178230647922, 44.0178230647922, 44.0178230647922, 44.0178230647922, 39.19097167385227, 39.19097167385227, 39.19097167385227, 39.19097167385227, 39.19097167385227, 39.19097167385227, 39.19097167385227, 39.19097167385227, 21.856494671707672, 21.856494671707672, 21.856494671707672, 21.856494671707672, 21.856494671707672, 181917.149506287, 181917.149506287, 191845.71803033946, 191845.71803033946, 197256.2650947329, 315823.3118693782, 315823.3118693782, 315823.3118693782, 403559.3165360093, 403559.3165360093, 403559.3165360093, 433843.0788319431, 488011.73563293176, 407211.1534866177, 553359.2925116374, 553359.2925116374, 553359.2925116374, 708333.6666125858, 613934.747675769, 697478.408565212, 697478.408565212, 772555.4426320586, 787845.7543450883, 787845.7543450883, 768146.3108150361, 768146.3108150361, 776908.5156756898, 776908.5156756898, 776908.5156756898, 776908.5156756898, 788474.0200926793, 788474.0200926793, 798813.0532691072, 810168.7639337555, 810168.7639337555, 810168.7639337555, 810168.7639337555, 810168.7639337555, 810168.7639337555, 810168.7639337555, 810324.0, 810324.0, 810324.0, 810324.0, 810324.0, 810324.0, 810324.0, 810324.0, 810324.0, 810324.0, 810324.0, 810324.0, 810324.0, 810324.0, 810324.0, 810324.0, 810324.0, 810324.0, 810324.0, 810324.0, 810324.0, 810324.0, 810324.0, 810324.0, 810324.0, 810324.0, 810324.0, 810324.0, 810324.0, 810324.0, 810324.0, 810324.0, 810324.0, 810324.0, 810324.0, 810324.0, 810324.0, 810324.0, 810324.0, 810324.0, 810324.0, 810324.0, 810324.0, 810324.0, 810324.0, 810324.0, 810324.0, 810324.0, 810324.0, 810324.0, 810324.0, 810324.0, 810324.0, 810324.0, 810324.0, 810324.0, 810324.0, 810324.0, 810324.0, 810324.0, 810324.0, 810324.0, 810324.0, 810324.0, 810324.0, 810324.0, 810324.0, 810324.0, 810324.0, 810324.0, 810324.0, 810324.0, 810324.0, 810324.0, 810324.0, 810324.0, 810324.0, 810324.0, 810324.0, 810324.0, 810324.0, 810324.0, 810324.0, 810324.0, 810324.0, 810324.0, 810324.0, 810324.0, 810324.0, 810324.0, 810324.0, 810324.0, 810324.0, 810324.0, 810324.0, 810324.0, 810324.0, 810324.0, 810324.0, 810324.0, 810324.0, 810324.0, 810324.0, 810324.0, 810324.0, 810324.0, 810324.0, 810324.0, 810324.0, 810324.0, 810324.0, 810324.0, 810324.0, 810324.0, 810324.0, 810324.0, 810324.0, 810324.0, 810324.0, 810324.0, 810324.0, 810324.0, 810324.0, 810324.0, 810324.0, 810324.0, 810324.0, 810324.0, 810324.0, 810324.0, 810324.0, 810324.0, 810324.0, 810324.0, 810324.0, 810324.0, 810324.0, 810324.0, 810324.0, 810324.0, 810324.0, 810324.0, 810324.0, 810324.0, 810324.0, 810324.0, 810324.0, 810324.0, 810324.0, 810324.0, 810324.0, 810324.0, 810324.0, 810324.0, 810324.0, 810324.0, 810324.0, 810324.0, 810324.0, 810324.0, 810324.0, 810324.0, 810324.0, 810324.0, 810324.0, 810324.0, 810324.0, 810324.0, 810324.0, 810324.0, 810324.0, 810324.0, 810324.0, 810324.0, 810324.0, 810324.0, 810324.0, 810324.0, 810324.0, 810324.0, 810324.0, 810324.0, 810324.0, 810324.0, 810324.0, 810324.0, 810324.0, 810324.0, 810324.0, 810324.0, 810324.0, 810324.0, 810324.0, 810324.0, 810324.0, 810324.0, 810324.0, 810324.0, 810324.0, 810324.0, 810324.0, 810324.0, 810324.0, 810324.0, 810324.0, 810324.0, 810324.0, 810324.0, 810324.0, 810324.0, 810324.0, 810324.0, 810324.0, 810324.0, 810324.0, 810324.0, 810324.0, 810324.0, 810324.0, 810324.0, 810324.0, 810324.0, 810324.0, 810324.0, 810324.0, 810324.0, 810324.0, 810324.0, 810324.0, 810324.0, 810324.0, 810324.0, 810324.0, 810324.0, 810324.0, 810324.0, 810324.0, 810324.0, 810324.0, 810324.0, 810324.0, 810324.0, 810324.0, 810324.0, 810324.0, 810324.0, 810324.0, 810324.0, 810324.0, 810324.0, 810324.0, 810324.0, 810324.0, 810324.0, 810324.0, 810324.0, 810324.0, 810324.0, 810324.0, 810324.0, 810324.0, 810324.0, 810324.0, 810324.0, 810324.0, 810324.0, 810324.0, 810324.0, 810324.0, 810324.0, 810324.0, 810324.0, 810324.0, 810324.0, 810324.0, 810324.0, 810324.0, 810324.0, 810324.0, 810324.0, 810324.0, 810324.0, 810324.0, 810324.0, 810324.0, 810324.0, 810324.0, 810324.0, 810324.0, 810324.0, 810324.0, 810324.0, 810324.0, 810324.0, 810324.0, 810324.0, 810324.0, 810324.0, 810324.0, 810324.0, 810324.0, 810324.0, 810324.0, 810324.0, 810324.0, 810324.0, 810324.0, 810324.0, 810324.0, 810324.0, 810324.0, 810324.0, 810324.0, 810324.0, 810324.0, 810324.0, 810324.0, 810324.0, 810324.0, 810324.0, 810324.0, 810324.0, 810324.0, 810324.0, 810324.0, 810324.0, 810324.0, 810324.0, 810324.0, 810324.0, 810324.0, 810324.0, 810324.0, 810324.0, 810324.0, 810324.0, 810324.0, 810324.0, 810324.0, 810324.0, 810324.0, 810324.0, 810324.0, 810324.0, 810324.0, 810324.0, 810324.0, 810324.0, 810324.0, 810324.0, 810324.0, 810324.0, 810324.0, 810324.0, 810324.0, 810324.0, 810324.0, 810324.0, 810324.0, 810324.0, 810324.0, 810324.0, 810324.0, 810324.0, 810324.0, 810324.0, 810324.0, 810324.0, 810324.0, 810324.0, 810324.0, 810324.0, 810324.0, 810324.0, 810324.0, 810324.0, 810324.0, 810324.0, 810324.0, 810324.0, 810324.0, 810324.0, 810324.0, 810324.0, 810324.0, 810324.0, 810324.0, 810324.0, 810324.0, 810324.0, 810324.0, 810324.0, 810324.0, 810324.0, 810324.0, 810324.0, 810324.0, 810324.0, 810324.0, 810324.0, 810324.0, 810324.0, 810324.0, 810324.0, 810324.0, 810324.0, 810324.0, 810324.0, 810324.0, 810324.0, 810324.0, 810324.0, 810324.0, 810324.0, 810324.0, 810324.0, 810324.0, 810324.0, 810324.0, 810324.0, 810324.0, 810324.0, 810324.0, 810324.0, 810324.0, 810324.0, 810324.0, 810324.0, 810324.0, 810324.0, 810324.0, 810324.0, 810324.0, 810324.0, 810324.0, 810324.0, 810324.0, 810324.0, 810324.0, 810324.0, 810324.0, 810324.0, 810324.0, 810324.0, 810324.0, 810324.0, 810324.0, 810324.0, 810324.0, 810324.0, 810324.0, 810324.0, 810324.0, 810324.0, 810324.0, 810324.0, 810324.0, 810324.0, 810324.0, 783324.0715372982, 783324.0715372982, 783324.0715372982, 783324.0715372982, 783324.0715372982, 783324.0715372982, 783324.0715372982, 783324.0715372982, 783324.0715372982, 783324.0715372982, 783324.0715372982, 783324.0715372982, 783324.0715372982, 783324.0715372982, 783324.0715372982, 783324.0715372982, 783324.0715372982, 783324.0715372982, 783324.0715372982, 783324.0715372982, 783324.0715372982, 783324.0715372982, 783324.0715372982, 783324.0715372982, 783324.0715372982, 783324.0715372982, 783324.0715372982, 783324.0715372982, 783324.0715372982, 783324.0715372982, 783324.0715372982, 783324.0715372982, 783324.0715372982, 783324.0715372982, 795032.0539576241, 804681.4364406423, 804681.4364406423, 804681.4364406423, 804681.4364406423, 804681.4364406423, 808350.0548938542, 810324.0, 810324.0, 810324.0, 810324.0, 810324.0, 810324.0, 810324.0, 810324.0, 810324.0, 810324.0, 810324.0, 810324.0, 810324.0, 810324.0, 810324.0, 810324.0, 810324.0, 810324.0, 810324.0, 810324.0, 810324.0, 810324.0, 810324.0, 810324.0, 810324.0, 810324.0, 810324.0, 810324.0, 810324.0, 810324.0, 810324.0, 810324.0, 810324.0, 810324.0, 810324.0, 810324.0, 810324.0, 810324.0, 810324.0, 810324.0, 810324.0, 810324.0, 810324.0, 810324.0, 810324.0, 810324.0, 810324.0, 810324.0, 810324.0, 810324.0, 810324.0, 810324.0, 810324.0, 810324.0, 810324.0, 810324.0, 810324.0, 810324.0, 810324.0, 810324.0, 810324.0, 810324.0, 810324.0, 810324.0, 810324.0, 810324.0, 810324.0, 810324.0, 810324.0, 810324.0, 810324.0, 810324.0, 810324.0, 810324.0, 810324.0, 810324.0, 810324.0, 810324.0, 810324.0, 810324.0, 810324.0, 810324.0, 810324.0, 810324.0, 810324.0, 810324.0, 810324.0, 810324.0, 810324.0, 810324.0, 810324.0, 810324.0, 810324.0, 810324.0, 810324.0, 810324.0, 810324.0, 810324.0, 810324.0, 810324.0, 810324.0, 810324.0, 810324.0, 810324.0, 810324.0, 810324.0, 810324.0, 810324.0, 810324.0, 810324.0, 810324.0, 810324.0, 810324.0, 810324.0, 810324.0, 810324.0, 810324.0, 810324.0, 810324.0, 810324.0, 810324.0, 810324.0, 810324.0, 810324.0, 810324.0, 810324.0, 810324.0, 810324.0, 810324.0, 810324.0, 810324.0, 810324.0, 810324.0, 810324.0, 810324.0, 810324.0, 810324.0, 810324.0, 810324.0, 810324.0, 810324.0, 810324.0, 810324.0, 810324.0, 810324.0, 810324.0, 810324.0, 810324.0, 810324.0, 810324.0, 810324.0, 810324.0, 810324.0, 810324.0, 810324.0, 810324.0, 810324.0, 810324.0, 810324.0, 810324.0, 810324.0, 810324.0, 810324.0, 810324.0, 810324.0, 810324.0, 810324.0, 810324.0, 810324.0, 810324.0, 810324.0, 810324.0, 810324.0, 810324.0, 810324.0, 810324.0, 810324.0, 810324.0, 810324.0, 810324.0, 810324.0, 810324.0, 810324.0, 810324.0, 810324.0, 810324.0, 810324.0, 810324.0, 810324.0, 810324.0, 810324.0, 810324.0, 810324.0, 810324.0, 810324.0, 810324.0, 810324.0, 810324.0, 810324.0, 810324.0, 810324.0, 810324.0, 810324.0, 810324.0, 810324.0, 810324.0, 810324.0, 810324.0, 810324.0, 810324.0, 810324.0, 810324.0, 810324.0, 810324.0, 810324.0, 810324.0, 810324.0, 810324.0, 810324.0, 810324.0, 810324.0, 810324.0, 810324.0, 810324.0, 810324.0, 810324.0, 810324.0, 810324.0, 810324.0, 810324.0, 810324.0, 810324.0, 810324.0, 810324.0, 810324.0, 810324.0, 810324.0, 810324.0, 810324.0, 810324.0, 810324.0, 810324.0, 810324.0, 810324.0, 810324.0, 810324.0, 810324.0, 810324.0, 810324.0, 810324.0, 810324.0, 810324.0, 810324.0, 810324.0, 810324.0, 810324.0, 810324.0, 810324.0, 810324.0, 810324.0, 810324.0, 810324.0, 810324.0, 810324.0, 810324.0, 810324.0, 810324.0, 810324.0, 810324.0, 810324.0, 810324.0, 810324.0, 810324.0, 810324.0, 810324.0, 810324.0, 810324.0, 810324.0, 810324.0, 810324.0, 810324.0, 810324.0, 810324.0, 810324.0, 810324.0, 810324.0, 810324.0, 810324.0, 810324.0, 810324.0, 810324.0, 810324.0, 810324.0, 810324.0, 810324.0, 810324.0, 810324.0, 810324.0, 810324.0, 810324.0, 810324.0, 810324.0, 810324.0, 810324.0, 810324.0, 810324.0, 810324.0, 810324.0, 810324.0, 810324.0, 810324.0, 810324.0, 810324.0, 810324.0, 810324.0, 810324.0, 810324.0, 810324.0, 810324.0, 810324.0, 810324.0, 810324.0, 810071.7136667615, 810071.7136667615, 810071.7136667615, 810071.7136667615, 810071.7136667615, 810071.7136667615, 810071.7136667615, 810071.7136667615, 810071.7136667615, 810071.7136667615, 810071.7136667615, 810071.7136667615, 810071.7136667615, 810071.7136667615, 810071.7136667615, 810071.7136667615, 810071.7136667615, 810071.7136667615, 810071.7136667615, 810071.7136667615, 810071.7136667615, 810071.7136667615, 810071.7136667615, 810071.7136667615, 810071.7136667615, 810071.7136667615, 810071.7136667615, 810071.7136667615, 810071.7136667615, 810071.7136667615, 810071.7136667615, 810071.7136667615, 810071.7136667615, 810071.7136667615, 810071.7136667615, 810071.7136667615, 810071.7136667615, 810071.7136667615, 810071.7136667615, 810071.7136667615, 810071.7136667615, 810071.7136667615, 810071.7136667615, 810324.0, 810324.0, 810324.0, 808139.011355798, 808139.011355798, 808139.011355798, 808139.011355798, 808139.011355798, 808139.011355798, 808139.011355798, 808139.011355798, 808139.011355798, 808139.011355798, 808139.011355798, 808139.011355798, 808139.011355798, 808139.011355798, 808139.011355798, 808139.011355798, 808139.011355798, 808139.011355798, 808139.011355798, 808139.011355798, 808139.011355798, 808139.011355798, 808139.011355798, 808139.011355798, 808139.011355798, 808139.011355798, 808139.011355798, 808139.011355798, 808139.011355798, 810324.0, 810324.0, 810324.0, 810324.0, 810324.0, 810324.0, 810324.0, 810324.0, 810324.0, 810324.0, 810324.0, 810324.0, 810324.0, 810324.0, 810324.0, 810324.0, 810324.0, 810324.0, 810324.0, 810324.0, 810324.0, 810324.0, 810324.0, 810324.0, 810324.0, 810324.0, 810324.0, 810324.0, 810324.0, 810324.0, 810324.0, 810324.0, 810324.0, 810324.0, 810324.0, 810324.0, 810324.0, 810324.0, 810324.0, 810324.0, 810324.0, 810324.0, 810324.0, 810324.0, 810324.0, 810324.0, 810324.0, 810324.0, 810324.0, 810324.0, 810324.0, 810324.0, 810324.0, 810324.0, 810324.0, 810324.0, 810324.0, 810324.0, 810324.0, 810324.0, 810324.0, 810324.0, 810324.0, 810324.0, 810324.0, 810324.0, 810324.0, 810324.0, 810324.0, 810324.0, 810324.0, 810324.0, 810324.0, 810324.0, 810324.0, 810324.0, 810324.0, 810324.0, 810324.0, 810324.0, 810324.0, 810324.0, 810324.0, 810324.0, 810324.0, 810324.0, 810324.0, 810324.0, 810324.0, 810324.0, 810324.0, 810324.0, 810324.0, 810324.0, 810324.0, 810324.0, 810324.0, 810324.0, 810324.0, 810324.0, 810324.0, 810324.0, 810324.0, 810324.0, 810324.0, 810324.0, 810324.0, 810324.0, 810324.0, 810324.0, 810324.0, 810324.0, 810324.0, 810324.0, 810324.0, 810324.0, 810324.0, 810324.0, 810324.0, 810324.0, 810324.0, 810324.0, 810324.0, 810324.0, 810324.0, 810324.0, 810324.0, 810324.0, 810324.0, 810324.0, 810324.0, 810324.0, 810324.0, 810324.0, 810324.0, 810324.0, 810324.0, 810324.0, 810324.0, 810324.0, 810324.0, 810324.0, 810324.0, 810324.0, 810324.0, 810324.0, 810324.0, 810324.0, 810324.0, 810324.0, 810324.0, 810324.0, 810324.0, 810324.0, 810324.0, 810324.0, 810324.0, 810324.0, 810324.0, 810324.0, 810324.0, 810324.0, 810324.0, 810324.0, 810324.0, 810324.0, 810324.0, 810324.0, 810324.0, 810324.0, 810324.0, 810324.0, 810324.0, 810324.0, 810324.0, 810324.0, 810324.0, 810324.0, 810324.0, 810324.0, 810324.0, 810324.0, 810324.0, 810324.0, 810324.0, 810324.0, 810324.0, 810324.0, 810324.0, 810324.0, 810324.0, 810324.0, 810324.0, 810324.0, 810324.0, 810324.0, 810324.0, 810324.0, 810324.0, 810324.0, 810324.0, 810324.0, 810324.0, 810324.0, 810324.0, 810324.0, 810324.0, 810324.0, 810324.0, 810324.0, 810324.0, 810324.0, 810324.0, 810324.0, 810324.0, 810324.0, 810324.0, 810324.0, 810324.0, 810324.0, 810324.0, 810324.0, 810324.0, 810324.0, 810324.0, 810324.0, 810324.0, 810324.0, 810324.0, 810324.0, 810324.0, 810324.0, 810324.0, 810324.0, 810324.0, 810324.0, 810324.0, 810324.0, 810324.0, 810324.0, 810324.0, 810324.0, 810324.0, 810324.0, 810324.0, 810324.0, 810324.0, 810324.0, 810324.0, 810324.0, 810324.0, 810324.0, 810324.0, 810324.0, 810324.0, 810324.0, 810324.0, 810324.0, 810324.0, 810324.0, 810324.0, 810324.0, 810324.0, 810324.0, 810324.0, 810324.0, 810324.0, 810324.0, 810324.0, 810324.0, 810324.0, 810324.0, 810324.0, 810324.0, 810324.0, 810324.0, 810324.0, 810324.0, 810324.0, 810324.0, 810324.0, 810324.0, 810324.0, 810324.0, 810324.0, 810324.0, 810324.0, 810324.0, 810324.0, 810324.0, 810324.0, 810324.0, 810324.0, 810324.0, 810324.0, 810324.0, 810324.0, 810324.0, 810324.0, 810324.0, 810324.0, 810324.0, 810324.0, 810324.0, 810324.0, 810324.0, 810324.0, 810324.0, 810324.0, 810324.0, 810324.0, 810324.0, 810324.0, 810324.0, 810324.0, 810324.0, 810324.0, 810324.0, 810324.0, 810324.0, 810324.0, 810324.0, 810324.0, 810324.0, 810324.0, 810324.0, 810324.0, 810324.0, 810324.0, 810324.0, 810324.0, 810324.0, 810324.0, 810324.0, 810324.0, 810324.0, 810324.0, 810324.0, 810324.0, 810324.0, 810324.0, 810324.0, 810324.0, 810324.0, 810324.0, 810324.0, 810324.0, 810324.0, 810324.0, 810324.0, 810324.0, 810324.0, 810324.0, 810324.0, 810324.0, 810324.0, 810324.0, 810324.0, 810324.0, 810324.0, 810324.0, 810324.0, 810324.0, 810324.0, 810324.0, 810324.0, 810324.0, 810324.0, 810324.0, 810324.0, 810324.0, 810324.0, 810324.0, 810324.0, 810324.0, 810324.0, 810324.0, 810324.0, 810324.0, 810324.0, 810324.0, 810324.0, 810324.0, 810324.0, 810324.0, 810324.0, 810324.0, 810324.0, 810324.0, 810324.0, 810324.0, 810324.0, 810324.0, 810324.0, 810324.0, 810324.0, 810324.0, 810324.0, 810324.0, 810324.0, 810324.0, 810324.0, 810324.0, 810324.0, 810324.0, 810324.0, 810324.0, 810324.0, 810324.0, 810324.0, 810324.0, 810324.0, 810324.0, 810324.0, 810324.0, 810324.0, 810324.0, 810324.0, 810324.0, 810324.0, 810324.0, 810324.0, 810324.0, 810324.0, 810324.0, 810324.0, 810324.0, 810324.0, 810324.0, 810324.0, 810324.0, 810324.0, 810324.0, 810324.0, 810324.0, 810324.0, 810324.0, 810324.0, 810324.0, 810324.0, 810324.0, 810324.0, 810324.0, 810324.0, 810324.0, 810324.0, 810324.0, 810324.0, 810324.0, 810324.0, 810324.0, 810324.0, 810324.0, 810324.0, 810324.0, 810324.0, 810324.0, 810324.0, 810324.0, 810324.0, 810324.0, 810324.0, 810324.0, 810324.0, 810324.0, 810324.0, 810324.0, 810324.0, 810324.0, 810324.0, 810324.0, 810324.0, 810324.0, 810324.0, 810324.0, 810324.0, 810324.0, 810324.0, 810324.0, 810324.0, 810324.0, 810324.0, 810324.0, 810324.0, 810324.0, 810324.0, 810324.0, 810324.0, 810324.0, 810324.0, 810324.0, 810324.0, 810324.0, 810324.0, 810324.0, 810324.0, 810324.0, 810324.0, 810324.0, 810324.0, 810324.0, 810324.0, 810324.0, 810324.0, 810324.0, 810324.0, 810324.0, 810324.0, 810324.0, 810324.0, 810324.0, 810324.0, 810324.0, 810324.0, 810324.0, 810324.0, 810324.0, 810324.0, 810324.0, 810324.0, 810324.0, 810324.0, 810324.0, 810324.0, 810324.0, 810324.0, 810324.0, 810324.0, 810324.0, 810324.0, 810324.0, 810324.0, 810324.0, 810324.0, 810324.0, 810324.0, 810324.0, 810324.0, 810324.0, 810324.0, 810324.0, 810324.0, 810324.0, 810324.0, 810324.0, 810324.0, 810324.0, 810324.0, 810324.0, 810324.0, 810324.0, 810324.0, 810324.0, 810324.0, 810324.0, 810324.0, 810324.0, 810324.0, 810324.0, 810324.0, 810324.0, 810324.0, 810324.0, 810324.0, 810324.0, 810324.0, 810324.0, 810324.0, 810324.0, 810324.0, 810324.0, 810324.0, 810324.0, 810324.0, 810324.0, 810324.0, 810324.0, 810324.0, 810324.0, 810324.0, 810324.0, 810324.0, 810324.0, 810324.0, 810324.0, 810324.0, 810324.0, 810324.0, 810324.0, 810324.0, 810324.0, 810324.0, 810324.0, 810324.0, 810324.0, 810324.0, 810324.0, 810324.0, 810324.0, 810324.0, 810324.0, 810324.0, 810324.0, 810324.0, 810324.0, 810324.0, 810324.0, 810324.0, 810324.0, 810324.0, 810324.0, 810324.0, 810324.0, 810324.0, 810324.0, 810324.0, 810324.0, 810324.0, 810324.0, 810324.0, 810324.0, 810324.0, 810324.0, 810324.0, 810324.0, 810324.0, 810324.0, 810324.0, 810324.0, 810324.0, 810324.0, 810324.0, 810324.0, 810324.0, 810324.0, 810324.0, 810324.0, 810324.0, 810324.0, 810324.0, 810324.0, 810324.0, 810324.0, 810324.0, 810324.0, 810324.0, 810324.0, 810324.0, 810324.0, 810324.0, 810324.0, 810324.0, 810324.0, 810324.0, 810324.0, 810324.0, 810324.0, 810324.0, 810324.0, 810324.0, 810324.0, 810324.0, 810324.0, 810324.0, 810324.0, 810324.0, 810324.0, 810324.0, 810324.0, 810324.0, 810324.0, 810324.0, 810324.0, 810324.0, 810324.0, 810324.0, 810324.0, 810324.0, 810324.0, 810324.0, 810324.0, 810324.0, 810324.0, 810324.0, 810324.0, 810324.0, 810324.0, 810324.0, 810324.0, 810324.0, 810324.0, 810324.0, 810324.0, 810324.0, 810324.0, 810324.0, 810324.0, 810324.0, 810324.0, 810324.0, 810324.0, 810324.0, 810324.0, 810324.0, 810324.0, 810324.0, 810324.0, 810324.0, 810324.0, 810324.0, 810324.0, 810324.0, 810324.0, 810324.0, 810324.0, 810324.0, 810324.0, 810324.0, 810324.0, 810324.0, 810324.0, 810324.0, 810324.0, 810324.0, 810324.0, 810324.0, 810324.0, 810324.0, 810324.0, 810324.0, 810324.0, 810324.0, 810324.0, 810324.0, 810324.0, 810324.0, 810324.0, 810324.0, 810324.0, 810324.0, 810324.0, 810324.0, 810324.0, 810324.0, 810324.0, 810324.0, 810324.0, 810324.0, 810324.0, 810324.0, 810324.0, 810324.0, 810324.0, 810324.0, 810324.0, 810324.0, 810324.0, 810324.0, 810324.0, 810324.0, 810324.0, 810324.0, 810324.0, 810324.0, 810324.0, 810324.0, 810324.0, 810324.0, 810324.0, 810324.0, 810324.0, 810324.0, 810324.0, 810324.0, 810324.0, 810324.0, 810324.0, 810324.0, 810324.0, 810324.0, 810324.0, 810324.0, 810324.0, 810324.0, 810324.0, 810324.0, 810324.0, 810324.0, 810324.0, 810324.0, 810324.0, 810324.0, 810324.0, 810324.0, 810324.0, 810324.0, 810324.0, 810324.0, 810324.0, 810324.0, 810324.0, 810324.0, 810324.0, 810324.0, 810324.0, 810324.0, 810324.0, 810324.0, 810324.0, 810324.0, 810324.0, 810324.0, 810324.0, 810324.0, 810324.0, 810324.0, 810324.0, 810324.0, 810324.0, 810324.0, 810324.0, 810324.0, 810324.0, 810324.0, 810324.0, 810324.0, 810324.0, 810324.0, 810324.0, 810324.0, 810324.0, 810324.0, 810324.0, 810324.0, 810324.0, 810324.0, 810324.0, 810324.0, 810324.0, 810324.0, 810324.0, 810324.0, 810324.0, 810324.0, 810324.0, 810324.0, 810324.0, 810324.0, 810324.0, 810324.0, 810324.0, 810324.0, 810324.0, 810324.0, 810324.0, 810324.0, 810324.0, 810324.0, 810324.0, 810324.0, 810324.0, 810324.0, 810324.0, 810324.0, 810324.0, 810324.0, 810324.0, 810324.0, 810324.0, 810324.0, 810324.0, 810324.0, 810324.0, 810324.0, 810324.0, 810324.0, 810324.0, 810324.0, 810324.0, 810324.0, 810324.0, 810324.0, 810324.0, 810324.0, 810324.0, 810324.0, 810324.0, 810324.0, 810324.0, 810324.0, 810324.0, 810324.0, 810324.0, 810324.0, 810324.0, 810324.0, 810324.0, 810324.0, 810324.0, 810324.0, 810324.0, 810324.0, 810324.0, 810324.0, 810324.0, 810324.0, 810324.0, 810324.0, 810324.0, 810324.0, 810324.0, 810324.0, 810324.0, 810324.0, 810324.0, 810324.0, 810324.0, 810324.0, 810324.0, 810324.0, 810324.0, 810324.0, 810324.0, 810324.0, 810324.0, 810324.0, 810324.0, 810324.0, 810324.0, 810324.0, 810324.0, 810324.0, 810324.0, 810324.0, 810324.0, 810324.0, 810324.0, 810324.0, 810324.0, 810324.0, 810324.0, 810324.0, 810324.0, 810324.0, 810324.0, 810324.0, 810324.0, 810324.0, 810324.0, 810324.0, 810324.0, 810324.0, 810324.0, 810324.0, 810324.0, 810324.0, 810324.0, 810324.0, 810324.0, 810324.0, 810324.0, 810324.0, 810324.0, 810324.0, 810324.0, 810324.0, 810324.0, 810324.0, 810324.0, 810324.0, 810324.0, 810324.0, 810324.0, 810324.0, 810324.0, 810324.0, 810324.0, 810324.0, 810324.0, 810324.0, 810324.0, 810324.0, 810324.0, 810324.0, 810324.0, 810324.0, 810324.0, 810324.0, 810324.0, 810324.0, 810324.0, 810324.0, 810324.0, 810324.0, 810324.0, 810324.0, 810324.0, 810324.0, 810324.0, 810324.0, 810324.0, 810324.0, 810324.0, 810324.0, 810324.0, 810324.0, 810324.0, 810324.0, 810324.0, 810324.0, 810324.0, 810324.0, 810324.0, 810324.0, 810324.0, 810324.0, 810324.0, 810324.0, 810324.0, 810324.0, 810324.0, 810324.0, 810324.0, 810324.0, 810324.0, 810324.0, 810324.0, 810324.0, 810324.0, 810324.0, 810324.0, 810324.0, 810324.0, 810324.0, 810324.0, 810324.0, 810324.0, 810324.0, 810324.0, 810324.0, 810324.0, 810324.0, 810324.0, 810324.0, 810324.0, 810324.0, 810324.0, 810324.0, 810324.0, 810324.0, 810324.0, 810324.0, 810324.0, 810324.0, 810324.0, 810324.0, 810324.0, 810324.0, 810324.0, 810324.0, 810324.0, 810324.0, 810324.0, 810324.0, 810324.0, 810324.0, 810324.0, 810324.0, 810324.0, 810324.0, 810324.0, 810324.0, 810324.0, 810324.0, 810324.0, 810324.0, 810324.0, 810324.0, 810324.0, 810324.0, 810324.0, 810324.0, 810324.0, 810324.0, 810324.0, 810324.0, 810324.0, 810324.0, 810324.0, 810324.0, 810324.0, 810324.0, 810324.0, 810324.0, 810324.0, 810324.0, 810324.0, 810324.0, 810324.0, 810324.0, 810324.0, 810324.0, 810324.0, 810324.0, 810324.0, 810324.0, 810324.0, 810324.0, 810324.0, 810324.0, 810324.0, 810324.0, 810324.0, 810324.0, 810324.0, 810324.0, 810324.0, 810324.0, 810324.0, 810324.0, 810324.0, 810324.0, 810324.0, 810324.0, 810324.0, 810324.0, 810324.0, 810324.0, 810324.0, 810324.0, 810324.0, 810324.0, 810324.0, 810324.0, 810324.0, 810324.0, 810324.0, 810324.0, 810324.0, 810324.0, 810324.0, 810324.0, 810324.0, 810324.0, 810324.0, 810324.0, 810324.0, 810324.0, 810324.0, 810324.0, 810324.0, 810324.0, 810324.0, 810324.0, 810324.0, 810324.0, 810324.0, 810324.0, 810324.0, 810324.0, 810324.0, 810324.0, 810324.0, 810324.0, 810324.0, 810324.0, 810324.0, 810324.0, 810324.0, 810324.0, 810324.0, 810324.0, 810324.0, 810324.0, 810324.0, 810324.0, 810324.0, 810324.0, 810324.0, 810324.0, 810324.0, 810324.0, 810324.0, 810324.0, 810324.0, 810324.0, 810324.0, 810324.0, 810324.0, 810324.0, 810324.0, 810324.0, 810324.0, 810324.0, 810324.0, 810324.0, 810324.0, 810324.0, 810324.0, 810324.0, 810324.0, 810324.0, 810324.0, 810324.0, 810324.0, 810324.0, 810324.0, 810324.0, 810324.0, 810324.0, 810324.0, 810324.0, 810324.0, 810324.0, 810324.0, 810324.0, 810324.0, 810324.0, 810324.0, 810324.0, 810324.0, 810324.0, 810324.0, 810324.0, 810324.0, 810324.0, 810324.0, 810324.0, 810324.0, 810324.0, 810324.0, 810324.0, 810324.0, 810324.0, 810324.0, 810324.0, 810324.0, 810324.0, 810324.0, 810324.0, 810324.0, 810324.0, 810324.0, 810324.0, 810324.0, 810324.0, 810324.0, 810324.0, 810324.0, 810324.0, 810324.0, 810324.0, 810324.0, 810324.0, 810324.0, 810324.0, 810324.0, 810324.0, 810324.0, 810324.0, 810324.0, 810324.0, 810324.0, 810324.0, 810324.0, 810324.0, 810324.0, 810324.0, 810324.0, 810324.0, 810324.0, 810324.0, 810324.0, 810324.0, 810324.0, 810324.0, 810324.0, 810324.0, 810324.0, 810324.0, 810324.0, 810324.0, 810324.0, 810324.0, 810324.0, 810324.0, 810324.0, 810324.0, 810324.0, 810324.0, 810324.0, 810324.0, 810324.0, 810324.0, 810324.0, 810324.0, 810324.0, 810324.0, 810324.0, 810324.0, 810324.0, 810324.0, 810324.0, 810324.0, 810324.0, 810324.0, 810324.0, 810324.0, 810324.0, 810324.0, 810324.0, 810324.0, 810324.0, 810324.0, 810324.0, 810324.0, 810324.0, 810324.0, 810324.0, 810324.0, 810324.0, 810324.0, 810324.0, 810324.0, 810324.0, 810324.0, 810324.0, 810324.0, 810324.0, 810324.0, 810324.0, 810324.0, 810324.0, 810324.0, 810324.0, 810324.0, 810324.0, 810324.0, 810324.0, 810324.0, 810324.0, 810324.0, 810324.0, 810324.0, 810324.0, 810324.0, 810324.0, 810324.0, 810324.0, 810324.0, 810324.0, 810324.0, 810324.0, 810324.0, 810324.0, 810324.0, 810324.0, 810324.0, 810324.0, 810324.0, 810324.0, 810324.0, 810324.0, 810324.0, 810324.0, 810324.0, 810324.0, 810324.0, 810324.0, 810324.0, 810324.0, 810324.0, 810324.0, 810324.0, 810324.0, 810324.0, 810324.0, 810324.0, 810324.0, 810324.0, 810324.0, 810324.0, 810324.0, 810324.0, 810324.0, 810324.0, 810324.0, 810324.0, 810324.0, 810324.0, 810324.0, 810324.0, 810324.0, 810324.0, 810324.0, 810324.0, 810324.0, 810324.0, 810324.0, 810324.0, 810324.0, 810324.0, 810324.0, 810324.0, 810324.0, 810324.0, 810324.0, 810324.0, 810324.0, 810324.0, 810324.0, 810324.0, 810324.0, 810324.0, 810324.0, 810324.0, 810324.0, 810324.0, 810324.0, 810324.0, 810324.0, 810324.0, 810324.0, 810324.0, 810324.0, 810324.0, 810324.0, 810324.0, 810324.0, 810324.0, 810324.0, 810324.0, 810324.0, 810324.0, 810324.0, 810324.0, 810324.0, 810324.0, 810324.0, 810324.0, 810324.0, 810324.0, 810324.0, 810324.0, 810324.0, 810324.0, 810324.0, 810324.0, 810324.0, 810324.0, 810324.0, 810324.0, 810324.0, 810324.0, 810324.0, 810324.0, 810324.0, 810324.0, 810324.0, 810324.0, 810324.0, 810324.0, 810324.0, 810324.0, 810324.0, 810324.0, 810324.0, 810324.0, 810324.0, 810324.0, 810324.0, 810324.0, 810324.0, 810324.0, 810324.0, 810324.0, 810324.0, 810324.0, 810324.0, 810324.0, 810324.0, 810324.0, 810324.0, 810324.0, 810324.0, 810324.0, 810324.0, 810324.0, 810324.0, 810324.0, 810324.0, 810324.0, 810324.0, 810324.0, 810324.0, 810324.0, 810324.0, 810324.0, 810324.0, 810324.0, 810324.0, 810324.0, 810324.0, 810324.0, 810324.0, 810324.0, 810324.0, 810324.0, 810324.0, 810324.0, 810324.0, 810324.0, 810324.0, 810324.0, 810324.0, 810324.0, 810324.0, 810324.0, 810324.0, 810324.0, 810324.0, 810324.0, 810324.0, 810324.0, 810324.0, 810324.0, 810324.0, 810324.0, 810324.0, 810324.0, 810324.0, 810324.0, 810324.0, 810324.0, 810324.0, 810324.0, 810324.0, 810324.0, 810324.0, 810324.0, 810324.0, 810324.0, 810324.0, 810324.0, 810324.0, 810324.0, 810324.0, 810324.0, 810324.0, 810324.0, 810324.0, 810324.0, 810324.0, 810324.0, 810324.0, 810324.0, 810324.0, 810324.0, 810324.0, 810324.0, 810324.0, 810324.0, 810324.0, 810324.0, 810324.0, 810324.0, 810324.0, 810324.0, 810324.0, 810324.0, 810324.0, 810324.0, 810324.0, 810324.0, 810324.0, 810324.0, 810324.0, 810324.0, 810324.0, 810324.0, 810324.0, 810324.0, 810324.0, 810324.0, 810324.0, 810324.0, 810324.0, 810324.0, 810324.0, 810324.0, 810324.0, 810324.0, 810324.0, 810324.0, 810324.0, 810324.0, 810324.0, 810324.0, 810324.0, 810324.0, 810324.0, 810324.0, 810324.0, 810324.0, 810324.0, 810324.0, 810324.0, 810324.0, 810324.0, 810324.0, 810324.0, 810324.0, 810324.0, 810324.0, 810324.0, 810324.0, 810324.0, 810324.0, 810324.0, 810324.0, 810324.0, 810324.0, 810324.0, 810324.0, 810324.0, 810324.0, 810324.0, 810324.0, 810324.0, 810324.0, 810324.0, 810324.0, 810324.0, 810324.0, 810324.0, 810324.0, 810324.0, 810324.0, 810324.0, 810324.0, 810324.0, 810324.0, 810324.0, 810324.0, 810324.0, 810324.0, 810324.0, 810324.0, 810324.0, 810324.0, 810324.0, 810324.0, 810324.0, 810324.0, 810324.0, 810324.0, 810324.0, 810324.0, 810324.0, 810324.0, 810324.0, 810324.0, 810324.0, 810324.0, 810324.0, 810324.0, 810324.0, 810324.0, 810324.0, 810324.0, 810324.0, 810324.0, 810324.0, 810324.0, 810324.0, 810324.0, 810324.0, 810324.0, 810324.0, 810324.0, 810324.0, 810324.0, 810324.0, 810324.0, 810324.0, 810324.0, 810324.0, 810324.0, 810324.0, 810324.0, 810324.0, 810324.0, 810324.0, 810324.0, 810324.0, 810324.0, 808250.7648590275, 808250.7648590275, 808250.7648590275, 808250.7648590275, 808250.7648590275, 808250.7648590275, 808250.7648590275, 808250.7648590275, 808250.7648590275, 808250.7648590275, 808250.7648590275, 808250.7648590275, 808250.7648590275, 808250.7648590275, 808250.7648590275, 808250.7648590275, 808250.7648590275, 808250.7648590275, 808250.7648590275, 808250.7648590275, 808250.7648590275, 808250.7648590275, 808250.7648590275, 808250.7648590275, 808250.7648590275, 808250.7648590275, 808250.7648590275, 808250.7648590275, 808250.7648590275, 808250.7648590275, 808250.7648590275, 808250.7648590275, 808250.7648590275, 808250.7648590275, 808250.7648590275, 808250.7648590275, 808250.7648590275, 808250.7648590275, 808250.7648590275, 808250.7648590275, 808250.7648590275, 808250.7648590275, 808250.7648590275, 810274.4336334908, 810274.4336334908, 810293.0728538083, 810246.4401845844, 810246.4401845844, 810246.4401845844, 810246.4401845844, 810246.4401845844, 810246.4401845844, 810246.4401845844, 810246.4401845844, 810246.4401845844, 810246.4401845844, 810246.4401845844, 810246.4401845844, 810246.4401845844, 810246.4401845844, 810246.4401845844, 810246.4401845844, 810246.4401845844, 810246.4401845844, 810246.4401845844, 810246.4401845844, 810246.4401845844, 810246.4401845844, 810246.4401845844, 810246.4401845844, 810246.4401845844, 810246.4401845844, 810246.4401845844, 810246.4401845844, 810246.4401845844, 810246.4401845844, 810246.4401845844, 810246.4401845844, 810246.4401845844, 810246.4401845844, 810246.4401845844, 810246.4401845844, 810246.4401845844, 810246.4401845844, 810246.4401845844, 810246.4401845844, 810246.4401845844, 810246.4401845844, 810246.4401845844, 810246.4401845844, 810246.4401845844, 810246.4401845844, 810246.4401845844, 810246.4401845844, 810246.4401845844, 810246.4401845844, 810246.4401845844, 810246.4401845844, 810246.4401845844, 810246.4401845844, 810246.4401845844, 810246.4401845844, 810246.4401845844, 810246.4401845844, 810246.4401845844, 810246.4401845844, 810246.4401845844, 810246.4401845844, 810246.4401845844, 810246.4401845844, 810246.4401845844, 810246.4401845844, 810246.4401845844, 810246.4401845844, 810246.4401845844, 810246.4401845844, 810246.4401845844, 810246.4401845844, 810246.4401845844, 810246.4401845844, 810246.4401845844, 810246.4401845844, 810246.4401845844, 810246.4401845844, 810246.4401845844, 810246.4401845844, 810246.4401845844, 810246.4401845844, 810246.4401845844, 810246.4401845844, 810246.4401845844, 810246.4401845844, 810246.4401845844, 810246.4401845844, 810324.0, 810324.0, 810324.0, 810324.0, 810324.0, 810324.0, 810324.0, 810324.0, 810324.0, 810324.0, 810324.0, 810324.0, 810324.0, 810324.0, 810324.0, 810324.0, 810324.0, 810324.0, 810324.0, 810324.0, 810324.0, 810324.0, 810324.0, 810324.0, 810324.0, 810324.0, 810324.0, 810324.0, 810324.0, 810324.0, 810324.0, 810324.0, 810324.0, 810324.0, 810324.0, 810324.0, 810324.0, 810324.0, 810324.0, 810324.0, 810324.0, 810324.0, 810324.0, 810324.0, 810324.0, 810324.0, 810324.0, 810324.0, 810324.0, 810324.0, 810324.0, 810324.0, 810324.0, 810324.0, 810324.0, 810324.0, 810324.0, 810324.0, 810324.0, 810324.0, 810324.0, 810324.0, 810324.0, 810324.0, 810324.0, 810324.0, 810324.0, 810324.0, 810324.0, 810324.0, 810324.0, 810324.0, 810324.0, 810324.0, 810324.0, 810324.0, 810324.0, 810324.0, 810324.0, 810324.0, 810324.0, 810324.0, 810324.0, 810324.0, 810324.0, 810324.0, 810324.0, 810324.0, 810324.0, 810324.0, 810324.0, 810324.0, 810324.0, 803069.4679402455, 803069.4679402455, 803069.4679402455, 803069.4679402455, 803069.4679402455, 803069.4679402455, 803069.4679402455, 803069.4679402455, 803069.4679402455, 803069.4679402455, 803069.4679402455, 803069.4679402455, 803069.4679402455, 803069.4679402455, 803069.4679402455, 803069.4679402455, 803069.4679402455, 803069.4679402455, 803069.4679402455, 803069.4679402455, 803069.4679402455, 803069.4679402455, 803069.4679402455, 803069.4679402455, 803069.4679402455, 803069.4679402455, 803069.4679402455, 803069.4679402455, 803069.4679402455, 803069.4679402455, 803069.4679402455, 803069.4679402455, 803069.4679402455, 803069.4679402455, 803069.4679402455, 803069.4679402455, 803069.4679402455, 807959.324189293, 807959.324189293, 807959.324189293, 809605.5197544935, 809605.5197544935, 808476.4318547975, 808476.4318547975, 808476.4318547975, 808476.4318547975, 809605.5197544935, 809605.5197544935, 809605.5197544935, 809605.5197544935, 809605.5197544935, 809605.5197544935, 809605.5197544935, 809605.5197544935, 809605.5197544935, 809605.5197544935, 809605.5197544935, 809605.5197544935, 809605.5197544935, 809605.5197544935, 809605.5197544935, 809605.5197544935, 809605.5197544935, 809605.5197544935, 809605.5197544935, 809605.5197544935, 809605.5197544935, 809605.5197544935, 809605.5197544935, 809605.5197544935, 809605.5197544935, 809605.5197544935, 809605.5197544935, 809605.5197544935, 809605.5197544935, 809605.5197544935, 809605.5197544935, 809605.5197544935, 809605.5197544935, 809605.5197544935, 809605.5197544935, 809605.5197544935, 809605.5197544935, 809605.5197544935, 810324.0, 810324.0, 810324.0, 810324.0, 810324.0, 810324.0, 810324.0, 810324.0, 810324.0, 810324.0, 810324.0, 810324.0, 810324.0, 810324.0, 810324.0, 810324.0, 810324.0, 810324.0, 810324.0, 810324.0, 810324.0, 810324.0, 810324.0, 810324.0, 810324.0, 810324.0, 810324.0, 810324.0, 810324.0, 810324.0, 810324.0, 810324.0, 810324.0, 810324.0, 810324.0, 810324.0, 810324.0, 810324.0, 810324.0, 810324.0, 810324.0, 810324.0, 810324.0, 810324.0, 810324.0, 810324.0, 810324.0, 810324.0, 810324.0, 810324.0, 810324.0, 810324.0, 810324.0, 810324.0, 810324.0, 810324.0, 810324.0, 810324.0, 810324.0, 810324.0, 810324.0, 810324.0, 810324.0, 810324.0, 810324.0, 810324.0, 810324.0, 810324.0, 810324.0, 810324.0, 810324.0, 810324.0, 810324.0, 810324.0, 810324.0, 810324.0, 810324.0, 810324.0, 810324.0, 810324.0, 810324.0, 810324.0, 810324.0, 810324.0, 810324.0, 810324.0, 810324.0, 810324.0, 810324.0, 810324.0, 810324.0, 810324.0, 810324.0, 810324.0, 810324.0, 810324.0, 810324.0, 810324.0, 810324.0, 810324.0, 810324.0, 810324.0, 810324.0, 810324.0, 810324.0, 810324.0, 810324.0, 810324.0, 810324.0, 810324.0, 810324.0, 810324.0, 810324.0, 810324.0, 810324.0, 810324.0, 810324.0, 810324.0, 810324.0, 810324.0, 810324.0, 810324.0, 810324.0, 810324.0, 810324.0, 810324.0, 810324.0, 810324.0, 810324.0, 810324.0, 810324.0, 810324.0, 810324.0, 810324.0, 810324.0, 810324.0, 810324.0, 810324.0, 810324.0, 810324.0, 810324.0, 810324.0, 810324.0, 810324.0, 810324.0, 810324.0, 810324.0, 810324.0, 810324.0, 810324.0, 810324.0, 810324.0, 810324.0, 810324.0, 810324.0, 810324.0, 810324.0, 810324.0, 810324.0, 810324.0, 810324.0, 810324.0, 810324.0, 810324.0, 810324.0, 810324.0, 810324.0, 810324.0, 810324.0, 810324.0, 810324.0, 810324.0, 810324.0, 810324.0, 810324.0, 810324.0, 810324.0, 810324.0, 810324.0, 810324.0, 810324.0, 810324.0, 810324.0, 810324.0, 810324.0, 810324.0, 810324.0, 810324.0, 810324.0, 810324.0, 810324.0, 810324.0, 810324.0, 810324.0, 810324.0, 810324.0, 810324.0, 810324.0, 810324.0, 810324.0, 810324.0, 810324.0, 810324.0, 810324.0, 810324.0, 810324.0, 810324.0, 810324.0, 810324.0, 810324.0, 810324.0, 810324.0, 810324.0, 810324.0, 810324.0, 810324.0, 810324.0, 810324.0, 810324.0, 810324.0, 810324.0, 810324.0, 810324.0, 810324.0, 810324.0, 810324.0, 810324.0, 810324.0, 810324.0, 810324.0, 810324.0, 810324.0, 810324.0, 810324.0, 810324.0, 810324.0, 810324.0, 810324.0, 810324.0, 810324.0, 810324.0, 810324.0, 810324.0, 810324.0, 810324.0, 810324.0, 810324.0, 810324.0, 810324.0, 810324.0, 810324.0, 810324.0, 810324.0, 810324.0, 810324.0, 810324.0, 810324.0, 810324.0, 810324.0, 810324.0, 810324.0, 810324.0, 810324.0, 810324.0, 810324.0, 810324.0, 810324.0, 810324.0, 810324.0, 810324.0, 810324.0, 810324.0, 810324.0, 810324.0, 810324.0, 810324.0, 810324.0, 810324.0, 810324.0, 810324.0, 810324.0, 810324.0, 810324.0, 810324.0, 810324.0, 810324.0, 810324.0, 810324.0, 810324.0, 810324.0, 810324.0, 810324.0, 810324.0, 810324.0, 810324.0, 810324.0, 810324.0, 810324.0, 810324.0, 810324.0, 810324.0, 810324.0, 810324.0, 810324.0, 810324.0, 810324.0, 810324.0, 810324.0, 810324.0, 810324.0, 810324.0, 810324.0, 810324.0, 810324.0, 810324.0, 810324.0, 810324.0, 810324.0, 810324.0, 810324.0, 810324.0, 810324.0, 810324.0, 810324.0, 810324.0, 810324.0, 810324.0, 810324.0, 810324.0, 810324.0, 810324.0, 810324.0, 810324.0, 810324.0, 810324.0, 810324.0, 810324.0, 810324.0, 810324.0, 810324.0, 810324.0, 810324.0, 810324.0, 810324.0, 810324.0, 810324.0, 810324.0, 810324.0, 810324.0, 810324.0, 810324.0, 810324.0, 810324.0, 810324.0, 810324.0, 810324.0, 810324.0, 810324.0, 810324.0, 810324.0, 810324.0, 810324.0, 810324.0, 810324.0, 810324.0, 810324.0, 810324.0, 810324.0, 810324.0, 810324.0, 806329.9761970328, 806329.9761970328, 806329.9761970328, 806329.9761970328, 806329.9761970328, 806329.9761970328, 806329.9761970328, 806329.9761970328, 806329.9761970328, 806329.9761970328, 806329.9761970328, 806329.9761970328, 806329.9761970328, 806329.9761970328, 806329.9761970328, 806329.9761970328, 806329.9761970328, 806329.9761970328, 806329.9761970328, 806329.9761970328, 806329.9761970328, 806329.9761970328, 806329.9761970328, 806329.9761970328, 806329.9761970328, 806329.9761970328, 806329.9761970328, 806329.9761970328, 806329.9761970328, 806329.9761970328, 806329.9761970328, 806329.9761970328, 806329.9761970328, 806329.9761970328, 806329.9761970328, 806329.9761970328, 806329.9761970328, 806329.9761970328, 807633.0976782214, 809356.9351669088, 810324.0, 810324.0, 810324.0, 810324.0, 810324.0, 810324.0, 810324.0, 810324.0, 810324.0, 810324.0, 810324.0, 810324.0, 810324.0, 810324.0, 810324.0, 810324.0, 810324.0, 810324.0, 810324.0, 810324.0, 810324.0, 810324.0, 810324.0, 810324.0, 810324.0, 810324.0, 810324.0, 810324.0, 810324.0, 810324.0, 810324.0, 810324.0, 810324.0, 810324.0, 810324.0, 810324.0, 810324.0, 810324.0, 810324.0, 810324.0, 810324.0, 810324.0, 810324.0, 810324.0, 810324.0, 810324.0, 810324.0, 810324.0, 810324.0, 810324.0, 810324.0, 810324.0, 810324.0, 810324.0, 810324.0, 810324.0, 810324.0, 810324.0, 810324.0, 810324.0, 810324.0, 810324.0, 810324.0, 810324.0, 810324.0, 810324.0, 810324.0, 810324.0, 810324.0, 810324.0, 810324.0, 810324.0, 810324.0, 810324.0, 810324.0, 810324.0, 810324.0, 810324.0, 810324.0, 810324.0, 810324.0, 810324.0, 810324.0, 810324.0, 810324.0, 810324.0, 810324.0, 810324.0, 810324.0, 810324.0, 810324.0, 810324.0, 810324.0, 810324.0, 810324.0, 810324.0, 810324.0, 810324.0, 810324.0, 810324.0, 810324.0, 810324.0, 810324.0, 810324.0, 810324.0, 810324.0, 810324.0, 810324.0, 810324.0, 810324.0, 810324.0, 810324.0, 810324.0, 810324.0, 810324.0, 810324.0, 810324.0, 810324.0, 810324.0, 810324.0, 810324.0, 810324.0, 810324.0, 810324.0, 810324.0, 810324.0, 810324.0, 810324.0, 810324.0, 810324.0, 810324.0, 810324.0, 810324.0, 810324.0, 810324.0, 810324.0, 810324.0, 810324.0, 810324.0, 810324.0, 810324.0, 810324.0, 810324.0, 810324.0, 810324.0, 810324.0, 810324.0, 810324.0, 810324.0, 810324.0, 810324.0, 810324.0, 810324.0, 810324.0, 810324.0, 810324.0, 810324.0, 810324.0, 810324.0, 810324.0, 810324.0, 810324.0, 810324.0, 810324.0, 810324.0, 810324.0, 810324.0, 810324.0, 810324.0, 810324.0, 810324.0, 810324.0, 810324.0, 810324.0, 810324.0, 810324.0, 810324.0, 810324.0, 810324.0, 810324.0, 810324.0, 810324.0, 810324.0, 810324.0, 810324.0, 810324.0, 810324.0, 810324.0, 810324.0, 810324.0, 810324.0, 810324.0, 810324.0, 810324.0, 810324.0, 810324.0, 810324.0, 810324.0, 810324.0, 810324.0, 810324.0, 810324.0, 810324.0, 810324.0, 810324.0, 810324.0, 810324.0, 810324.0, 810324.0, 810324.0, 810324.0, 810324.0, 810324.0, 810324.0, 810324.0, 810324.0, 810324.0, 810324.0, 810324.0, 810324.0, 810324.0, 810324.0, 810324.0, 810324.0, 810324.0, 810324.0, 810324.0, 810324.0, 810324.0, 810324.0, 810324.0, 810324.0, 810324.0, 809834.108200943, 809834.108200943, 809834.108200943, 809834.108200943, 809834.108200943, 809834.108200943, 809834.108200943, 809834.108200943, 809834.108200943, 809834.108200943, 809834.108200943, 809834.108200943, 809834.108200943, 809834.108200943, 809834.108200943, 809834.108200943, 809834.108200943, 809834.108200943, 809834.108200943, 809834.108200943, 809834.108200943, 809834.108200943, 809834.108200943, 809834.108200943, 809834.108200943, 809834.108200943, 809834.108200943, 809834.108200943, 809834.108200943, 809834.108200943, 809834.108200943, 809834.108200943, 809834.108200943, 809834.108200943, 810324.0, 810324.0, 810324.0, 810324.0, 810324.0, 810324.0, 810324.0, 810324.0, 810324.0, 810324.0, 810324.0, 810324.0, 810324.0, 810324.0, 810324.0, 810324.0, 810324.0, 810324.0, 810324.0, 810324.0, 810324.0, 810324.0, 810324.0, 810324.0, 810324.0, 810324.0, 810324.0, 810324.0, 810324.0, 810324.0, 810324.0, 810324.0, 810324.0, 810324.0, 810324.0, 810324.0, 810324.0, 810324.0, 810324.0, 810324.0, 810324.0, 810324.0, 810324.0, 810324.0, 810324.0, 810324.0, 810324.0, 810324.0, 810324.0, 810324.0, 810324.0, 810324.0, 810324.0, 810324.0, 810324.0, 810324.0, 810324.0, 810324.0, 810324.0, 810324.0, 810324.0, 810324.0, 810324.0, 810324.0, 810324.0, 810324.0, 810324.0, 810324.0, 810324.0, 810324.0, 810324.0, 810324.0, 810324.0, 810324.0, 810324.0, 810324.0, 810324.0, 810324.0, 810324.0, 810324.0, 810324.0, 810324.0, 810324.0, 810324.0, 810324.0, 810324.0, 810324.0, 810324.0, 810324.0, 810324.0, 810324.0, 810324.0, 810324.0, 810324.0, 810324.0, 810324.0, 810324.0, 810324.0, 810324.0, 810324.0, 810324.0, 810324.0, 804614.764430675, 804614.764430675, 804614.764430675, 804614.764430675, 804614.764430675, 804614.764430675, 804614.764430675, 804614.764430675, 804614.764430675, 804614.764430675, 804614.764430675, 804614.764430675, 804614.764430675, 804614.764430675, 804614.764430675, 804614.764430675, 804614.764430675, 804614.764430675, 804614.764430675, 804614.764430675, 804614.764430675, 804614.764430675, 804614.764430675, 804614.764430675, 804614.764430675, 804614.764430675, 804614.764430675, 804614.764430675, 804614.764430675, 807110.4766578056, 807110.4766578056, 807110.4766578056, 807110.4766578056, 807110.4766578056, 809854.7294819524, 809854.7294819524, 809854.7294819524, 809854.7294819524, 809854.7294819524, 809854.7294819524, 810324.0, 810324.0, 810324.0, 810324.0, 810324.0, 808657.9844951975, 808657.9844951975, 808657.9844951975, 808657.9844951975, 808657.9844951975, 808657.9844951975, 808657.9844951975, 808657.9844951975, 808657.9844951975, 808657.9844951975, 808657.9844951975, 808657.9844951975, 808657.9844951975, 808657.9844951975, 808657.9844951975, 808657.9844951975, 808657.9844951975, 808657.9844951975, 808657.9844951975, 808657.9844951975, 808657.9844951975, 808657.9844951975, 808657.9844951975, 808657.9844951975, 808657.9844951975, 808657.9844951975, 808657.9844951975, 808657.9844951975, 808657.9844951975, 808657.9844951975, 808657.9844951975, 808657.9844951975, 808657.9844951975, 808657.9844951975, 808657.9844951975, 808657.9844951975, 808657.9844951975, 808657.9844951975, 808657.9844951975, 810324.0, 810324.0, 810324.0, 810324.0, 810324.0, 810324.0, 810324.0, 810324.0, 810324.0, 810324.0, 810324.0, 810324.0, 810324.0, 810324.0, 810324.0, 810324.0, 810324.0, 810324.0, 810324.0, 810324.0, 810324.0, 810324.0, 810324.0, 810324.0, 810324.0, 810324.0, 810324.0, 810324.0, 810324.0, 810324.0, 810324.0, 810324.0, 810324.0, 810324.0, 810324.0, 810324.0, 810324.0, 810324.0, 810324.0, 810324.0, 810324.0, 810324.0, 810324.0, 810324.0, 810324.0, 810324.0, 810324.0, 810324.0, 810324.0, 810324.0, 810324.0, 810324.0, 810324.0, 810324.0, 810324.0, 810324.0, 810324.0, 810324.0, 810324.0, 810324.0, 810324.0, 810324.0, 810324.0, 810324.0, 810324.0, 810324.0, 810324.0, 810324.0, 810324.0, 810324.0, 810324.0, 810324.0, 810324.0, 810324.0, 810324.0, 810324.0, 810324.0, 810324.0, 810324.0, 810324.0, 810324.0, 810324.0, 810324.0, 810324.0, 810324.0, 810324.0, 810324.0, 810324.0, 810324.0, 810324.0, 810324.0, 810324.0, 810324.0, 810324.0, 810324.0, 810324.0, 810324.0, 810324.0, 810324.0, 810324.0, 810324.0, 810324.0, 810324.0, 810324.0, 810324.0, 810324.0, 810324.0, 810324.0, 810324.0, 810324.0, 810324.0, 810324.0, 810324.0, 810324.0, 810324.0, 810324.0, 810324.0, 810324.0, 810324.0, 810324.0, 810324.0, 810324.0, 810324.0, 810324.0, 810324.0, 810324.0, 810324.0, 810324.0, 810324.0, 810324.0, 810324.0, 810324.0, 810324.0, 810324.0, 810324.0, 810324.0, 810324.0, 810324.0, 810324.0, 810324.0, 810324.0, 810324.0, 810324.0, 810324.0, 810324.0, 810324.0, 810324.0, 810324.0, 810324.0, 810324.0, 810324.0, 810324.0, 810324.0, 810324.0, 810324.0, 810324.0, 810324.0, 810324.0, 810324.0, 810324.0, 810324.0, 810324.0, 810324.0, 810324.0, 810324.0, 810324.0, 810324.0, 810324.0, 810324.0, 810324.0, 810324.0, 810324.0, 810324.0, 810324.0, 810324.0, 810324.0, 810324.0, 810324.0, 810324.0, 810324.0, 810324.0, 810324.0, 810324.0, 810324.0, 810324.0, 810324.0, 810324.0, 810324.0, 810141.8365927213, 810141.8365927213, 810141.8365927213, 810141.8365927213, 810141.8365927213, 810141.8365927213, 810141.8365927213, 810141.8365927213, 810141.8365927213, 810141.8365927213, 810141.8365927213, 810141.8365927213, 810141.8365927213, 810141.8365927213, 810141.8365927213, 810141.8365927213, 810141.8365927213, 810141.8365927213, 810141.8365927213, 810141.8365927213, 810141.8365927213, 810141.8365927213, 810141.8365927213, 810141.8365927213, 810141.8365927213, 810141.8365927213, 810141.8365927213, 810141.8365927213, 810141.8365927213, 810141.8365927213, 810141.8365927213, 810141.8365927213, 810141.8365927213, 810141.8365927213, 810141.8365927213, 810141.8365927213, 808856.1330492717, 808856.1330492717, 808970.215930468, 808970.215930468, 808970.215930468, 809920.3438055576, 810324.0, 810324.0, 810324.0, 810324.0, 810324.0, 810324.0, 810324.0, 810324.0, 810324.0, 810324.0, 810324.0, 810324.0, 810324.0, 810324.0, 810324.0, 810324.0, 810324.0, 810324.0, 810324.0, 810324.0, 810324.0, 810324.0, 810324.0, 810324.0, 810324.0, 810324.0, 810324.0, 810324.0, 810324.0, 810324.0, 810324.0, 810324.0, 810324.0, 810324.0, 810324.0, 810324.0, 810324.0, 810324.0, 810324.0, 810324.0, 810324.0, 810324.0, 810324.0, 810324.0, 810324.0, 810324.0, 810324.0, 810324.0, 810324.0, 810324.0, 810324.0, 810324.0, 810324.0, 810324.0, 810324.0, 810324.0, 810324.0, 810324.0, 810324.0, 810324.0, 810324.0, 810324.0, 810324.0, 810324.0, 810324.0, 810324.0, 810324.0, 810324.0, 810324.0, 810324.0, 810324.0, 810324.0, 810324.0, 810324.0, 810324.0, 810324.0, 810324.0, 810324.0, 810324.0, 810324.0, 810324.0, 810324.0, 810324.0, 810324.0, 810324.0, 810324.0, 810324.0, 810324.0, 810324.0, 810324.0, 810324.0, 810324.0, 810324.0, 810324.0, 810324.0, 810324.0, 810324.0, 810324.0, 810324.0, 810324.0, 810324.0, 810324.0, 810324.0, 810324.0, 810324.0, 810324.0, 810324.0, 810324.0, 810324.0, 810324.0, 810324.0, 810324.0, 810324.0, 810324.0, 810324.0, 810324.0, 810324.0, 810324.0, 810324.0, 810324.0, 810324.0, 810324.0, 810324.0, 810324.0, 810324.0, 810324.0, 810324.0, 810324.0, 810324.0, 810324.0, 810324.0, 810324.0, 810324.0, 810324.0, 810324.0, 810324.0, 810324.0, 810324.0, 810324.0, 810324.0, 810080.397935933, 810080.397935933, 810080.397935933, 810080.397935933, 810080.397935933, 810080.397935933, 810080.397935933, 810080.397935933, 810080.397935933, 810080.397935933, 810080.397935933, 810080.397935933, 810080.397935933, 810080.397935933, 810080.397935933, 810080.397935933, 810080.397935933, 810080.397935933, 810080.397935933, 810080.397935933, 810080.397935933, 810080.397935933, 810080.397935933, 810080.397935933, 810080.397935933, 810080.397935933, 810080.397935933, 810080.397935933, 810080.397935933, 810080.397935933, 810080.397935933, 810080.397935933, 810080.397935933, 810324.0, 810324.0, 810324.0, 810324.0, 810324.0, 810324.0, 810324.0, 810324.0, 810324.0, 810324.0, 810324.0, 810324.0, 810324.0, 810324.0, 810324.0, 810324.0, 810324.0, 810324.0, 810324.0, 810324.0, 810324.0, 810324.0, 810324.0, 810324.0, 810324.0, 810324.0, 810324.0, 810324.0, 810324.0, 810324.0, 810324.0, 810324.0, 810324.0, 810324.0, 810324.0, 810324.0, 810324.0, 810324.0, 810324.0, 810324.0, 810324.0, 810324.0, 810324.0, 810324.0, 810324.0, 810324.0, 810324.0, 810324.0, 810324.0, 810324.0, 810324.0, 810324.0, 810324.0, 810324.0, 810324.0, 810324.0, 810324.0, 810324.0, 810324.0, 810324.0, 810324.0, 810324.0, 810324.0, 810324.0, 810324.0, 810324.0, 810324.0, 810324.0, 810324.0, 810324.0, 810324.0, 810324.0, 810324.0, 810324.0, 810324.0, 810324.0, 810324.0, 810324.0, 810324.0, 810324.0, 810324.0, 810324.0, 810324.0, 810324.0, 810324.0, 810324.0, 810324.0, 810324.0, 810324.0, 810324.0, 810324.0, 810324.0, 810324.0, 810324.0, 810324.0, 810324.0, 810324.0, 810324.0, 810324.0, 810324.0, 810324.0, 810324.0, 810324.0, 810324.0, 810324.0, 810324.0, 810324.0, 810324.0, 810324.0, 810324.0, 810324.0, 810324.0, 810324.0, 810324.0, 810324.0, 810324.0, 810324.0, 810324.0, 810324.0, 810324.0, 810324.0, 810324.0, 810324.0, 810324.0, 810324.0, 810324.0, 810324.0, 810324.0, 810324.0, 810324.0, 810324.0, 810324.0, 810324.0, 810324.0, 810324.0, 810324.0, 810324.0, 810324.0, 810324.0, 810324.0, 810324.0, 810324.0, 810324.0, 810324.0, 810324.0, 810324.0, 810324.0, 810324.0, 810324.0, 810324.0, 810324.0, 810324.0, 810324.0, 810324.0, 810324.0, 810324.0, 810324.0, 810324.0, 810324.0, 810324.0, 810324.0, 810324.0, 810324.0, 810324.0, 810324.0, 810324.0, 810324.0, 810324.0, 810324.0, 810324.0, 810324.0, 810324.0, 810324.0, 810324.0, 810324.0, 810324.0, 810324.0, 810324.0, 810324.0, 810324.0, 810324.0, 810324.0, 810324.0, 810324.0, 810324.0, 810324.0, 810324.0, 810324.0, 810324.0, 810324.0, 810324.0, 810324.0, 810324.0, 810324.0, 808718.1389295857, 808718.1389295857, 808718.1389295857, 808718.1389295857, 808718.1389295857, 808718.1389295857, 808718.1389295857, 808718.1389295857, 808718.1389295857, 808718.1389295857, 808718.1389295857, 808718.1389295857, 808718.1389295857, 808718.1389295857, 808718.1389295857, 808718.1389295857, 808718.1389295857, 808718.1389295857, 808718.1389295857, 808718.1389295857, 808718.1389295857, 808718.1389295857, 808718.1389295857, 808718.1389295857, 808718.1389295857, 808718.1389295857, 808718.1389295857, 808718.1389295857, 808718.1389295857, 808718.1389295857, 808718.1389295857, 808718.1389295857, 808718.1389295857, 808718.1389295857, 808718.1389295857, 808718.1389295857, 808718.1389295857, 810324.0, 810324.0, 810324.0, 810324.0, 810324.0, 810324.0, 810324.0, 810324.0, 810324.0, 810324.0, 810324.0, 810324.0, 810324.0, 810324.0, 810324.0, 810324.0, 810324.0, 810324.0, 810324.0, 810324.0, 810324.0, 810324.0, 810324.0, 810324.0, 810324.0, 810324.0, 810324.0, 810324.0, 810324.0, 810324.0, 810324.0, 810324.0, 810324.0, 810324.0, 810324.0, 810324.0, 810324.0, 810324.0, 810324.0, 810324.0, 810324.0, 810324.0, 810324.0, 810324.0, 810324.0, 810324.0, 810324.0, 810324.0, 810324.0, 810324.0, 810324.0, 810324.0, 810324.0, 810324.0, 810324.0, 
30240.4902927694, 30240.4902927694, 10406.128565469013, 10393.352271298145, 10393.352271298145, 10393.352271298145, 10393.352271298145, 10393.352271298145, 9323.964075195081, 4773.503568582254, 4683.181233998348, 4683.181233998348, 4683.181233998348, 4683.181233998348, 3081.63143157327, 2651.6083661482944, 2651.6083661482944, 2479.026129509441, 2286.9997788859655, 2099.8275996675397, 1167.9074172936669, 1167.9074172936669, 1167.9074172936669, 692.1901806445774, 427.2105669022172, 343.4878869823396, 343.4878869823396, 341.5781630727956, 341.5781630727956, 341.5781630727956, 341.5781630727956, 341.5781630727956, 341.5781630727956, 341.5781630727956, 341.5781630727956, 341.5781630727956, 341.5781630727956, 274.1686185761191, 274.1686185761191, 274.1686185761191, 274.1686185761191, 203.64571579841413, 203.64571579841413, 189.8355234615696, 155.62939778781615, 155.62939778781615, 138.81920720943137, 138.81920720943137, 138.81920720943137, 138.81920720943137, 138.81920720943137, 138.81920720943137, 138.81920720943137, 104.20502101420564, 104.20502101420564, 104.20502101420564, 104.20502101420564, 85.18795008257952, 85.18795008257952, 85.18795008257952, 56.84286119241857, 56.84286119241857, 56.84286119241857, 56.84286119241857, 56.84286119241857, 56.84286119241857, 56.84286119241857, 56.84286119241857, 56.84286119241857, 56.84286119241857, 56.84286119241857, 56.84286119241857, 55.90553319065386, 51.155599135812096, 35.33461610619475, 28.069076673327864, 28.069076673327864, 28.069076673327864, 28.069076673327864, 28.069076673327864, 28.069076673327864, 28.069076673327864, 28.069076673327864, 28.069076673327864, 24.32231436985571, 24.32231436985571, 24.32231436985571, 24.32231436985571, 24.32231436985571, 24.32231436985571, 24.32231436985571, 241541.73862543318, 216873.21738747638, 216873.21738747638, 216873.21738747638, 249462.8663089327, 324529.58216872934, 324529.58216872934, 324529.58216872934, 380337.2103982008, 380337.2103982008, 380337.2103982008, 380337.2103982008, 385014.98851232894, 496747.10616380343, 496747.10616380343, 607966.9153343278, 607966.9153343278, 607966.9153343278, 607966.9153343278, 607966.9153343278, 622027.6072851933, 622027.6072851933, 677621.7957349939, 685071.0502692536, 735960.5646045106, 773595.5644012814, 773595.5644012814, 791952.563829437, 801358.9770825898, 801358.9770825898, 810324.0, 810324.0, 810324.0, 810324.0, 810324.0, 810324.0, 810324.0, 810324.0, 810324.0, 810324.0, 810324.0, 810324.0, 810324.0, 810324.0, 810324.0, 810324.0, 810324.0, 810324.0, 810324.0, 810324.0, 810324.0, 810324.0, 810324.0, 810324.0, 810324.0, 810324.0, 810324.0, 810324.0, 810324.0, 810324.0, 810324.0, 810324.0, 810324.0, 810324.0, 810324.0, 810324.0, 810324.0, 810324.0, 810324.0, 810324.0, 810324.0, 810324.0, 810324.0, 810324.0, 810324.0, 810324.0, 810324.0, 810324.0, 810324.0, 810324.0, 810324.0, 810324.0, 810324.0, 810324.0, 810324.0, 810324.0, 810324.0, 810324.0, 810324.0, 810324.0, 810324.0, 810324.0, 810324.0, 810324.0, 810324.0, 810324.0, 810324.0, 810324.0, 810324.0, 810324.0, 810324.0, 810324.0, 810324.0, 810324.0, 810324.0, 810324.0, 810324.0, 810324.0, 810324.0, 810324.0, 810324.0, 810324.0, 810324.0, 810324.0, 810324.0, 810324.0, 810324.0, 810324.0, 810324.0, 810324.0, 810324.0, 810324.0, 810324.0, 810324.0, 810324.0, 810324.0, 810324.0, 810324.0, 810324.0, 810324.0, 810324.0, 810324.0, 810324.0, 810324.0, 810324.0, 810324.0, 810324.0, 810324.0, 810324.0, 810324.0, 810324.0, 810324.0, 810324.0, 810324.0, 810324.0, 810324.0, 810324.0, 810324.0, 810324.0, 810324.0, 810324.0, 810324.0, 810324.0, 810324.0, 810324.0, 810324.0, 810324.0, 810324.0, 810324.0, 810324.0, 810324.0, 810324.0, 810324.0, 810324.0, 810324.0, 810324.0, 810324.0, 810324.0, 810324.0, 810324.0, 810324.0, 810324.0, 810324.0, 810324.0, 810324.0, 810324.0, 810324.0, 810324.0, 810324.0, 810324.0, 810324.0, 810324.0, 810324.0, 810324.0, 810324.0, 810324.0, 810324.0, 810324.0, 810324.0, 810324.0, 810324.0, 810324.0, 810324.0, 810324.0, 810324.0, 810324.0, 810324.0, 810324.0, 810324.0, 810324.0, 810324.0, 810324.0, 810324.0, 810324.0, 810324.0, 810324.0, 810324.0, 810324.0, 810324.0, 810324.0, 810324.0, 810324.0, 810324.0, 810324.0, 810324.0, 810324.0, 810324.0, 810324.0, 810324.0, 810324.0, 810324.0, 810324.0, 810324.0, 810324.0, 810324.0, 810324.0, 810324.0, 810324.0, 810324.0, 810324.0, 810324.0, 810324.0, 810324.0, 810324.0, 810324.0, 810324.0, 810324.0, 810324.0, 810324.0, 810324.0, 810324.0, 810324.0, 810324.0, 810324.0, 810324.0, 810324.0, 810324.0, 810324.0, 810324.0, 810324.0, 810324.0, 810324.0, 810324.0, 810324.0, 810324.0, 810324.0, 810324.0, 810324.0, 810324.0, 810324.0, 810324.0, 810324.0, 810324.0, 810324.0, 810324.0, 810324.0, 810324.0, 810324.0, 810324.0, 810324.0, 810324.0, 810324.0, 810324.0, 810324.0, 810324.0, 810324.0, 810324.0, 810324.0, 810324.0, 810324.0, 810324.0, 810324.0, 810324.0, 810324.0, 810324.0, 810324.0, 810324.0, 810324.0, 810324.0, 810324.0, 810324.0, 810324.0, 810324.0, 810324.0, 810324.0, 810324.0, 810324.0, 810324.0, 810324.0, 810324.0, 810324.0, 810324.0, 810324.0, 810324.0, 810324.0, 810324.0, 810324.0, 810324.0, 810324.0, 810324.0, 810324.0, 810324.0, 810324.0, 810324.0, 810324.0, 810324.0, 810324.0, 810324.0, 810324.0, 810324.0, 810324.0, 810324.0, 810324.0, 810324.0, 810324.0, 810324.0, 810324.0, 810324.0, 810324.0, 810324.0, 810324.0, 810324.0, 810324.0, 810324.0, 810324.0, 810324.0, 810324.0, 810324.0, 810324.0, 810324.0, 810324.0, 810324.0, 810324.0, 810324.0, 810324.0, 810324.0, 810324.0, 810324.0, 810324.0, 810324.0, 810324.0, 810324.0, 810324.0, 810324.0, 810324.0, 810324.0, 810324.0, 810324.0, 810324.0, 810324.0, 810324.0, 810324.0, 810324.0, 810324.0, 810324.0, 810324.0, 810324.0, 810324.0, 810324.0, 810324.0, 810324.0, 810324.0, 810324.0, 810324.0, 810324.0, 810324.0, 810324.0, 810324.0, 810324.0, 810324.0, 810324.0, 810324.0, 810324.0, 810324.0, 810324.0, 810324.0, 810324.0, 810324.0, 810324.0, 810324.0, 810324.0, 810324.0, 810324.0, 810324.0, 810324.0, 810324.0, 810324.0, 810324.0, 810324.0, 810324.0, 810324.0, 810324.0, 810324.0, 810324.0, 810324.0, 810324.0, 810324.0, 810324.0, 810324.0, 810324.0, 810324.0, 810324.0, 810324.0, 810324.0, 810324.0, 810324.0, 810324.0, 810324.0, 810324.0, 810324.0, 810324.0, 810324.0, 810324.0, 810324.0, 810324.0, 810324.0, 810324.0, 810324.0, 810324.0, 810324.0, 810324.0, 810324.0, 810324.0, 810324.0, 810324.0, 810324.0, 810324.0, 810324.0, 810324.0, 810324.0, 810324.0, 810324.0, 810324.0, 810324.0, 810324.0, 810324.0, 810324.0, 810324.0, 810324.0, 810324.0, 810324.0, 810324.0, 810324.0, 810324.0, 810324.0, 810324.0, 810324.0, 810324.0, 810324.0, 810324.0, 810324.0, 810324.0, 810324.0, 810324.0, 810324.0, 810324.0, 810324.0, 810324.0, 810324.0, 810324.0, 810324.0, 810324.0, 810324.0, 810324.0, 810324.0, 810324.0, 810324.0, 810324.0, 810324.0, 810324.0, 810324.0, 810324.0, 810324.0, 810324.0, 810324.0, 810324.0, 810324.0, 810324.0, 810324.0, 810324.0, 810324.0, 810324.0, 810324.0, 810324.0, 810324.0, 810324.0, 810324.0, 810324.0, 810324.0, 807451.4269750605, 807451.4269750605, 807451.4269750605, 807451.4269750605, 807451.4269750605, 807451.4269750605, 807451.4269750605, 807451.4269750605, 807451.4269750605, 807451.4269750605, 807451.4269750605, 807451.4269750605, 807451.4269750605, 807451.4269750605, 807451.4269750605, 807451.4269750605, 807451.4269750605, 807451.4269750605, 807451.4269750605, 807451.4269750605, 807451.4269750605, 807451.4269750605, 807451.4269750605, 807451.4269750605, 807451.4269750605, 807451.4269750605, 807451.4269750605, 807451.4269750605, 807451.4269750605, 810324.0, 810324.0, 810324.0, 810324.0, 810324.0, 810324.0, 810324.0, 810324.0, 810324.0, 810324.0, 810324.0, 810324.0, 810324.0, 810324.0, 810324.0, 810324.0, 810324.0, 810324.0, 810324.0, 810324.0, 810324.0, 810324.0, 810324.0, 810324.0, 810324.0, 810324.0, 810324.0, 810324.0, 810324.0, 810324.0, 810324.0, 810324.0, 810324.0, 810324.0, 810324.0, 810324.0, 810324.0, 810324.0, 810324.0, 810324.0, 810324.0, 810324.0, 810324.0, 810324.0, 810324.0, 810324.0, 810324.0, 810324.0, 810324.0, 810324.0, 810324.0, 810324.0, 810324.0, 810324.0, 810324.0, 810324.0, 810324.0, 810324.0, 810324.0, 810324.0, 810324.0, 810324.0, 809153.0611399122, 809153.0611399122, 809153.0611399122, 809153.0611399122, 809153.0611399122, 809153.0611399122, 809153.0611399122, 809153.0611399122, 809153.0611399122, 809153.0611399122, 809153.0611399122, 809153.0611399122, 809153.0611399122, 809153.0611399122, 809153.0611399122, 809153.0611399122, 809153.0611399122, 809153.0611399122, 809153.0611399122, 809153.0611399122, 809153.0611399122, 809153.0611399122, 809153.0611399122, 809153.0611399122, 809153.0611399122, 809153.0611399122, 809153.0611399122, 809153.0611399122, 809153.0611399122, 809153.0611399122, 809153.0611399122, 809153.0611399122, 809153.0611399122, 809153.0611399122, 809153.0611399122, 809153.0611399122, 809153.0611399122, 809153.0611399122, 809153.0611399122, 809153.0611399122, 810324.0, 810324.0, 810324.0, 810324.0, 810324.0, 810324.0, 810324.0, 810324.0, 810324.0, 810324.0, 810324.0, 810324.0, 810324.0, 810324.0, 810324.0, 810324.0, 810324.0, 810324.0, 810324.0, 810324.0, 810324.0, 810324.0, 810324.0, 810324.0, 810324.0, 810324.0, 810324.0, 810324.0, 810324.0, 810324.0, 810324.0, 810324.0, 810324.0, 810324.0, 810324.0, 810324.0, 810324.0, 810324.0, 810324.0, 810324.0, 810324.0, 810324.0, 810324.0, 810324.0, 810324.0, 810324.0, 810324.0, 810324.0, 810324.0, 810324.0, 810324.0, 810324.0, 810324.0, 810324.0, 810324.0, 810324.0, 810324.0, 810324.0, 810324.0, 810324.0, 810324.0, 810324.0, 810324.0, 810324.0, 810324.0, 810324.0, 810324.0, 810324.0, 810324.0, 810324.0, 810324.0, 810324.0, 810324.0, 810324.0, 810324.0, 810324.0, 810324.0, 810324.0, 810324.0, 810324.0, 810324.0, 810324.0, 810324.0, 810324.0, 810324.0, 810324.0, 810324.0, 810324.0, 810324.0, 810324.0, 810324.0, 810324.0, 810324.0, 810324.0, 810324.0, 810324.0, 810324.0, 810324.0, 810324.0, 810324.0, 810324.0, 810324.0, 810324.0, 810324.0, 810324.0, 810324.0, 810324.0, 810324.0, 810324.0, 810324.0, 810324.0, 810324.0, 810324.0, 810324.0, 810324.0, 810324.0, 810324.0, 810324.0, 810324.0, 810324.0, 810324.0, 810324.0, 810324.0, 810324.0, 810324.0, 810324.0, 810324.0, 810324.0, 810324.0, 810324.0, 810324.0, 810324.0, 810324.0, 810324.0, 810324.0, 810324.0, 810324.0, 810324.0, 810324.0, 810324.0, 810324.0, 810324.0, 810324.0, 810324.0, 810324.0, 810324.0, 810324.0, 810324.0, 810324.0, 810324.0, 810324.0, 810324.0, 810324.0, 810324.0, 810324.0, 810324.0, 810324.0, 810324.0, 810324.0, 810324.0, 810324.0, 810324.0, 810324.0, 810324.0, 810324.0, 810324.0, 810324.0, 810324.0, 810324.0, 810324.0, 810324.0, 810324.0, 810324.0, 810324.0, 810324.0, 810324.0, 810324.0, 810324.0, 810324.0, 810324.0, 810324.0, 810324.0, 810324.0, 810324.0, 810324.0, 810324.0, 810324.0, 810324.0, 810324.0, 810324.0, 810324.0, 810324.0, 810324.0, 810324.0, 810324.0, 810324.0, 810324.0, 810324.0, 810324.0, 810324.0, 810324.0, 810324.0, 810324.0, 810324.0, 810324.0, 810324.0, 810324.0, 810324.0, 810324.0, 810324.0, 810324.0, 810324.0, 810324.0, 810324.0, 810324.0, 810324.0, 810324.0, 810324.0, 810324.0, 810324.0, 810324.0, 810324.0, 810324.0, 810324.0, 810324.0, 810324.0, 810324.0, 810324.0, 810324.0, 810324.0, 810324.0, 810324.0, 809749.9688921333, 809749.9688921333, 809749.9688921333, 809749.9688921333, 809749.9688921333, 809749.9688921333, 809749.9688921333, 809749.9688921333, 809749.9688921333, 809749.9688921333, 809749.9688921333, 809749.9688921333, 809749.9688921333, 809749.9688921333, 809749.9688921333, 809749.9688921333, 809749.9688921333, 809749.9688921333, 809749.9688921333, 809749.9688921333, 809749.9688921333, 809749.9688921333, 809749.9688921333, 809749.9688921333, 809749.9688921333, 809749.9688921333, 809749.9688921333, 809749.9688921333, 809749.9688921333, 809749.9688921333, 809749.9688921333, 809749.9688921333, 809749.9688921333, 809749.9688921333, 809749.9688921333, 809749.9688921333, 809749.9688921333, 809749.9688921333, 809749.9688921333, 809749.9688921333, 809749.9688921333, 809749.9688921333, 810294.4046830151, 810294.4046830151, 810294.4046830151, 810294.4046830151, 809389.1747045934, 809389.1747045934, 809389.1747045934, 809389.1747045934, 809389.1747045934, 809389.1747045934, 809389.1747045934, 809389.1747045934, 809389.1747045934, 809389.1747045934, 809389.1747045934, 809389.1747045934, 809389.1747045934, 809389.1747045934, 809389.1747045934, 809389.1747045934, 809389.1747045934, 809389.1747045934, 809389.1747045934, 809389.1747045934, 809389.1747045934, 809389.1747045934, 809389.1747045934, 809389.1747045934, 809389.1747045934, 809389.1747045934, 809389.1747045934, 809389.1747045934, 809389.1747045934, 809389.1747045934, 809389.1747045934, 809389.1747045934, 809389.1747045934, 809389.1747045934, 809389.1747045934, 809389.1747045934, 809389.1747045934, 809389.1747045934, 809389.1747045934, 809389.1747045934, 809969.0020622847, 809980.3417299378, 809980.3417299378, 810053.290655433, 810053.290655433, 810053.290655433, 810053.290655433, 810053.290655433, 810053.290655433, 810053.290655433, 810053.290655433, 810053.290655433, 810053.290655433, 810053.290655433, 810053.290655433, 810053.290655433, 810053.290655433, 810053.290655433, 810053.290655433, 810053.290655433, 810053.290655433, 810053.290655433, 810053.290655433, 810053.290655433, 810053.290655433, 810053.290655433, 810053.290655433, 810053.290655433, 810053.290655433, 810053.290655433, 810053.290655433, 810053.290655433, 810053.290655433, 810053.290655433, 810053.290655433, 810053.290655433, 810053.290655433, 810053.290655433, 810324.0, 810324.0, 810324.0, 810324.0, 810324.0, 810324.0, 810324.0, 810324.0, 810324.0, 810324.0, 810324.0, 810324.0, 810324.0, 810324.0, 810324.0, 810324.0, 810324.0, 810324.0, 810324.0, 810324.0, 810324.0, 810324.0, 810324.0, 810324.0, 810324.0, 810324.0, 810324.0, 810324.0, 810324.0, 810324.0, 810324.0, 810324.0, 810324.0, 810324.0, 810324.0, 810324.0, 810324.0, 810324.0, 810324.0, 810324.0, 810324.0, 810324.0, 810324.0, 810324.0, 810324.0, 810324.0, 810324.0, 810324.0, 810324.0, 810324.0, 810324.0, 810324.0, 810324.0, 810324.0, 810324.0, 810324.0, 810324.0, 810324.0, 810324.0, 810324.0, 810324.0, 810324.0, 810324.0, 810324.0, 810324.0, 810324.0, 810324.0, 810324.0, 810324.0, 810324.0, 810324.0, 810324.0, 810324.0, 810324.0, 810324.0, 810324.0, 810324.0, 810324.0, 810324.0, 810324.0, 810324.0, 810324.0, 810324.0, 810324.0, 810324.0, 810324.0, 810324.0, 810324.0, 810324.0, 810324.0, 810324.0, 810324.0, 810324.0, 810324.0, 810324.0, 810324.0, 810324.0, 810324.0, 810324.0, 810324.0, 810324.0, 810324.0, 810324.0, 810324.0, 810324.0, 810324.0, 810324.0, 810324.0, 810324.0, 810324.0, 810324.0, 810324.0, 810324.0, 810324.0, 810324.0, 810324.0, 810324.0, 810324.0, 810324.0, 810324.0, 810324.0, 810324.0, 810324.0, 810324.0, 810324.0, 810324.0, 810324.0, 810324.0, 810324.0, 810324.0, 810324.0, 810324.0, 810324.0, 810324.0, 810324.0, 810324.0, 810324.0, 810324.0, 810324.0, 810324.0, 810324.0, 810324.0, 810324.0, 810324.0, 810324.0, 810324.0, 810324.0, 810324.0, 810324.0, 810324.0, 810324.0, 810324.0, 810324.0, 810324.0, 810324.0, 810324.0, 810324.0, 810324.0, 810324.0, 810324.0, 810324.0, 810324.0, 810324.0, 810324.0, 810324.0, 810324.0, 810324.0, 810324.0, 810324.0, 810324.0, 810324.0, 810324.0, 810324.0, 810324.0, 810324.0, 810324.0, 810324.0, 810324.0, 810324.0, 810324.0, 810324.0, 810324.0, 810324.0, 810324.0, 810324.0, 810324.0, 810324.0, 810324.0, 810324.0, 810324.0, 810324.0, 810324.0, 810324.0, 810324.0, 810324.0, 810324.0, 810324.0, 810324.0, 810324.0, 810324.0, 810324.0, 810324.0, 810324.0, 810324.0, 810324.0, 810324.0, 810324.0, 810324.0, 810324.0, 810324.0, 810324.0, 810324.0, 810324.0, 810324.0, 810324.0, 810324.0, 810324.0, 810324.0, 810324.0, 810324.0, 810324.0, 810324.0, 810324.0, 810324.0, 810324.0, 810324.0, 810324.0, 810324.0, 810324.0, 810324.0, 810324.0, 810324.0, 810324.0, 810324.0, 810324.0, 810324.0, 810324.0, 810324.0, 810324.0, 810324.0, 810324.0, 810324.0, 810324.0, 810324.0, 810324.0, 810324.0, 810324.0, 810324.0, 810324.0, 810324.0, 810324.0, 810324.0, 810324.0, 810324.0, 810324.0, 810324.0, 810324.0, 810324.0, 810324.0, 810324.0, 810324.0, 810324.0, 810324.0, 810324.0, 810324.0, 810324.0, 810324.0, 810324.0, 810324.0, 810324.0, 810324.0, 810324.0, 810324.0, 810324.0, 810324.0, 810324.0, 810324.0, 810324.0, 810324.0, 810324.0, 810324.0, 810324.0, 810324.0, 810324.0, 810324.0, 810324.0, 810324.0, 810324.0, 810324.0, 810324.0, 810324.0, 810324.0, 810324.0, 810324.0, 810324.0, 810324.0, 810324.0, 810324.0, 810324.0, 810324.0, 810324.0, 810324.0, 810324.0, 810324.0, 810324.0, 810324.0, 810324.0, 810324.0, 810324.0, 810324.0, 810324.0, 810324.0, 810324.0, 810324.0, 810324.0, 810324.0, 810324.0, 810324.0, 810324.0, 810324.0, 810324.0, 810324.0, 810324.0, 810324.0, 810324.0, 810324.0, 810324.0, 810324.0, 810324.0, 810324.0, 810324.0, 810324.0, 810324.0, 810324.0, 810324.0, 810324.0, 810324.0, 810324.0, 810324.0, 810324.0, 810324.0, 810324.0, 810324.0, 810324.0, 810324.0, 810324.0, 810324.0, 810324.0, 810324.0, 810324.0, 810324.0, 810324.0, 810324.0, 810324.0, 810324.0, 810324.0, 810324.0, 810324.0, 810324.0, 810324.0, 810324.0, 810324.0, 810324.0, 810324.0, 810324.0, 810324.0, 810324.0, 810324.0, 810324.0, 810324.0, 810324.0, 810324.0, 810324.0, 810324.0, 810324.0, 810324.0, 810324.0, 810324.0, 810324.0, 810324.0, 810324.0, 810324.0, 810324.0, 810324.0, 810324.0, 810324.0, 810324.0, 810324.0, 810324.0, 810324.0, 810324.0, 810324.0, 810324.0, 810324.0, 810324.0, 810324.0, 810324.0, 810324.0, 810324.0, 810324.0, 810324.0, 810324.0, 810324.0, 810324.0, 810324.0, 810324.0, 810324.0, 810324.0, 810324.0, 810324.0, 810324.0, 810324.0, 810324.0, 810324.0, 810324.0, 810324.0, 810324.0, 810324.0, 810324.0, 810324.0, 810324.0, 810324.0, 810324.0, 810324.0, 810324.0, 810324.0, 810324.0, 810324.0, 810324.0, 810324.0, 810324.0, 810324.0, 810324.0, 810324.0, 810324.0, 810324.0, 810324.0, 810324.0, 810324.0, 810324.0, 810324.0, 810324.0, 810324.0, 810324.0, 810324.0, 810324.0, 810324.0, 810324.0, 810324.0, 810324.0, 810324.0, 810324.0, 810324.0, 810324.0, 810324.0, 810324.0, 810324.0, 810324.0, 810324.0, 810324.0, 810324.0, 810324.0, 810324.0, 810324.0, 810324.0, 810324.0, 810324.0, 810324.0, 810324.0, 810324.0, 810324.0, 810324.0, 810324.0, 810324.0, 810324.0, 810324.0, 810324.0, 810324.0, 810324.0, 810324.0, 810324.0, 810324.0, 810324.0, 810324.0, 810324.0, 810324.0, 810324.0, 810324.0, 810324.0, 810324.0, 810324.0, 810324.0, 810324.0, 810324.0, 810324.0, 810324.0, 810324.0, 810324.0, 810324.0, 810324.0, 810324.0, 810324.0, 810324.0, 810324.0, 810324.0, 810324.0, 810324.0, 810324.0, 810324.0, 810324.0, 810324.0, 810324.0, 810324.0, 810324.0, 810324.0, 810324.0, 810324.0, 810324.0, 810324.0, 810324.0, 810324.0, 810324.0, 810324.0, 810324.0, 810324.0, 810324.0, 810324.0, 810324.0, 810324.0, 810324.0, 810324.0, 810324.0, 810324.0, 810324.0, 810324.0, 810324.0, 810324.0, 810324.0, 810324.0, 810324.0, 810324.0, 810324.0, 810324.0, 810324.0, 810324.0, 810324.0, 810324.0, 810324.0, 810324.0, 810324.0, 810324.0, 810324.0, 810324.0, 810324.0, 810324.0, 810324.0, 810324.0, 810324.0, 810324.0, 810324.0, 810324.0, 810324.0, 810324.0, 810324.0, 810324.0, 810324.0, 810324.0, 810324.0, 810324.0, 810324.0, 810324.0, 810324.0, 810324.0, 810324.0, 810324.0, 810324.0, 810324.0, 810324.0, 810324.0, 810324.0, 810324.0, 810324.0, 810324.0, 810324.0, 810324.0, 810324.0, 810324.0, 810324.0, 810324.0, 810324.0, 810324.0, 810324.0, 810324.0, 810324.0, 810324.0, 810324.0, 810324.0, 810324.0, 810324.0, 810324.0, 810324.0, 810324.0, 810324.0, 810324.0, 810324.0, 810324.0, 810324.0, 810324.0, 810324.0, 810324.0, 810324.0, 810324.0, 810324.0, 810324.0, 810324.0, 810324.0, 810324.0, 810324.0, 810324.0, 810324.0, 810324.0, 810324.0, 810324.0, 810324.0, 810324.0, 810324.0, 810324.0, 810324.0, 810324.0, 810324.0, 810324.0, 810324.0, 810324.0, 810324.0, 810324.0, 810324.0, 810324.0, 810324.0, 810324.0, 810324.0, 810324.0, 810324.0, 810324.0, 810324.0, 810324.0, 810324.0, 810324.0, 810324.0, 810324.0, 810324.0, 810324.0, 810324.0, 810324.0, 810324.0, 810324.0, 810324.0, 810324.0, 810324.0, 810324.0, 810324.0, 810324.0, 810324.0, 810324.0, 810324.0, 810324.0, 810324.0, 810324.0, 810324.0, 810324.0, 810324.0, 810324.0, 810324.0, 810324.0, 810324.0, 810324.0, 810324.0, 810324.0, 810324.0, 810324.0, 810324.0, 810324.0, 810324.0, 810324.0, 810324.0, 810324.0, 810324.0, 810324.0, 810324.0, 810324.0, 810324.0, 810324.0, 810324.0, 810324.0, 810324.0, 810324.0, 810324.0, 810324.0, 810324.0, 810324.0, 810324.0, 810324.0, 810324.0, 810324.0, 810324.0, 810324.0, 810324.0, 810324.0, 810324.0, 810324.0, 810324.0, 810324.0, 810324.0, 810324.0, 810324.0, 810324.0, 810324.0, 810324.0, 810324.0, 810324.0, 810324.0, 810324.0, 810324.0, 810324.0, 810324.0, 810324.0, 810324.0, 810324.0, 810324.0, 810324.0, 810324.0, 810324.0, 810324.0, 810324.0, 810324.0, 810324.0, 810324.0, 810324.0, 810324.0, 810324.0, 810324.0, 810324.0, 810324.0, 810324.0, 810324.0, 810324.0, 810324.0, 810324.0, 810324.0, 810324.0, 810324.0, 810324.0, 810324.0, 810324.0, 810324.0, 810324.0, 810324.0, 810324.0, 810324.0, 810324.0, 810324.0, 810324.0, 810324.0, 810324.0, 810324.0, 810324.0, 810324.0, 810324.0, 810324.0, 810324.0, 810324.0, 810324.0, 810324.0, 810324.0, 810324.0, 810324.0, 810324.0, 810324.0, 810324.0, 810324.0, 810324.0, 810324.0, 810324.0, 810324.0, 810324.0, 808419.1417976558, 808419.1417976558, 808419.1417976558, 808419.1417976558, 808419.1417976558, 808419.1417976558, 808419.1417976558, 808419.1417976558, 808419.1417976558, 808419.1417976558, 808419.1417976558, 808419.1417976558, 808419.1417976558, 808419.1417976558, 808419.1417976558, 808419.1417976558, 808419.1417976558, 808419.1417976558, 808419.1417976558, 808419.1417976558, 808419.1417976558, 808419.1417976558, 808419.1417976558, 808419.1417976558, 808419.1417976558, 808419.1417976558, 808419.1417976558, 808419.1417976558, 810212.2408919933, 810212.2408919933, 810212.2408919933, 810212.2408919933, 810212.2408919933, 810212.2408919933, 810324.0, 810324.0, 810324.0, 810324.0, 810324.0, 810324.0, 810324.0, 810324.0, 810324.0, 810324.0, 810324.0, 810324.0, 810324.0, 810324.0, 810324.0, 810324.0, 810324.0, 810324.0, 810324.0, 810324.0, 810324.0, 810324.0, 810324.0, 810324.0, 810324.0, 810324.0, 810324.0, 810324.0, 810324.0, 810324.0, 810324.0, 810324.0, 810324.0, 810324.0, 810324.0, 810324.0, 810324.0, 810324.0, 810324.0, 810324.0, 810324.0, 810324.0, 810324.0, 810324.0, 810324.0, 810324.0, 810324.0, 810324.0, 810324.0, 810324.0, 810324.0, 810324.0, 810324.0, 810324.0, 810324.0, 810324.0, 810324.0, 810324.0, 810324.0, 810324.0, 810324.0, 810324.0, 810324.0, 810324.0, 810324.0, 810324.0, 810324.0, 810324.0, 810324.0, 810324.0, 810324.0, 810324.0, 810324.0, 810324.0, 810324.0, 810324.0, 810324.0, 810324.0, 810324.0, 810324.0, 810324.0, 810324.0, 810324.0, 810324.0, 810324.0, 810324.0, 810324.0, 810324.0, 810324.0, 810324.0, 810324.0, 810324.0, 810324.0, 810324.0, 810324.0, 810324.0, 810324.0, 810324.0, 810324.0, 810324.0, 810324.0, 810324.0, 810324.0, 810324.0, 810324.0, 810324.0, 810324.0, 810324.0, 810324.0, 810324.0, 810324.0, 810324.0, 810324.0, 810324.0, 810324.0, 810324.0, 810324.0, 810324.0, 810324.0, 810324.0, 810324.0, 810324.0, 810324.0, 810324.0, 810324.0, 810324.0, 810324.0, 810324.0, 810324.0, 810324.0, 810324.0, 810324.0, 810324.0, 810324.0, 810324.0, 810324.0, 810324.0, 810324.0, 810324.0, 810324.0, 810324.0, 810324.0, 810324.0, 810324.0, 810324.0, 810324.0, 810324.0, 810324.0, 810324.0, 810324.0, 810324.0, 810324.0, 810324.0, 810324.0, 810324.0, 810324.0, 810324.0, 810324.0, 810324.0, 810324.0, 810324.0, 810324.0, 810324.0, 810324.0, 810324.0, 810324.0, 810324.0, 810324.0, 810324.0, 810324.0, 810324.0, 810324.0, 810324.0, 810324.0, 810324.0, 810324.0, 810324.0, 810324.0, 810324.0, 810324.0, 810324.0, 810324.0, 810324.0, 810324.0, 810324.0, 810324.0, 810324.0, 810324.0, 810324.0, 810324.0, 810324.0, 810324.0, 810324.0, 810324.0, 810324.0, 810324.0, 810324.0, 810324.0, 810324.0, 810324.0, 810324.0, 810324.0, 810324.0, 810324.0, 810324.0, 810324.0, 810324.0, 810324.0, 810324.0, 810324.0, 810324.0, 810324.0, 810324.0, 810324.0, 810324.0, 810324.0, 810324.0, 810324.0, 810324.0, 810324.0, 810324.0, 810324.0, 810324.0, 810324.0, 810324.0, 810324.0, 810324.0, 810324.0, 810324.0, 810324.0, 810324.0, 810324.0, 810324.0, 810324.0, 810324.0, 810324.0, 810324.0, 810324.0, 810324.0, 810324.0, 810324.0, 810324.0, 810324.0, 810324.0, 810324.0, 810324.0, 810324.0, 810324.0, 810324.0, 810324.0, 810324.0, 810324.0, 810324.0, 810324.0, 810324.0, 810324.0, 810324.0, 810324.0, 810324.0, 810324.0, 810324.0, 810324.0, 810324.0, 810324.0, 810324.0, 810324.0, 810324.0, 810324.0, 810324.0, 810324.0, 810324.0, 810324.0, 810324.0, 810324.0, 810324.0, 810324.0, 810324.0, 810324.0, 810324.0, 810324.0, 810324.0, 810324.0, 810324.0, 810324.0, 810324.0, 810324.0, 810324.0, 810324.0, 810324.0, 810324.0, 810324.0, 810324.0, 810324.0, 810324.0, 810324.0, 810324.0, 810324.0, 810324.0, 810324.0, 810324.0, 810324.0, 810324.0, 810324.0, 810324.0, 810324.0, 810324.0, 810324.0, 810324.0, 810324.0, 810324.0, 810324.0, 810324.0, 810324.0, 810324.0, 810324.0, 810324.0, 810324.0, 810324.0, 810324.0, 810324.0, 810324.0, 810324.0, 810324.0, 810324.0, 810324.0, 810324.0, 810324.0, 810324.0, 810324.0, 810324.0, 810324.0, 810324.0, 810324.0, 810324.0, 810324.0, 810324.0, 810324.0, 810324.0, 810324.0, 810324.0, 810324.0, 810324.0, 810324.0, 810324.0, 810324.0, 810324.0, 810324.0, 810324.0, 810324.0, 810324.0, 810324.0, 810324.0, 810324.0, 810324.0, 810324.0, 810324.0, 810324.0, 810324.0, 810324.0, 810324.0, 810324.0, 810324.0, 810324.0, 810324.0, 810324.0, 810324.0, 810324.0, 810324.0, 810324.0, 810324.0, 810324.0, 810324.0, 810324.0, 810324.0, 810324.0, 810324.0, 810324.0, 810324.0, 810324.0, 810324.0, 810324.0, 810324.0, 810324.0, 810324.0, 810324.0, 810324.0, 810324.0, 810324.0, 810324.0, 810324.0, 810324.0, 810324.0, 810324.0, 810324.0, 810324.0, 810324.0, 810324.0, 810324.0, 810324.0, 810324.0, 810324.0, 810324.0, 810324.0, 810324.0, 810324.0, 810324.0, 810324.0, 810324.0, 810324.0, 810324.0, 810324.0, 810324.0, 810324.0, 810324.0, 810324.0, 810324.0, 810324.0, 810324.0, 810324.0, 810324.0, 810324.0, 810324.0, 810324.0, 810324.0, 810324.0, 810324.0, 810324.0, 810324.0, 810324.0, 810324.0, 810324.0, 810324.0, 810324.0, 810324.0, 810324.0, 810324.0, 810324.0, 810324.0, 810324.0, 810324.0, 810324.0, 810324.0, 810324.0, 810324.0, 810324.0, 810324.0, 810324.0, 810324.0, 810324.0, 810324.0, 810324.0, 810324.0, 810324.0, 810324.0, 810324.0, 810324.0, 810324.0, 810324.0, 810324.0, 810324.0, 810324.0, 810324.0, 810324.0, 810324.0, 810324.0, 810324.0, 810324.0, 810324.0, 810324.0, 810324.0, 810324.0, 810324.0, 810324.0, 810324.0, 810324.0, 810324.0, 810324.0, 810324.0, 810324.0, 810324.0, 810324.0, 810324.0, 810324.0, 810324.0, 810324.0, 810324.0, 810324.0, 810324.0, 810324.0, 810324.0, 810324.0, 810324.0, 810324.0, 810324.0, 810324.0, 810324.0, 810324.0, 810324.0, 810324.0, 810324.0, 810324.0, 810324.0, 810324.0, 810324.0, 810324.0, 810324.0, 810324.0, 810324.0, 810324.0, 810324.0, 810324.0, 810324.0, 810324.0, 810324.0, 810324.0, 810324.0, 810324.0, 810324.0, 810324.0, 810324.0, 810324.0, 810324.0, 810324.0, 810324.0, 810324.0, 810324.0, 810324.0, 810324.0, 810324.0, 810324.0, 810324.0, 810324.0, 810324.0, 810324.0, 810324.0, 810324.0, 810324.0, 810324.0, 810324.0, 810324.0, 810324.0, 810324.0, 810324.0, 810324.0, 810324.0, 810324.0, 810324.0, 810324.0, 810324.0, 810324.0, 810324.0, 810324.0, 810324.0, 810324.0, 810324.0, 810324.0, 810324.0, 810324.0, 810324.0, 810324.0, 810324.0, 810324.0, 810324.0, 810324.0, 810324.0, 810324.0, 810324.0, 810324.0, 810324.0, 810324.0, 810324.0, 810324.0, 810324.0, 810324.0, 810324.0, 810324.0, 810324.0, 810324.0, 810324.0, 810324.0, 810324.0, 810324.0, 810324.0, 810324.0, 810324.0, 810324.0, 810324.0, 810324.0, 810324.0, 810324.0, 810324.0, 810324.0, 810324.0, 810324.0, 810324.0, 810324.0, 810324.0, 810324.0, 810324.0, 810324.0, 810324.0, 810324.0, 810324.0, 810324.0, 810324.0, 810324.0, 810324.0, 810324.0, 810324.0, 810324.0, 810324.0, 810324.0, 810324.0, 810324.0, 810324.0, 810324.0, 810324.0, 810324.0, 810324.0, 810324.0, 810324.0, 810324.0, 810324.0, 810324.0, 810324.0, 810324.0, 810324.0, 810324.0, 810324.0, 810324.0, 810324.0, 810324.0, 810324.0, 810324.0, 810324.0, 810324.0, 810324.0, 810324.0, 810324.0, 810324.0, 810324.0, 810324.0, 810324.0, 810324.0, 810324.0, 810324.0, 810324.0, 810324.0, 810324.0, 810324.0, 810324.0, 810324.0, 810324.0, 810324.0, 810324.0, 810324.0, 810324.0, 810324.0, 810324.0, 810324.0, 810324.0, 810324.0, 810324.0, 810324.0, 810324.0, 810324.0, 810324.0, 810324.0, 810324.0, 810324.0, 810324.0, 810324.0, 810324.0, 810324.0, 810324.0, 810324.0, 810324.0, 810324.0, 810324.0, 810324.0, 810324.0, 810324.0, 810324.0, 810324.0, 810324.0, 810324.0, 810324.0, 810324.0, 810324.0, 810324.0, 810324.0, 810324.0, 810324.0, 810324.0, 810324.0, 810324.0, 810324.0, 810324.0, 810324.0, 810324.0, 810324.0, 810324.0, 810324.0, 810324.0, 810324.0, 810324.0, 810324.0, 810324.0, 810324.0, 810324.0, 810324.0, 810324.0, 810324.0, 810324.0, 810324.0, 810324.0, 810324.0, 810324.0, 810324.0, 810324.0, 810324.0, 810324.0, 810324.0, 810324.0, 810324.0, 810324.0, 810324.0, 810324.0, 810324.0, 810324.0, 810324.0, 810324.0, 810324.0, 810324.0, 810324.0, 810324.0, 810324.0, 810324.0, 810324.0, 810324.0, 810324.0, 810324.0, 810324.0, 810324.0, 810324.0, 810324.0, 810324.0, 810324.0, 810324.0, 810324.0, 810324.0, 810324.0, 810324.0, 810324.0, 810324.0, 810324.0, 810324.0, 810324.0, 810324.0, 810324.0, 810324.0, 810324.0, 810324.0, 810324.0, 810324.0, 810324.0, 810324.0, 810324.0, 810324.0, 810324.0, 810324.0, 810324.0, 810324.0, 810324.0, 810324.0, 810324.0, 810324.0, 810324.0, 810324.0, 810324.0, 810324.0, 810324.0, 810324.0, 810324.0, 810324.0, 810324.0, 810324.0, 810324.0, 810324.0, 810324.0, 810324.0, 810324.0, 810324.0, 810324.0, 810324.0, 810324.0, 810324.0, 810324.0, 810324.0, 810324.0, 810324.0, 810324.0, 810324.0, 810324.0, 810324.0, 810324.0, 810324.0, 810324.0, 810324.0, 810324.0, 810324.0, 810324.0, 810324.0, 810324.0, 810324.0, 810324.0, 810324.0, 810324.0, 810324.0, 810324.0, 810324.0, 810324.0, 810324.0, 810324.0, 810324.0, 810324.0, 810324.0, 810324.0, 810324.0, 804655.2510949908, 804655.2510949908, 804655.2510949908, 804655.2510949908, 804655.2510949908, 804655.2510949908, 804655.2510949908, 804655.2510949908, 804655.2510949908, 804655.2510949908, 804655.2510949908, 804655.2510949908, 804655.2510949908, 804655.2510949908, 804655.2510949908, 804655.2510949908, 804655.2510949908, 804655.2510949908, 804655.2510949908, 804655.2510949908, 804655.2510949908, 804655.2510949908, 804655.2510949908, 804655.2510949908, 804655.2510949908, 804655.2510949908, 804655.2510949908, 804655.2510949908, 804655.2510949908, 804655.2510949908, 804655.2510949908, 804655.2510949908, 804655.2510949908, 804655.2510949908, 804655.2510949908, 804655.2510949908, 810324.0, 810324.0, 810324.0, 810324.0, 810324.0, 810324.0, 810324.0, 810324.0, 810324.0, 810324.0, 810324.0, 810324.0, 810324.0, 810324.0, 810324.0, 810324.0, 810324.0, 810324.0, 810324.0, 810324.0, 810324.0, 810324.0, 810324.0, 810324.0, 810324.0, 810324.0, 810324.0, 810324.0, 810324.0, 810324.0, 810324.0, 810324.0, 810324.0, 810324.0, 810324.0, 810324.0, 810324.0, 810324.0, 810324.0, 810324.0, 810324.0, 810324.0, 810324.0, 810324.0, 810324.0, 810324.0, 810324.0, 810324.0, 810324.0, 810324.0, 810324.0, 810324.0, 810324.0, 810324.0, 810324.0, 810324.0, 810324.0, 810324.0, 810324.0, 810324.0, 810324.0, 810324.0, 810324.0, 810324.0, 810324.0, 810324.0, 810324.0, 810324.0, 810324.0, 810324.0, 810324.0, 810324.0, 810324.0, 810324.0, 810324.0, 810324.0, 810324.0, 810324.0, 810324.0, 810324.0, 810324.0, 810324.0, 810324.0, 810324.0, 810324.0, 810324.0, 810324.0, 810324.0, 810324.0, 810324.0, 810324.0, 810324.0, 810324.0, 810324.0, 810324.0, 810324.0, 810324.0, 810324.0, 810324.0, 810324.0, 810324.0, 810324.0, 810324.0, 810324.0, 810324.0, 810324.0, 810324.0, 810324.0, 810324.0, 810324.0, 810324.0, 810324.0, 810324.0, 810324.0, 810324.0, 810324.0, 810324.0, 810324.0, 810324.0, 810324.0, 810324.0, 810324.0, 810324.0, 810324.0, 810324.0, 810324.0, 810324.0, 810324.0, 810324.0, 810324.0, 810324.0, 810324.0, 810324.0, 810324.0, 810324.0, 810324.0, 810324.0, 810324.0, 810324.0, 810324.0, 810324.0, 810324.0, 810324.0, 810324.0, 810324.0, 810324.0, 810324.0, 810324.0, 810324.0, 810324.0, 810324.0, 810324.0, 810324.0, 810324.0, 810324.0, 810324.0, 810324.0, 810324.0, 810324.0, 810324.0, 810324.0, 810324.0, 810324.0, 810324.0, 810324.0, 810324.0, 810324.0, 810324.0, 810324.0, 810324.0, 810324.0, 810324.0, 810324.0, 810324.0, 810324.0, 810324.0, 810324.0, 810324.0, 810324.0, 810324.0, 810324.0, 810324.0, 810324.0, 810324.0, 810324.0, 810324.0, 810324.0, 810324.0, 810324.0, 810324.0, 810324.0, 794443.7789822223, 794443.7789822223, 794443.7789822223, 794443.7789822223, 794443.7789822223, 794443.7789822223, 794443.7789822223, 794443.7789822223, 794443.7789822223, 794443.7789822223, 794443.7789822223, 794443.7789822223, 794443.7789822223, 794443.7789822223, 794443.7789822223, 794443.7789822223, 794443.7789822223, 794443.7789822223, 794443.7789822223, 794443.7789822223, 794443.7789822223, 794443.7789822223, 794443.7789822223, 794443.7789822223, 794443.7789822223, 794443.7789822223, 794443.7789822223, 794443.7789822223, 794443.7789822223, 794443.7789822223, 794443.7789822223, 794443.7789822223, 794443.7789822223, 794443.7789822223, 794443.7789822223, 794443.7789822223, 799421.9151784079, 801653.1191737186, 806266.8809984894, 806266.8809984894, 806266.8809984894, 806266.8809984894, 809078.4683397887, 809078.4683397887, 810089.7495390167, 810324.0, 806610.7015376062, 806610.7015376062, 806610.7015376062, 806610.7015376062, 806610.7015376062, 806610.7015376062, 806610.7015376062, 806610.7015376062, 806610.7015376062, 806610.7015376062, 806610.7015376062, 806610.7015376062, 806610.7015376062, 806610.7015376062, 806610.7015376062, 806610.7015376062, 806610.7015376062, 806610.7015376062, 806610.7015376062, 806610.7015376062, 806610.7015376062, 806610.7015376062, 806610.7015376062, 806610.7015376062, 806610.7015376062, 806610.7015376062, 806610.7015376062, 806610.7015376062, 806610.7015376062, 806610.7015376062, 806610.7015376062, 806610.7015376062, 806610.7015376062, 806610.7015376062, 806610.7015376062, 806610.7015376062, 806610.7015376062, 806610.7015376062, 806610.7015376062, 806610.7015376062, 806610.7015376062, 806610.7015376062, 806610.7015376062, 806610.7015376062, 806610.7015376062, 808425.3502618567, 808425.3502618567, 808425.3502618567, 808425.3502618567, 808425.3502618567, 808425.3502618567, 808425.3502618567, 808425.3502618567, 808425.3502618567, 808425.3502618567, 808425.3502618567, 808425.3502618567, 808425.3502618567, 808425.3502618567, 808425.3502618567, 808425.3502618567, 808425.3502618567, 808425.3502618567, 808425.3502618567, 808425.3502618567, 808425.3502618567, 808425.3502618567, 808425.3502618567, 808425.3502618567, 808425.3502618567, 808425.3502618567, 808425.3502618567, 808425.3502618567, 808425.3502618567, 808425.3502618567, 808425.3502618567, 808425.3502618567, 808425.3502618567, 808425.3502618567, 808425.3502618567, 808425.3502618567, 808425.3502618567, 808425.3502618567, 808425.3502618567, 808425.3502618567, 808425.3502618567, 808425.3502618567, 808425.3502618567, 808425.3502618567, 808425.3502618567, 808425.3502618567, 808425.3502618567, 808425.3502618567, 808425.3502618567, 808425.3502618567, 808425.3502618567, 808425.3502618567, 808425.3502618567, 808425.3502618567, 808425.3502618567, 808425.3502618567, 808425.3502618567, 808425.3502618567, 808425.3502618567, 808425.3502618567, 808425.3502618567, 808425.3502618567, 808425.3502618567, 808425.3502618567, 808425.3502618567, 808425.3502618567, 808425.3502618567, 808425.3502618567, 808425.3502618567, 808425.3502618567, 808425.3502618567, 808425.3502618567, 808425.3502618567, 808425.3502618567, 808425.3502618567, 808425.3502618567, 808425.3502618567, 808425.3502618567, 808425.3502618567, 808425.3502618567, 808425.3502618567, 808425.3502618567, 808425.3502618567, 808425.3502618567, 808425.3502618567, 808425.3502618567, 810315.9665374747, 810315.9665374747, 810315.9665374747, 810324.0, 810324.0, 810324.0, 810324.0, 810324.0, 810324.0, 810324.0, 810324.0, 810324.0, 810324.0, 810324.0, 810324.0, 810324.0, 810324.0, 810324.0, 810324.0, 810324.0, 810324.0, 810324.0, 810324.0, 810324.0, 810324.0, 810324.0, 810324.0, 810324.0, 810324.0, 810324.0, 810324.0, 810324.0, 810324.0, 810324.0, 810324.0, 810324.0, 810324.0, 810324.0, 810324.0, 810324.0, 810324.0, 810324.0, 810324.0, 810324.0, 810324.0, 810324.0, 810324.0, 810324.0, 810324.0, 810324.0, 810324.0, 810324.0, 810324.0, 810324.0, 810324.0, 810324.0, 810324.0, 810324.0, 810324.0, 810324.0, 810324.0, 810324.0, 810324.0, 810324.0, 810324.0, 810324.0, 810324.0, 810324.0, 810324.0, 810324.0, 810324.0, 810324.0, 810324.0, 810324.0, 810324.0, 810324.0, 810324.0, 810324.0, 810324.0, 810324.0, 810324.0, 810324.0, 810324.0, 810324.0, 810324.0, 810324.0, 810324.0, 810324.0, 810324.0, 810324.0, 810324.0, 810324.0, 810324.0, 810324.0, 810324.0, 810324.0, 810324.0, 810324.0, 810324.0, 810324.0, 810324.0, 810324.0, 810324.0, 810324.0, 810324.0, 810324.0, 810324.0, 810324.0, 810324.0, 810324.0, 810324.0, 810324.0, 810324.0, 810324.0, 810324.0, 810324.0, 810324.0, 810324.0, 810324.0, 810324.0, 810324.0, 810324.0, 810324.0, 810324.0, 810324.0, 810324.0, 810324.0, 810324.0, 810324.0, 810324.0, 810324.0, 810324.0, 810324.0, 810324.0, 810324.0, 810324.0, 810324.0, 810324.0, 810324.0, 810324.0, 810324.0, 810324.0, 810324.0, 810324.0, 810324.0, 810324.0, 810324.0, 810324.0, 810324.0, 810324.0, 810324.0, 810324.0, 810324.0, 810324.0, 810324.0, 810324.0, 810324.0, 810324.0, 810324.0, 810324.0, 810324.0, 810324.0, 810324.0, 810324.0, 810324.0, 810324.0, 810324.0, 810324.0, 810324.0, 810324.0, 810324.0, 810324.0, 810324.0, 810324.0, 810324.0, 810324.0, 810324.0, 810324.0, 810324.0, 810324.0, 810324.0, 810324.0, 810324.0, 810324.0, 810324.0, 810324.0, 810324.0, 810324.0, 810324.0, 810324.0, 810324.0, 810324.0, 810324.0, 810324.0, 810324.0, 810324.0, 810324.0, 810324.0, 810324.0, 810324.0, 810324.0, 810324.0, 810324.0, 810324.0, 810324.0, 810324.0, 810324.0, 810324.0, 810324.0, 810324.0, 810324.0, 810324.0, 810324.0, 810324.0, 810324.0, 810324.0, 810324.0, 810324.0, 810324.0, 810324.0, 810324.0, 810324.0, 810324.0, 810324.0, 810324.0, 810324.0, 810324.0, 810324.0, 810324.0, 810324.0, 810324.0, 810324.0, 810324.0, 810324.0, 810324.0, 810324.0, 810324.0, 810324.0, 810324.0, 810324.0, 810324.0, 810324.0, 810324.0, 810324.0, 810324.0, 810324.0, 810324.0, 810324.0, 810324.0, 810324.0, 810324.0, 810324.0, 810324.0, 810324.0, 810324.0, 810324.0, 810324.0, 810324.0, 810324.0, 810324.0, 810324.0, 810324.0, 810324.0, 810324.0, 810324.0, 810324.0, 810324.0, 810324.0, 810324.0, 810324.0, 810324.0, 810324.0, 810324.0, 810324.0, 810324.0, 810324.0, 810324.0, 810309.8903532152, 810309.8903532152, 810309.8903532152, 810309.8903532152, 810309.8903532152, 810309.8903532152, 810309.8903532152, 810309.8903532152, 810309.8903532152, 810309.8903532152, 810309.8903532152, 810309.8903532152, 810309.8903532152, 810309.8903532152, 810309.8903532152, 810309.8903532152, 810309.8903532152, 810309.8903532152, 810309.8903532152, 810309.8903532152, 810309.8903532152, 810309.8903532152, 810309.8903532152, 810309.8903532152, 810309.8903532152, 810309.8903532152, 810309.8903532152, 810309.8903532152, 810309.8903532152, 810309.8903532152, 810309.8903532152, 810309.8903532152, 810309.8903532152, 810309.8903532152, 810309.8903532152, 810309.8903532152, 810309.8903532152, 810309.8903532152, 810309.8903532152, 810309.8903532152, 810309.8903532152, 810309.8903532152, 810296.3258391831, 810296.3258391831, 810296.3258391831, 810296.3258391831, 810296.3258391831, 810296.3258391831, 810296.3258391831, 810296.3258391831, 810296.3258391831, 810296.3258391831, 810296.3258391831, 810296.3258391831, 810296.3258391831, 810296.3258391831, 810296.3258391831, 810296.3258391831, 810296.3258391831, 810296.3258391831, 810296.3258391831, 810296.3258391831, 810296.3258391831, 810296.3258391831, 810296.3258391831, 810296.3258391831, 810296.3258391831, 810296.3258391831, 810296.3258391831, 810296.3258391831, 810296.3258391831, 810296.3258391831, 810296.3258391831, 810296.3258391831, 810296.3258391831, 810296.3258391831, 810296.3258391831, 810296.3258391831, 810296.3258391831, 810296.3258391831, 810296.3258391831, 810296.3258391831, 810296.3258391831, 810296.3258391831, 810296.3258391831, 810296.3258391831, 810296.3258391831, 810296.3258391831, 810296.3258391831, 810296.3258391831, 810296.3258391831, 810296.3258391831, 810296.3258391831, 810296.3258391831, 810296.3258391831, 810296.3258391831, 810296.3258391831, 810296.3258391831, 810296.3258391831, 810296.3258391831, 810296.3258391831, 810296.3258391831, 810296.3258391831, 810296.3258391831, 810296.3258391831, 810296.3258391831, 810296.3258391831, 810296.3258391831, 810296.3258391831, 810296.3258391831, 810296.3258391831, 810296.3258391831, 810296.3258391831, 810296.3258391831, 810296.3258391831, 810296.3258391831, 810296.3258391831, 810296.3258391831, 810296.3258391831, 810296.3258391831, 810296.3258391831, 810296.3258391831, 810296.3258391831, 810296.3258391831, 810296.3258391831, 810296.3258391831, 810296.3258391831, 810296.3258391831, 810296.3258391831, 810296.3258391831, 810296.3258391831, 810296.3258391831, 810296.3258391831, 810296.3258391831, 810296.3258391831, 810296.3258391831, 810296.3258391831, 810296.3258391831, 810296.3258391831, 810296.3258391831, 810296.3258391831, 810296.3258391831, 810296.3258391831, 810296.3258391831, 810296.3258391831, 810296.3258391831, 810296.3258391831, 810296.3258391831, 810296.3258391831, 810296.3258391831, 810296.3258391831, 810296.3258391831, 810296.3258391831, 810296.3258391831, 810296.3258391831, 810296.3258391831, 810296.3258391831, 810296.3258391831, 810296.3258391831, 810296.3258391831, 810296.3258391831, 810296.3258391831, 810296.3258391831, 810296.3258391831, 810296.3258391831, 810296.3258391831, 810296.3258391831, 810296.3258391831, 810296.3258391831, 810296.3258391831, 810296.3258391831, 810296.3258391831, 810296.3258391831, 810324.0, 810324.0, 810324.0, 810324.0, 810324.0, 810324.0, 810324.0, 810324.0, 810324.0, 810324.0, 810324.0, 810324.0, 810324.0, 810324.0, 810324.0, 810324.0, 810324.0, 810324.0, 810324.0, 810324.0, 810324.0, 810324.0, 810324.0, 810324.0, 810324.0, 810324.0, 810324.0, 810324.0, 810324.0, 810324.0, 810324.0, 810324.0, 810324.0, 810324.0, 810324.0, 810324.0, 810324.0, 810324.0, 810324.0, 810324.0, 810324.0, 810324.0, 810324.0, 810324.0, 810324.0, 810324.0, 810324.0, 810324.0, 810324.0, 810324.0, 810324.0, 810324.0, 810324.0, 810324.0, 806518.203923681, 806518.203923681, 806518.203923681, 806518.203923681, 806518.203923681, 806518.203923681, 806518.203923681, 806518.203923681, 806518.203923681, 806518.203923681, 806518.203923681, 806518.203923681, 806518.203923681, 806518.203923681, 806518.203923681, 806518.203923681, 806518.203923681, 806518.203923681, 806518.203923681, 806518.203923681, 806518.203923681, 806518.203923681, 806518.203923681, 806518.203923681, 806518.203923681, 806518.203923681, 806518.203923681, 807501.3176892869, 807501.3176892869, 810324.0, 810324.0, 810324.0, 810324.0, 810324.0, 810324.0, 810324.0, 810324.0, 810324.0, 810324.0, 810324.0, 810324.0, 810324.0, 810324.0, 810324.0, 810324.0, 810324.0, 810324.0, 810324.0, 810324.0, 810324.0, 810324.0, 810324.0, 810324.0, 810324.0, 810324.0, 810324.0, 810324.0, 810324.0, 810324.0, 810324.0, 810324.0, 810324.0, 810324.0, 810324.0, 810324.0, 810324.0, 810324.0, 810324.0, 810324.0, 810324.0, 810324.0, 810324.0, 810324.0, 810324.0, 810324.0, 810324.0, 810324.0, 810324.0, 810324.0, 810324.0, 810324.0, 810324.0, 810324.0, 810324.0, 810324.0, 810324.0, 810324.0, 810324.0, 810324.0, 810324.0, 810324.0, 810324.0, 810324.0, 810324.0, 810324.0, 810324.0, 810324.0, 810324.0, 810324.0, 810324.0, 810324.0, 810324.0, 810324.0, 810324.0, 810324.0, 810324.0, 810324.0, 810324.0, 810324.0, 810324.0, 810324.0, 810324.0, 810324.0, 810324.0, 810324.0, 810324.0, 810324.0, 810324.0, 810324.0, 810324.0, 810324.0, 810324.0, 810324.0, 810324.0, 810324.0, 810324.0, 810324.0, 810324.0, 810324.0, 810324.0, 810324.0, 810324.0, 810324.0, 810324.0, 810324.0, 810324.0, 810324.0, 810324.0, 810324.0, 810324.0, 810324.0, 810324.0, 810324.0, 810324.0, 810324.0, 810324.0, 810324.0, 810324.0, 810324.0, 810324.0, 810324.0, 810324.0, 810324.0, 810324.0, 810324.0, 810324.0, 810324.0, 810324.0, 810324.0, 810324.0, 810324.0, 810324.0, 810324.0, 810324.0, 810324.0, 810324.0, 810324.0, 810324.0, 810324.0, 810324.0, 810324.0, 810324.0, 810324.0, 810324.0, 810324.0, 810324.0, 810324.0, 810324.0, 810324.0, 810324.0, 810324.0, 810324.0, 803972.6286790036, 803972.6286790036, 803972.6286790036, 803972.6286790036, 803972.6286790036, 803972.6286790036, 803972.6286790036, 803972.6286790036, 803972.6286790036, 803972.6286790036, 803972.6286790036, 803972.6286790036, 803972.6286790036, 803972.6286790036, 803972.6286790036, 803972.6286790036, 803972.6286790036, 803972.6286790036, 803972.6286790036, 803972.6286790036, 803972.6286790036, 803972.6286790036, 803972.6286790036, 803972.6286790036, 803972.6286790036, 803972.6286790036, 803972.6286790036, 803972.6286790036, 803972.6286790036, 803972.6286790036, 803972.6286790036, 803972.6286790036, 803972.6286790036, 803972.6286790036, 803972.6286790036, 803972.6286790036, 810324.0, 810324.0, 810324.0, 810324.0, 810324.0, 810324.0, 810324.0, 810324.0, 810324.0, 810324.0, 810324.0, 810324.0, 810324.0, 810324.0, 810324.0, 810324.0, 810324.0, 810324.0, 810324.0, 810324.0, 810324.0, 810324.0, 810324.0, 810324.0, 810324.0, 810324.0, 810324.0, 810324.0, 810324.0, 810324.0, 810324.0, 810324.0, 810324.0, 810324.0, 810324.0, 810324.0, 810324.0, 810324.0, 810324.0, 810324.0, 810324.0, 810324.0, 810324.0, 810324.0, 810324.0, 810324.0, 810324.0, 810324.0, 810324.0, 810324.0, 810324.0, 810324.0, 810324.0, 810324.0, 810324.0, 810324.0, 810324.0, 810324.0, 810324.0, 810324.0, 810324.0, 810324.0, 810324.0, 810324.0, 810324.0, 810324.0, 810324.0, 810324.0, 810324.0, 810324.0, 810324.0, 810324.0, 810324.0, 810324.0, 810324.0, 810324.0, 810324.0, 810324.0, 810324.0, 810324.0, 810324.0, 810324.0, 810324.0, 810324.0, 810324.0, 810324.0, 810324.0, 810324.0, 810324.0, 810324.0, 810324.0, 810324.0, 810324.0, 810324.0, 810324.0, 810324.0, 810324.0, 810324.0, 810324.0, 810324.0, 810324.0, 810324.0, 810324.0, 810324.0, 810324.0, 810324.0, 810324.0, 810324.0, 810324.0, 810324.0, 810324.0, 810324.0, 810324.0, 810324.0, 810324.0, 810324.0, 810324.0, 810324.0, 810324.0, 810324.0, 810324.0, 810324.0, 810324.0, 810324.0, 810324.0, 810324.0, 810324.0, 810324.0, 810324.0, 810324.0, 810324.0, 810324.0, 810324.0, 810324.0, 810324.0, 810324.0, 810324.0, 810324.0, 810324.0, 810324.0, 810324.0, 810324.0, 810324.0, 810324.0, 810324.0, 810324.0, 809561.4934929067, 809561.4934929067, 809561.4934929067, 809561.4934929067, 809561.4934929067, 809561.4934929067, 809561.4934929067, 809561.4934929067, 809561.4934929067, 809561.4934929067, 809561.4934929067, 809561.4934929067, 809561.4934929067, 809561.4934929067, 809561.4934929067, 809561.4934929067, 809561.4934929067, 809561.4934929067, 809561.4934929067, 809561.4934929067, 809561.4934929067, 809561.4934929067, 809561.4934929067, 809561.4934929067, 809561.4934929067, 809561.4934929067, 809561.4934929067, 809561.4934929067, 809561.4934929067, 809561.4934929067, 809561.4934929067, 809561.4934929067, 809561.4934929067, 809561.4934929067, 810324.0, 810324.0, 810324.0, 810324.0, 810324.0, 810324.0, 810324.0, 810324.0, 810324.0, 810324.0, 810324.0, 810324.0, 810324.0, 810324.0, 810324.0, 810324.0, 810324.0, 810324.0, 810324.0, 810324.0, 810324.0, 810324.0, 810324.0, 810324.0, 810324.0, 810324.0, 810324.0, 810324.0, 810324.0, 810324.0, 810324.0, 810324.0, 810324.0, 810324.0, 810324.0, 810324.0, 810324.0, 810324.0, 810324.0, 810324.0, 810324.0, 810324.0, 810324.0, 810324.0, 810324.0, 810324.0, 810324.0, 810324.0, 810324.0, 810324.0, 810324.0, 810324.0, 810324.0, 810324.0, 810324.0, 810324.0, 808848.8111239426, 808848.8111239426, 808848.8111239426, 808848.8111239426, 808848.8111239426, 808848.8111239426, 808848.8111239426, 808848.8111239426, 808848.8111239426, 808848.8111239426, 808848.8111239426, 808848.8111239426, 808848.8111239426, 808848.8111239426, 808848.8111239426, 808848.8111239426, 808848.8111239426, 808848.8111239426, 808848.8111239426, 808848.8111239426, 808848.8111239426, 808848.8111239426, 808848.8111239426, 808848.8111239426, 808848.8111239426, 808848.8111239426, 808848.8111239426, 808848.8111239426, 808848.8111239426, 808848.8111239426, 808848.8111239426, 808848.8111239426, 808848.8111239426, 808848.8111239426, 808848.8111239426, 808848.8111239426, 808848.8111239426, 808848.8111239426, 808848.8111239426, 808848.8111239426, 808848.8111239426, 808848.8111239426, 808848.8111239426, 808848.8111239426, 808848.8111239426, 808848.8111239426, 808848.8111239426, 808848.8111239426, 808848.8111239426, 808848.8111239426, 808848.8111239426, 808848.8111239426, 808848.8111239426, 808848.8111239426, 808848.8111239426, 808848.8111239426, 808848.8111239426, 808848.8111239426, 808848.8111239426, 808848.8111239426, 808848.8111239426, 808848.8111239426, 808848.8111239426, 808848.8111239426, 808848.8111239426, 808848.8111239426, 808848.8111239426, 808848.8111239426, 808848.8111239426, 808848.8111239426, 808848.8111239426, 808848.8111239426, 808848.8111239426, 808848.8111239426, 808848.8111239426, 808848.8111239426, 808848.8111239426, 808848.8111239426, 808848.8111239426, 808848.8111239426, 808848.8111239426, 808848.8111239426, 810324.0, 810324.0, 810324.0, 810324.0, 810324.0, 810324.0, 810324.0, 810324.0, 810324.0, 810324.0, 810324.0, 810324.0, 810324.0, 810324.0, 810324.0, 810324.0, 810324.0, 810324.0, 810324.0, 810324.0, 810324.0, 810324.0, 810324.0, 810324.0, 810324.0, 810324.0, 810324.0, 810324.0, 810324.0, 810324.0, 810324.0, 810324.0, 810324.0, 810324.0, 810324.0, 810324.0, 810324.0, 810324.0, 810324.0, 810324.0, 810324.0, 810324.0, 810324.0, 810324.0, 810324.0, 810324.0, 810324.0, 810324.0, 810324.0, 810324.0, 810324.0, 810324.0, 810324.0, 810324.0, 810324.0, 810324.0, 810324.0, 810324.0, 810324.0, 810324.0, 810324.0, 810324.0, 810324.0, 810324.0, 810324.0, 810324.0, 810324.0, 810324.0, 810324.0, 810324.0, 810324.0, 810324.0, 810324.0, 810324.0, 810324.0, 810324.0, 810324.0, 810324.0, 810324.0, 810324.0, 810324.0, 810324.0, 810324.0, 810324.0, 810324.0, 810324.0, 810324.0, 810324.0, 810324.0, 810324.0, 810324.0, 810324.0, 810324.0, 810324.0, 810324.0, 810324.0, 810324.0, 810324.0, 810324.0, 810324.0, 810324.0, 810324.0, 810324.0, 810324.0, 810324.0, 810324.0, 810324.0, 810324.0, 810324.0, 810324.0, 810324.0, 810324.0, 810324.0, 810324.0, 810324.0, 810324.0, 810324.0, 810324.0, 810324.0, 810324.0, 810324.0, 810324.0, 810324.0, 810324.0, 810324.0, 810324.0, 810324.0, 810324.0, 810324.0, 810324.0, 810324.0, 810324.0, 810324.0, 810324.0, 810324.0, 810324.0, 810324.0, 810324.0, 810324.0, 810324.0, 810324.0, 810324.0, 810324.0, 810324.0, 810324.0, 810324.0, 810324.0, 810324.0, 810324.0, 810324.0, 810324.0, 810324.0, 810324.0, 810324.0, 810324.0, 810324.0, 810324.0, 810324.0, 810324.0, 810324.0, 810324.0, 810324.0, 810324.0, 810324.0, 810324.0, 810324.0, 810324.0, 810324.0, 810324.0, 810324.0, 810324.0, 810324.0, 810324.0, 810324.0, 810324.0, 810324.0, 810324.0, 810324.0, 810324.0, 810324.0, 810324.0, 810324.0, 810324.0, 810324.0, 810324.0, 810324.0, 810324.0, 810324.0, 810324.0, 810324.0, 810324.0, 802368.2306402518, 802368.2306402518, 802368.2306402518, 802368.2306402518, 802368.2306402518, 802368.2306402518, 802368.2306402518, 802368.2306402518, 802368.2306402518, 802368.2306402518, 802368.2306402518, 802368.2306402518, 802368.2306402518, 802368.2306402518, 802368.2306402518, 802368.2306402518, 802368.2306402518, 802368.2306402518, 802368.2306402518, 802368.2306402518, 802368.2306402518, 802368.2306402518, 802368.2306402518, 802368.2306402518, 802368.2306402518, 802368.2306402518, 802368.2306402518, 802368.2306402518, 802368.2306402518, 802368.2306402518, 802368.2306402518, 802368.2306402518, 802368.2306402518, 802368.2306402518, 802368.2306402518, 810324.0, 810324.0, 810324.0, 810324.0, 810324.0, 810324.0, 810324.0, 810324.0, 810324.0, 810324.0, 810324.0, 810324.0, 810324.0, 810324.0, 810324.0, 810324.0, 810324.0, 810324.0, 810324.0, 810324.0, 810324.0, 810324.0, 810324.0, 810324.0, 810324.0, 810324.0, 810324.0, 810324.0, 810324.0, 810324.0, 810324.0, 810324.0, 810324.0, 810324.0, 810324.0, 810324.0, 810324.0, 810324.0, 810324.0, 810324.0, 810324.0, 810324.0, 810324.0, 810324.0, 810324.0, 810324.0, 810324.0, 810324.0, 810324.0, 810324.0, 810324.0, 810324.0, 810324.0, 810324.0, 810324.0, 810324.0, 810324.0, 810324.0, 810324.0, 810324.0, 810324.0, 810324.0, 810324.0, 810324.0, 810324.0, 810324.0, 810324.0, 810324.0, 810324.0, 810324.0, 810324.0, 810324.0, 810324.0, 810324.0, 810324.0, 810324.0, 810324.0, 810324.0, 810324.0, 810324.0, 810324.0, 810324.0, 810324.0, 810324.0, 810324.0, 810324.0, 810324.0, 810324.0, 810324.0, 810324.0, 810324.0, 810324.0, 810324.0, 810324.0, 810324.0, 810324.0, 810324.0, 810324.0, 810324.0, 810324.0, 810324.0, 809641.2868321971, 809641.2868321971, 809641.2868321971, 809641.2868321971, 809641.2868321971, 809641.2868321971, 809641.2868321971, 809641.2868321971, 809641.2868321971, 809641.2868321971, 809641.2868321971, 809641.2868321971, 809641.2868321971, 809641.2868321971, 809641.2868321971, 809641.2868321971, 809641.2868321971, 809641.2868321971, 809641.2868321971, 809641.2868321971, 809641.2868321971, 809641.2868321971, 809641.2868321971, 809641.2868321971, 809641.2868321971, 809641.2868321971, 809641.2868321971, 809641.2868321971, 809641.2868321971, 809641.2868321971, 809641.2868321971, 809641.2868321971, 809641.2868321971, 809641.2868321971, 809641.2868321971, 809641.2868321971, 810324.0, 810324.0, 810324.0, 810324.0, 810324.0, 810324.0, 810324.0, 810324.0, 810324.0, 810324.0, 810324.0, 810324.0, 810324.0, 810324.0, 810324.0, 810324.0, 810324.0, 810324.0, 810324.0, 810324.0, 810324.0, 810324.0, 810324.0, 810324.0, 810324.0, 810324.0, 810324.0, 810324.0, 810324.0, 810324.0, 810324.0, 810324.0, 810324.0, 810324.0, 810324.0, 810324.0, 810324.0, 810324.0, 810324.0, 810324.0, 810324.0, 810324.0, 810324.0, 810324.0, 810324.0, 810324.0, 810324.0, 810324.0, 810324.0, 810324.0, 810324.0, 810324.0, 810324.0, 810324.0, 810324.0, 810324.0, 
15318.805303964695, 15318.805303964695, 10543.035291917298, 10543.035291917298, 10543.035291917298, 6861.436535627598, 4768.38279510458, 1310.5718844591174, 1310.5718844591174, 1220.2907839374575, 1220.2907839374575, 1220.2907839374575, 1220.2907839374575, 932.4528068491092, 932.4528068491092, 932.4528068491092, 932.4528068491092, 932.4528068491092, 932.4528068491092, 932.4528068491092, 474.67706422496184, 296.94421362277393, 296.94421362277393, 296.1498396348596, 263.7150826417323, 263.7150826417323, 263.7150826417323, 263.7150826417323, 196.49242936503435, 137.6631842694464, 137.6631842694464, 137.6631842694464, 123.454397226839, 123.454397226839, 123.454397226839, 123.454397226839, 123.454397226839, 123.454397226839, 123.454397226839, 123.454397226839, 123.454397226839, 123.454397226839, 106.41784250434702, 104.17576282805632, 91.26878666350063, 91.26878666350063, 72.48714219013186, 72.48714219013186, 62.04598528999966, 62.04598528999966, 48.700691061989666, 48.700691061989666, 48.700691061989666, 48.700691061989666, 48.700691061989666, 44.5480004612639, 44.5480004612639, 44.5480004612639, 44.5480004612639, 31.670229362054876, 31.670229362054876, 31.670229362054876, 31.670229362054876, 31.670229362054876, 31.670229362054876, 31.670229362054876, 31.670229362054876, 31.670229362054876, 31.670229362054876, 31.670229362054876, 31.670229362054876, 31.670229362054876, 31.670229362054876, 24.161926718220208, 24.161926718220208, 24.161926718220208, 24.161926718220208, 24.161926718220208, 24.161926718220208, 24.161926718220208, 24.161926718220208, 24.161926718220208, 24.161926718220208, 23.17364948964106, 23.17364948964106, 23.17364948964106, 23.17364948964106, 20.353102052954466, 20.353102052954466, 19.150859840630925, 19.150859840630925, 156875.77128043672, 193221.13530761853, 257815.9212674161, 157199.61294043384, 247308.66696525217, 342860.3303939546, 332375.9891361088, 323920.5059431913, 358373.59820402676, 386261.239792785, 500436.96405932005, 500436.96405932005, 529856.8927884279, 529856.8927884279, 552288.5276190069, 552288.5276190069, 604246.1837525051, 604246.1837525051, 604246.1837525051, 604246.1837525051, 622040.4610164261, 683954.1727672631, 683954.1727672631, 714881.2848222844, 714881.2848222844, 714881.2848222844, 748896.2243366892, 748896.2243366892, 752766.8016703197, 759605.4111957079, 808029.1986779503, 808029.1986779503, 808029.1986779503, 798163.6793677707, 805624.242478912, 805624.242478912, 805624.242478912, 805624.242478912, 807839.2775685715, 807839.2775685715, 807839.2775685715, 810195.4180316535, 810195.4180316535, 810195.4180316535, 810195.4180316535, 810195.4180316535, 810195.4180316535, 810195.4180316535, 810195.4180316535, 810195.4180316535, 810195.4180316535, 810195.4180316535, 810195.4180316535, 810195.4180316535, 810195.4180316535, 810195.4180316535, 810195.4180316535, 810195.4180316535, 810195.4180316535, 810195.4180316535, 810195.4180316535, 810195.4180316535, 810195.4180316535, 810195.4180316535, 810195.4180316535, 810195.4180316535, 810195.4180316535, 810195.4180316535, 810195.4180316535, 810195.4180316535, 810195.4180316535, 810195.4180316535, 810195.4180316535, 810324.0, 810324.0, 810324.0, 810324.0, 810324.0, 810324.0, 810324.0, 810324.0, 810324.0, 810324.0, 810324.0, 810324.0, 810324.0, 810324.0, 810324.0, 810324.0, 810324.0, 810324.0, 810324.0, 810324.0, 810324.0, 810324.0, 810324.0, 810324.0, 810324.0, 810324.0, 810324.0, 810324.0, 810324.0, 810324.0, 810324.0, 810324.0, 810324.0, 810324.0, 810324.0, 810324.0, 810324.0, 810324.0, 810324.0, 810324.0, 810324.0, 810324.0, 810324.0, 810324.0, 810324.0, 810324.0, 810324.0, 810324.0, 810324.0, 810324.0, 810324.0, 810324.0, 810324.0, 810324.0, 810324.0, 810324.0, 810324.0, 810324.0, 810324.0, 810324.0, 810324.0, 810324.0, 810324.0, 810324.0, 810324.0, 810324.0, 810324.0, 810324.0, 810324.0, 810324.0, 810324.0, 810324.0, 810324.0, 810324.0, 810324.0, 810324.0, 810324.0, 810324.0, 810324.0, 810324.0, 810324.0, 810324.0, 810324.0, 810324.0, 810324.0, 810324.0, 810324.0, 810324.0, 810324.0, 810324.0, 810324.0, 810324.0, 810324.0, 810324.0, 810324.0, 810324.0, 810324.0, 810324.0, 810324.0, 810324.0, 810324.0, 810324.0, 810324.0, 810324.0, 810324.0, 810324.0, 810324.0, 810324.0, 810324.0, 810324.0, 810324.0, 810324.0, 810324.0, 810324.0, 810324.0, 810324.0, 810324.0, 810324.0, 810324.0, 810324.0, 810324.0, 810324.0, 810324.0, 810324.0, 810324.0, 810324.0, 810324.0, 810324.0, 810324.0, 810324.0, 810324.0, 810324.0, 810324.0, 810324.0, 810324.0, 810324.0, 810324.0, 810324.0, 810324.0, 810324.0, 810324.0, 810324.0, 810324.0, 810324.0, 810324.0, 810324.0, 810324.0, 810324.0, 810324.0, 810324.0, 810324.0, 810324.0, 810324.0, 810324.0, 810324.0, 810324.0, 810324.0, 810324.0, 810324.0, 810324.0, 810324.0, 810324.0, 810324.0, 810324.0, 810324.0, 810324.0, 810324.0, 810324.0, 810324.0, 810324.0, 810324.0, 810324.0, 810324.0, 810324.0, 810324.0, 810324.0, 810324.0, 810324.0, 810324.0, 810324.0, 810324.0, 810324.0, 810324.0, 810324.0, 810324.0, 810324.0, 810324.0, 810324.0, 810324.0, 810324.0, 810324.0, 810324.0, 810324.0, 810324.0, 810324.0, 810324.0, 810324.0, 810324.0, 810324.0, 810324.0, 810324.0, 810324.0, 810324.0, 810324.0, 810324.0, 810324.0, 810324.0, 810324.0, 810324.0, 810324.0, 810324.0, 810324.0, 810324.0, 810324.0, 810324.0, 810324.0, 810324.0, 810324.0, 810324.0, 810324.0, 810324.0, 810324.0, 810324.0, 810324.0, 810324.0, 810324.0, 810324.0, 810324.0, 810324.0, 810324.0, 810324.0, 810324.0, 810324.0, 810324.0, 810324.0, 810324.0, 810324.0, 810324.0, 810324.0, 810324.0, 810324.0, 810324.0, 810324.0, 810324.0, 810324.0, 810324.0, 810324.0, 810324.0, 810324.0, 810324.0, 810324.0, 810324.0, 810324.0, 810324.0, 810324.0, 810324.0, 810324.0, 810324.0, 810324.0, 810324.0, 810324.0, 810324.0, 810324.0, 810324.0, 810324.0, 810324.0, 810324.0, 810324.0, 810324.0, 810324.0, 810324.0, 810324.0, 810324.0, 810324.0, 810324.0, 810324.0, 810324.0, 810324.0, 810324.0, 810324.0, 810324.0, 810324.0, 810324.0, 810324.0, 810324.0, 810324.0, 810324.0, 810324.0, 810324.0, 810324.0, 810324.0, 810324.0, 810324.0, 810324.0, 810324.0, 810324.0, 810324.0, 810324.0, 810324.0, 810324.0, 810324.0, 810324.0, 810324.0, 810324.0, 810324.0, 810324.0, 810324.0, 810324.0, 810324.0, 810324.0, 810324.0, 810324.0, 810324.0, 810324.0, 810324.0, 810324.0, 810324.0, 810324.0, 810324.0, 810324.0, 810324.0, 810324.0, 810324.0, 810324.0, 810324.0, 810324.0, 810324.0, 810324.0, 810324.0, 810324.0, 810324.0, 810324.0, 810324.0, 810324.0, 810324.0, 810324.0, 810324.0, 810324.0, 810324.0, 810324.0, 810324.0, 810324.0, 810324.0, 810324.0, 810324.0, 810324.0, 810324.0, 810324.0, 810324.0, 810324.0, 810324.0, 810324.0, 810324.0, 810324.0, 810324.0, 810324.0, 810324.0, 810324.0, 810324.0, 810324.0, 810324.0, 810324.0, 810324.0, 810324.0, 810324.0, 810324.0, 810324.0, 810324.0, 810324.0, 810324.0, 810324.0, 810324.0, 810324.0, 810324.0, 810324.0, 810324.0, 810324.0, 810324.0, 810324.0, 810324.0, 810324.0, 810324.0, 810324.0, 810324.0, 810324.0, 810324.0, 810324.0, 810324.0, 810324.0, 810324.0, 810324.0, 810324.0, 810324.0, 810324.0, 810324.0, 810324.0, 810324.0, 810324.0, 810324.0, 810324.0, 810324.0, 810324.0, 810324.0, 810324.0, 810324.0, 810324.0, 810324.0, 810324.0, 810324.0, 810324.0, 810324.0, 810324.0, 810324.0, 810324.0, 810324.0, 810324.0, 810324.0, 810324.0, 810324.0, 810324.0, 810324.0, 810324.0, 810324.0, 810324.0, 810324.0, 810324.0, 810324.0, 810324.0, 810324.0, 810324.0, 810324.0, 810324.0, 810324.0, 810324.0, 810324.0, 810324.0, 810324.0, 810324.0, 810324.0, 810324.0, 810324.0, 810324.0, 810324.0, 810324.0, 810324.0, 810324.0, 810324.0, 810324.0, 810324.0, 810324.0, 810324.0, 810324.0, 810324.0, 810324.0, 810324.0, 810324.0, 810324.0, 810324.0, 810324.0, 810324.0, 810324.0, 810324.0, 810324.0, 810324.0, 810324.0, 810324.0, 810324.0, 810324.0, 810324.0, 810324.0, 810324.0, 810324.0, 810324.0, 810324.0, 810324.0, 810324.0, 810324.0, 810324.0, 810324.0, 810324.0, 810324.0, 810324.0, 810324.0, 810324.0, 810324.0, 810324.0, 810324.0, 810324.0, 810324.0, 810324.0, 810324.0, 810324.0, 810324.0, 810324.0, 810324.0, 810324.0, 810324.0, 810324.0, 810324.0, 810324.0, 810324.0, 810324.0, 810324.0, 810324.0, 810324.0, 810324.0, 810324.0, 810324.0, 810324.0, 810324.0, 810324.0, 810324.0, 810324.0, 810324.0, 810324.0, 810324.0, 810324.0, 810324.0, 810324.0, 810324.0, 810324.0, 810324.0, 810324.0, 810324.0, 810324.0, 810324.0, 810324.0, 810324.0, 810324.0, 810324.0, 810324.0, 810324.0, 810324.0, 810324.0, 810324.0, 810324.0, 810324.0, 810324.0, 810324.0, 810324.0, 810324.0, 810324.0, 810324.0, 810324.0, 810324.0, 810324.0, 810324.0, 810324.0, 810324.0, 810324.0, 810324.0, 810324.0, 810324.0, 810324.0, 810324.0, 810324.0, 810324.0, 810324.0, 810324.0, 810324.0, 810324.0, 810324.0, 810324.0, 810324.0, 810324.0, 810324.0, 810324.0, 810324.0, 810324.0, 810324.0, 810324.0, 810324.0, 810324.0, 810324.0, 810324.0, 810324.0, 810324.0, 810324.0, 810324.0, 810324.0, 810324.0, 810324.0, 810324.0, 810324.0, 810324.0, 810324.0, 810324.0, 810324.0, 810324.0, 810324.0, 810324.0, 810324.0, 810324.0, 810324.0, 810324.0, 810324.0, 810324.0, 810324.0, 810324.0, 810324.0, 810324.0, 810324.0, 810324.0, 810324.0, 810324.0, 810324.0, 810324.0, 810324.0, 810324.0, 810324.0, 810324.0, 810324.0, 810324.0, 810324.0, 810324.0, 810324.0, 810324.0, 810324.0, 810324.0, 810324.0, 810324.0, 810324.0, 810324.0, 810324.0, 810324.0, 810324.0, 810324.0, 810324.0, 810324.0, 810324.0, 810324.0, 810324.0, 810324.0, 810324.0, 810324.0, 810324.0, 810324.0, 810324.0, 810324.0, 810324.0, 810324.0, 810324.0, 810324.0, 810324.0, 810324.0, 810324.0, 810324.0, 810324.0, 810324.0, 810324.0, 810324.0, 810324.0, 810324.0, 810324.0, 810324.0, 810324.0, 810324.0, 810324.0, 810324.0, 810324.0, 810324.0, 810324.0, 810324.0, 810324.0, 810324.0, 810324.0, 810324.0, 810324.0, 810324.0, 810324.0, 810324.0, 810324.0, 810324.0, 810324.0, 810324.0, 810324.0, 810324.0, 810324.0, 810324.0, 810324.0, 810324.0, 810324.0, 810324.0, 810324.0, 810324.0, 810324.0, 810324.0, 810324.0, 810324.0, 810324.0, 810324.0, 810324.0, 810324.0, 810324.0, 810324.0, 810324.0, 810324.0, 810324.0, 810324.0, 810324.0, 810324.0, 810324.0, 810324.0, 810324.0, 810324.0, 810324.0, 810324.0, 810324.0, 810324.0, 810324.0, 810324.0, 810324.0, 810324.0, 810324.0, 810324.0, 810324.0, 810324.0, 810324.0, 810324.0, 810324.0, 810324.0, 810324.0, 810324.0, 810324.0, 810324.0, 810324.0, 810324.0, 810324.0, 810324.0, 810324.0, 810324.0, 810324.0, 810324.0, 810324.0, 810324.0, 810324.0, 810324.0, 810324.0, 810324.0, 810324.0, 810324.0, 810324.0, 810324.0, 810324.0, 810324.0, 810324.0, 810324.0, 810324.0, 810324.0, 810324.0, 810324.0, 810324.0, 810324.0, 810324.0, 810324.0, 810324.0, 810324.0, 810324.0, 810324.0, 810324.0, 810324.0, 810324.0, 810324.0, 810324.0, 810324.0, 810324.0, 810324.0, 810324.0, 810324.0, 810324.0, 810324.0, 810324.0, 810324.0, 810324.0, 810324.0, 810324.0, 810324.0, 810324.0, 810324.0, 810324.0, 810324.0, 810324.0, 810324.0, 810324.0, 810324.0, 810324.0, 810324.0, 810324.0, 810324.0, 810324.0, 810324.0, 810324.0, 810324.0, 810324.0, 810324.0, 810324.0, 810324.0, 810324.0, 810324.0, 810324.0, 810324.0, 810324.0, 810324.0, 810324.0, 810324.0, 810324.0, 810324.0, 810324.0, 810324.0, 810324.0, 810324.0, 810324.0, 810324.0, 810324.0, 810324.0, 810324.0, 810324.0, 810324.0, 810324.0, 810324.0, 810324.0, 810324.0, 810324.0, 810324.0, 810324.0, 810324.0, 810324.0, 810324.0, 810324.0, 810324.0, 810324.0, 810324.0, 810324.0, 810324.0, 810324.0, 807109.6636203562, 807109.6636203562, 807109.6636203562, 807109.6636203562, 807109.6636203562, 807109.6636203562, 807109.6636203562, 807109.6636203562, 807109.6636203562, 807109.6636203562, 807109.6636203562, 807109.6636203562, 807109.6636203562, 807109.6636203562, 807109.6636203562, 807109.6636203562, 807109.6636203562, 807109.6636203562, 807109.6636203562, 807109.6636203562, 807109.6636203562, 807109.6636203562, 807109.6636203562, 807109.6636203562, 807109.6636203562, 807109.6636203562, 807109.6636203562, 807109.6636203562, 807109.6636203562, 807109.6636203562, 807109.6636203562, 807109.6636203562, 807109.6636203562, 807109.6636203562, 807109.6636203562, 807109.6636203562, 808229.9201396016, 808229.9201396016, 809549.5017211627, 809549.5017211627, 809549.5017211627, 810324.0, 810324.0, 810324.0, 810324.0, 810324.0, 810324.0, 810324.0, 810324.0, 810324.0, 810324.0, 810324.0, 810324.0, 810324.0, 810324.0, 810324.0, 810324.0, 810324.0, 810324.0, 810324.0, 810324.0, 810324.0, 810324.0, 810324.0, 810324.0, 810324.0, 810324.0, 810324.0, 810324.0, 810324.0, 810324.0, 810324.0, 810324.0, 810324.0, 810324.0, 810324.0, 810324.0, 810324.0, 810324.0, 810324.0, 810324.0, 810324.0, 810324.0, 810324.0, 810324.0, 810324.0, 810324.0, 810324.0, 810324.0, 810324.0, 810324.0, 810324.0, 810324.0, 810324.0, 810324.0, 810324.0, 810324.0, 810324.0, 810324.0, 810324.0, 810324.0, 810324.0, 810324.0, 810324.0, 810324.0, 810324.0, 810324.0, 810324.0, 810324.0, 810324.0, 810324.0, 810324.0, 810324.0, 810324.0, 810324.0, 810324.0, 810324.0, 810324.0, 810324.0, 810324.0, 810324.0, 810324.0, 810324.0, 810324.0, 810324.0, 810324.0, 810324.0, 810324.0, 810324.0, 810324.0, 810324.0, 810324.0, 810324.0, 810324.0, 810324.0, 810324.0, 810324.0, 810324.0, 810324.0, 810324.0, 810324.0, 810324.0, 810324.0, 810324.0, 810324.0, 810324.0, 810324.0, 810324.0, 810324.0, 810324.0, 810324.0, 810324.0, 810324.0, 810324.0, 810324.0, 810324.0, 810324.0, 810324.0, 810324.0, 810324.0, 810324.0, 810324.0, 810324.0, 810324.0, 810324.0, 810324.0, 810324.0, 810324.0, 810324.0, 810324.0, 810324.0, 810324.0, 810324.0, 810324.0, 810324.0, 810324.0, 810324.0, 810324.0, 810324.0, 810324.0, 810324.0, 810324.0, 810324.0, 810324.0, 810324.0, 810324.0, 810324.0, 810324.0, 810324.0, 810324.0, 810324.0, 810324.0, 810324.0, 810324.0, 810324.0, 810324.0, 810324.0, 810324.0, 810324.0, 810324.0, 810324.0, 810324.0, 810324.0, 810324.0, 810324.0, 810324.0, 810324.0, 810324.0, 810324.0, 810324.0, 810324.0, 810324.0, 810324.0, 810324.0, 810324.0, 810324.0, 810324.0, 810324.0, 810324.0, 810324.0, 810324.0, 810324.0, 810324.0, 810324.0, 810324.0, 810324.0, 810324.0, 810324.0, 810324.0, 810324.0, 810324.0, 810324.0, 810324.0, 810324.0, 810324.0, 810324.0, 810324.0, 810324.0, 810324.0, 810324.0, 810324.0, 810324.0, 810324.0, 810324.0, 810324.0, 810324.0, 810324.0, 810324.0, 810324.0, 810324.0, 810324.0, 810324.0, 810324.0, 810324.0, 810324.0, 810324.0, 810324.0, 810324.0, 810324.0, 810324.0, 810324.0, 810324.0, 810324.0, 810324.0, 810324.0, 810324.0, 810324.0, 810324.0, 810324.0, 810324.0, 810324.0, 810324.0, 810324.0, 810324.0, 810324.0, 810324.0, 810324.0, 810324.0, 810324.0, 810324.0, 810324.0, 810324.0, 810324.0, 810324.0, 810324.0, 810324.0, 810324.0, 810324.0, 810324.0, 810324.0, 810324.0, 810324.0, 810324.0, 810324.0, 810324.0, 810324.0, 810324.0, 810324.0, 810324.0, 810324.0, 810324.0, 810324.0, 810324.0, 810324.0, 810324.0, 810324.0, 810324.0, 810324.0, 810324.0, 810324.0, 810324.0, 810324.0, 810324.0, 810324.0, 810324.0, 810324.0, 810324.0, 810324.0, 810324.0, 810324.0, 810324.0, 810324.0, 810324.0, 810324.0, 810324.0, 810324.0, 810324.0, 810324.0, 810324.0, 810324.0, 810324.0, 810324.0, 810324.0, 810324.0, 810324.0, 810324.0, 810324.0, 810324.0, 810324.0, 810324.0, 810324.0, 810324.0, 810324.0, 810324.0, 810324.0, 810324.0, 810324.0, 810324.0, 810324.0, 810324.0, 810324.0, 810324.0, 810324.0, 810324.0, 810324.0, 810324.0, 810324.0, 810324.0, 810324.0, 810324.0, 810324.0, 810324.0, 810324.0, 810324.0, 810324.0, 810324.0, 810324.0, 810324.0, 810324.0, 810324.0, 810324.0, 810324.0, 810324.0, 810324.0, 810324.0, 810324.0, 810324.0, 810324.0, 810324.0, 810324.0, 810324.0, 810324.0, 810324.0, 810324.0, 810324.0, 810324.0, 810324.0, 810324.0, 810324.0, 810324.0, 810324.0, 810324.0, 810324.0, 810324.0, 810324.0, 810324.0, 810324.0, 810324.0, 810324.0, 810324.0, 810324.0, 810324.0, 810324.0, 810324.0, 810324.0, 810324.0, 810324.0, 810324.0, 810324.0, 810324.0, 810324.0, 810324.0, 810324.0, 810324.0, 810324.0, 810324.0, 810324.0, 810324.0, 810324.0, 810324.0, 810324.0, 810324.0, 810324.0, 810324.0, 810324.0, 810324.0, 810324.0, 810324.0, 810324.0, 810324.0, 810324.0, 810324.0, 810324.0, 810324.0, 810324.0, 810324.0, 810324.0, 810324.0, 810324.0, 810324.0, 810324.0, 810324.0, 810324.0, 810324.0, 810324.0, 810324.0, 810324.0, 810324.0, 810324.0, 810324.0, 810324.0, 810324.0, 810324.0, 810324.0, 810324.0, 810324.0, 810324.0, 810324.0, 810324.0, 810324.0, 810324.0, 810324.0, 810324.0, 810324.0, 810324.0, 810324.0, 810324.0, 810324.0, 810324.0, 810324.0, 810324.0, 810324.0, 810324.0, 810324.0, 810324.0, 810324.0, 810324.0, 810324.0, 810324.0, 810324.0, 810324.0, 810324.0, 810324.0, 810324.0, 810324.0, 810324.0, 810324.0, 810324.0, 810324.0, 810324.0, 810324.0, 810324.0, 810324.0, 810324.0, 810324.0, 810324.0, 810324.0, 810324.0, 810324.0, 810324.0, 810324.0, 810324.0, 810324.0, 810324.0, 810324.0, 810324.0, 810324.0, 810324.0, 810324.0, 810324.0, 810324.0, 810324.0, 810324.0, 810324.0, 810324.0, 810324.0, 810324.0, 810324.0, 810324.0, 810324.0, 810324.0, 810324.0, 810324.0, 810324.0, 810324.0, 810324.0, 810324.0, 810324.0, 810324.0, 810324.0, 810324.0, 810324.0, 810324.0, 810324.0, 810324.0, 810324.0, 810324.0, 810324.0, 810324.0, 810324.0, 810324.0, 810324.0, 810324.0, 810324.0, 810324.0, 810324.0, 810324.0, 810324.0, 810324.0, 810324.0, 810324.0, 810324.0, 810324.0, 810324.0, 810324.0, 810324.0, 810324.0, 810324.0, 810324.0, 810324.0, 810324.0, 810324.0, 810324.0, 810324.0, 810324.0, 810324.0, 810324.0, 810324.0, 810324.0, 810324.0, 810324.0, 810324.0, 810324.0, 810324.0, 810324.0, 810324.0, 810324.0, 810324.0, 810324.0, 810324.0, 810324.0, 810324.0, 810324.0, 810324.0, 810324.0, 810324.0, 810324.0, 810324.0, 810324.0, 810324.0, 810324.0, 810324.0, 810324.0, 810324.0, 810324.0, 810324.0, 810324.0, 810324.0, 810324.0, 810324.0, 810324.0, 810324.0, 810324.0, 810324.0, 810324.0, 810324.0, 810324.0, 810324.0, 810324.0, 810324.0, 810324.0, 810324.0, 810324.0, 810324.0, 810324.0, 810324.0, 810324.0, 810324.0, 810324.0, 810324.0, 810324.0, 810324.0, 810324.0, 810324.0, 810324.0, 810324.0, 810324.0, 810324.0, 810324.0, 810324.0, 810324.0, 810324.0, 810324.0, 810324.0, 810324.0, 810324.0, 810324.0, 810324.0, 810324.0, 810324.0, 810324.0, 810324.0, 810324.0, 810324.0, 810324.0, 810324.0, 810324.0, 810324.0, 810324.0, 810324.0, 810324.0, 810324.0, 810324.0, 810324.0, 810324.0, 810324.0, 810324.0, 810324.0, 810324.0, 810324.0, 810324.0, 810324.0, 810324.0, 810324.0, 810324.0, 810324.0, 810324.0, 810324.0, 810324.0, 810324.0, 810324.0, 810324.0, 810324.0, 810324.0, 810324.0, 810324.0, 810324.0, 810324.0, 810324.0, 810324.0, 810324.0, 810324.0, 810324.0, 810324.0, 810324.0, 810324.0, 810324.0, 810324.0, 810324.0, 810324.0, 810324.0, 810324.0, 810324.0, 810324.0, 810324.0, 810324.0, 810324.0, 810324.0, 810324.0, 810324.0, 810324.0, 810324.0, 810324.0, 810324.0, 810324.0, 810324.0, 810324.0, 810324.0, 810324.0, 810324.0, 810324.0, 810324.0, 810324.0, 810324.0, 810324.0, 810324.0, 810324.0, 810324.0, 810324.0, 810324.0, 810324.0, 810324.0, 810324.0, 810324.0, 810324.0, 810324.0, 810324.0, 810324.0, 810324.0, 810324.0, 810324.0, 810324.0, 810324.0, 810324.0, 810324.0, 810324.0, 810324.0, 810324.0, 810324.0, 810324.0, 810324.0, 810324.0, 810324.0, 810324.0, 810324.0, 810324.0, 810324.0, 810324.0, 810324.0, 810324.0, 810324.0, 810324.0, 810324.0, 810324.0, 810324.0, 810324.0, 810324.0, 810324.0, 810324.0, 810324.0, 810324.0, 810324.0, 810324.0, 810324.0, 810324.0, 810324.0, 810324.0, 810324.0, 810324.0, 810324.0, 810324.0, 810324.0, 810324.0, 810324.0, 810324.0, 810324.0, 810324.0, 810324.0, 810324.0, 810324.0, 810324.0, 810324.0, 810324.0, 810324.0, 810324.0, 810324.0, 810324.0, 810324.0, 810324.0, 810324.0, 810324.0, 810324.0, 810324.0, 810324.0, 810324.0, 810324.0, 810324.0, 810324.0, 810324.0, 810324.0, 810324.0, 810324.0, 810324.0, 810324.0, 810324.0, 810324.0, 810324.0, 810324.0, 810324.0, 810324.0, 810324.0, 810324.0, 810324.0, 810324.0, 810324.0, 810324.0, 810324.0, 810324.0, 810324.0, 810324.0, 810324.0, 810324.0, 810324.0, 810324.0, 810324.0, 810324.0, 810324.0, 810324.0, 810324.0, 810324.0, 810324.0, 810324.0, 810324.0, 810324.0, 810324.0, 810324.0, 810324.0, 810324.0, 810324.0, 810324.0, 810324.0, 810324.0, 810324.0, 810324.0, 810324.0, 810324.0, 810324.0, 810324.0, 810324.0, 810324.0, 810324.0, 810324.0, 810324.0, 810324.0, 810324.0, 810324.0, 810324.0, 810324.0, 810324.0, 810324.0, 810324.0, 810324.0, 804872.4233809392, 804872.4233809392, 804872.4233809392, 804872.4233809392, 804872.4233809392, 804872.4233809392, 804872.4233809392, 804872.4233809392, 804872.4233809392, 804872.4233809392, 804872.4233809392, 804872.4233809392, 804872.4233809392, 804872.4233809392, 804872.4233809392, 804872.4233809392, 804872.4233809392, 804872.4233809392, 804872.4233809392, 804872.4233809392, 804872.4233809392, 804872.4233809392, 804872.4233809392, 804872.4233809392, 804872.4233809392, 804872.4233809392, 804872.4233809392, 804872.4233809392, 804872.4233809392, 804872.4233809392, 804872.4233809392, 804872.4233809392, 806133.5631256901, 806133.5631256901, 809058.886718335, 810018.0406798781, 810018.0406798781, 810018.0406798781, 810324.0, 810324.0, 810324.0, 810324.0, 810324.0, 810324.0, 810324.0, 810324.0, 810324.0, 810324.0, 810324.0, 810324.0, 810324.0, 810324.0, 810324.0, 810324.0, 810324.0, 810324.0, 810324.0, 810324.0, 810324.0, 810324.0, 810324.0, 810324.0, 810324.0, 810324.0, 810324.0, 810324.0, 810324.0, 810324.0, 810324.0, 810324.0, 810324.0, 810324.0, 810324.0, 810324.0, 810324.0, 810324.0, 810324.0, 810324.0, 810324.0, 810324.0, 810324.0, 810324.0, 810324.0, 810324.0, 810324.0, 810324.0, 810324.0, 810324.0, 810324.0, 810324.0, 810324.0, 810324.0, 810324.0, 810324.0, 810324.0, 810324.0, 810324.0, 810324.0, 810324.0, 810324.0, 810324.0, 810324.0, 810324.0, 810324.0, 810324.0, 810324.0, 810324.0, 810324.0, 810324.0, 810324.0, 810324.0, 810324.0, 810324.0, 810324.0, 810324.0, 810324.0, 810324.0, 810324.0, 810324.0, 810324.0, 810324.0, 810324.0, 810324.0, 810324.0, 810324.0, 810324.0, 810324.0, 810324.0, 810324.0, 810324.0, 810324.0, 810324.0, 810324.0, 810324.0, 810324.0, 810324.0, 810324.0, 810324.0, 810324.0, 810324.0, 810324.0, 810324.0, 810324.0, 810324.0, 810324.0, 810324.0, 810324.0, 810324.0, 810324.0, 810324.0, 810324.0, 810324.0, 810324.0, 810324.0, 810324.0, 810324.0, 810324.0, 810324.0, 810324.0, 810324.0, 810324.0, 810324.0, 810324.0, 810324.0, 810324.0, 810324.0, 810324.0, 810324.0, 810324.0, 810324.0, 810324.0, 810324.0, 810324.0, 810324.0, 810324.0, 810324.0, 810324.0, 810324.0, 810324.0, 810324.0, 810324.0, 810324.0, 810324.0, 810324.0, 810324.0, 810324.0, 810324.0, 810324.0, 810324.0, 810324.0, 810324.0, 810324.0, 810324.0, 810324.0, 810324.0, 810324.0, 810324.0, 810324.0, 810324.0, 810324.0, 810324.0, 810324.0, 810324.0, 810324.0, 810324.0, 810324.0, 810324.0, 810324.0, 810324.0, 810324.0, 810324.0, 810324.0, 810324.0, 810324.0, 810324.0, 810324.0, 810324.0, 810324.0, 810324.0, 810324.0, 810324.0, 810324.0, 810324.0, 810324.0, 810324.0, 810324.0, 810324.0, 810324.0, 810324.0, 810324.0, 810324.0, 810324.0, 810324.0, 810324.0, 810324.0, 810324.0, 810324.0, 810324.0, 810324.0, 810324.0, 810324.0, 810324.0, 810324.0, 810324.0, 810324.0, 810324.0, 810324.0, 810324.0, 810324.0, 810324.0, 810324.0, 810324.0, 810324.0, 810324.0, 810324.0, 810324.0, 810324.0, 810324.0, 810324.0, 810324.0, 810324.0, 810324.0, 810324.0, 810324.0, 810324.0, 810324.0, 810324.0, 810324.0, 810324.0, 810324.0, 810324.0, 810324.0, 810324.0, 810324.0, 810324.0, 810324.0, 810324.0, 810324.0, 810324.0, 810324.0, 810324.0, 810324.0, 810324.0, 810324.0, 810324.0, 810324.0, 810324.0, 810324.0, 810324.0, 810324.0, 810324.0, 810324.0, 810324.0, 810324.0, 810324.0, 810324.0, 810324.0, 810324.0, 810324.0, 810324.0, 810324.0, 810324.0, 810324.0, 810324.0, 810324.0, 810324.0, 810324.0, 810324.0, 810324.0, 810324.0, 810324.0, 810324.0, 810324.0, 810324.0, 810324.0, 810324.0, 810324.0, 810324.0, 810324.0, 810324.0, 810324.0, 810324.0, 810324.0, 810324.0, 810324.0, 810324.0, 810324.0, 810324.0, 810324.0, 810324.0, 810324.0, 810324.0, 810324.0, 810324.0, 810324.0, 810324.0, 810324.0, 810324.0, 810324.0, 810324.0, 810324.0, 810324.0, 810324.0, 810324.0, 810324.0, 810324.0, 810324.0, 810324.0, 810324.0, 810324.0, 810324.0, 810324.0, 810324.0, 810324.0, 810324.0, 810324.0, 810324.0, 810324.0, 810324.0, 810324.0, 810324.0, 810324.0, 810324.0, 810324.0, 810324.0, 810324.0, 810324.0, 810324.0, 810324.0, 810324.0, 810324.0, 810324.0, 810324.0, 810324.0, 810324.0, 810324.0, 810324.0, 810324.0, 810324.0, 810324.0, 810324.0, 810324.0, 810324.0, 810324.0, 810324.0, 810324.0, 810324.0, 810324.0, 810324.0, 810324.0, 810324.0, 810324.0, 810324.0, 810324.0, 810324.0, 810324.0, 810324.0, 810324.0, 810324.0, 810324.0, 810324.0, 810324.0, 810324.0, 810324.0, 810324.0, 810324.0, 810324.0, 810324.0, 810324.0, 810324.0, 810324.0, 810324.0, 810324.0, 810324.0, 810324.0, 810324.0, 810324.0, 810324.0, 810324.0, 810324.0, 810324.0, 810324.0, 810324.0, 810324.0, 810324.0, 810324.0, 810324.0, 810324.0, 810324.0, 810324.0, 810324.0, 810324.0, 810324.0, 810324.0, 810324.0, 810324.0, 810324.0, 810324.0, 810324.0, 810324.0, 810324.0, 810324.0, 810324.0, 810324.0, 810324.0, 810324.0, 810324.0, 810324.0, 810324.0, 810324.0, 810324.0, 810324.0, 810324.0, 810324.0, 810324.0, 810324.0, 810324.0, 810324.0, 810324.0, 810324.0, 810324.0, 810324.0, 810324.0, 810324.0, 810324.0, 810324.0, 810324.0, 810324.0, 810324.0, 810324.0, 810324.0, 810324.0, 810324.0, 810324.0, 810324.0, 810324.0, 810324.0, 810324.0, 810324.0, 810324.0, 810324.0, 810324.0, 810324.0, 810324.0, 810324.0, 810324.0, 810324.0, 810324.0, 810324.0, 810324.0, 810324.0, 810324.0, 810324.0, 810324.0, 810324.0, 810324.0, 810324.0, 810324.0, 810324.0, 810324.0, 810324.0, 810324.0, 810324.0, 810324.0, 810324.0, 810324.0, 810324.0, 810324.0, 810324.0, 810324.0, 810324.0, 810324.0, 810324.0, 810324.0, 810324.0, 810324.0, 810324.0, 810324.0, 810324.0, 810324.0, 810324.0, 810324.0, 810324.0, 810324.0, 810324.0, 810324.0, 810324.0, 810324.0, 810324.0, 810324.0, 810324.0, 810324.0, 810324.0, 810324.0, 810324.0, 810324.0, 810324.0, 810324.0, 810324.0, 810324.0, 810324.0, 810324.0, 810324.0, 810324.0, 810324.0, 810324.0, 810324.0, 810324.0, 810324.0, 810324.0, 810324.0, 810324.0, 810324.0, 810324.0, 810324.0, 810324.0, 810324.0, 810324.0, 810324.0, 810324.0, 810324.0, 810324.0, 810324.0, 810324.0, 810324.0, 810324.0, 810324.0, 810324.0, 810324.0, 810324.0, 810324.0, 810324.0, 810324.0, 810324.0, 810324.0, 810324.0, 810324.0, 810324.0, 810324.0, 810324.0, 810324.0, 810324.0, 810324.0, 810324.0, 810324.0, 810324.0, 810324.0, 810324.0, 810324.0, 810324.0, 810324.0, 810324.0, 810324.0, 810324.0, 810324.0, 810324.0, 810324.0, 810324.0, 810324.0, 810324.0, 810324.0, 810324.0, 810324.0, 810324.0, 810324.0, 810324.0, 810324.0, 810324.0, 810324.0, 810324.0, 810324.0, 810324.0, 810324.0, 810324.0, 810324.0, 810324.0, 810324.0, 810324.0, 810324.0, 810324.0, 810324.0, 810324.0, 810324.0, 810324.0, 810324.0, 810324.0, 810324.0, 810324.0, 810324.0, 810324.0, 810324.0, 810324.0, 810324.0, 810324.0, 810324.0, 810324.0, 810324.0, 810324.0, 810324.0, 810324.0, 810324.0, 810324.0, 810324.0, 810324.0, 810324.0, 810324.0, 810324.0, 810324.0, 810324.0, 810324.0, 810324.0, 810324.0, 810324.0, 810324.0, 810324.0, 810324.0, 810324.0, 810324.0, 810324.0, 810324.0, 810324.0, 810324.0, 810324.0, 810324.0, 810324.0, 810324.0, 810324.0, 810324.0, 810324.0, 810324.0, 810324.0, 810324.0, 810324.0, 810324.0, 810324.0, 810324.0, 810324.0, 810324.0, 810324.0, 810324.0, 810324.0, 810324.0, 810324.0, 810324.0, 810324.0, 810324.0, 810324.0, 810324.0, 810324.0, 810324.0, 810324.0, 810324.0, 810324.0, 810324.0, 810324.0, 810324.0, 810324.0, 810324.0, 810324.0, 810324.0, 810324.0, 810324.0, 810324.0, 810324.0, 810324.0, 810324.0, 810324.0, 810324.0, 810324.0, 810324.0, 810324.0, 810324.0, 810324.0, 810324.0, 810324.0, 810324.0, 810324.0, 810324.0, 810324.0, 810324.0, 810324.0, 810324.0, 810324.0, 810324.0, 810324.0, 810324.0, 810324.0, 810324.0, 810324.0, 810324.0, 810324.0, 810324.0, 810324.0, 810324.0, 810324.0, 810324.0, 810324.0, 810324.0, 810324.0, 810324.0, 810324.0, 810324.0, 810324.0, 810324.0, 810324.0, 810324.0, 810324.0, 810324.0, 810324.0, 810324.0, 810324.0, 810324.0, 810324.0, 810324.0, 810324.0, 810324.0, 810324.0, 810324.0, 810324.0, 810324.0, 810324.0, 810324.0, 810324.0, 810324.0, 810324.0, 810324.0, 810324.0, 810324.0, 810324.0, 810324.0, 810324.0, 810324.0, 810324.0, 810324.0, 810324.0, 810324.0, 810324.0, 810324.0, 810324.0, 810324.0, 810324.0, 810324.0, 810324.0, 810324.0, 810324.0, 810324.0, 810324.0, 810324.0, 810324.0, 810324.0, 810324.0, 810324.0, 810324.0, 810324.0, 810324.0, 810324.0, 810324.0, 810324.0, 810324.0, 810324.0, 810324.0, 810324.0, 810324.0, 810324.0, 810324.0, 810324.0, 810324.0, 810324.0, 810324.0, 810324.0, 810324.0, 810324.0, 810324.0, 810324.0, 810324.0, 810324.0, 810324.0, 810324.0, 810324.0, 810324.0, 810324.0, 810324.0, 810324.0, 810324.0, 810324.0, 810324.0, 810324.0, 810324.0, 810324.0, 810324.0, 810324.0, 810324.0, 810324.0, 810324.0, 810324.0, 810324.0, 810324.0, 810324.0, 810324.0, 810324.0, 810324.0, 810324.0, 810324.0, 810324.0, 810324.0, 810324.0, 810324.0, 810324.0, 810324.0, 810324.0, 810324.0, 810324.0, 810324.0, 810324.0, 810324.0, 810324.0, 810324.0, 810324.0, 810324.0, 810324.0, 810324.0, 810324.0, 810324.0, 809037.0961335297, 809037.0961335297, 809037.0961335297, 809037.0961335297, 809037.0961335297, 809037.0961335297, 809037.0961335297, 809037.0961335297, 809037.0961335297, 809037.0961335297, 809037.0961335297, 809037.0961335297, 809037.0961335297, 809037.0961335297, 809037.0961335297, 809037.0961335297, 809037.0961335297, 809037.0961335297, 809037.0961335297, 809037.0961335297, 809037.0961335297, 809037.0961335297, 809037.0961335297, 809037.0961335297, 809037.0961335297, 809037.0961335297, 809037.0961335297, 809037.0961335297, 809037.0961335297, 809037.0961335297, 809037.0961335297, 809037.0961335297, 809037.0961335297, 809037.0961335297, 809037.0961335297, 809037.0961335297, 809037.0961335297, 809037.0961335297, 810324.0, 810324.0, 810324.0, 810324.0, 810324.0, 810324.0, 810324.0, 810324.0, 809561.5052424906, 809561.5052424906, 809561.5052424906, 809561.5052424906, 809561.5052424906, 809561.5052424906, 809561.5052424906, 809561.5052424906, 809561.5052424906, 809561.5052424906, 809561.5052424906, 809561.5052424906, 809561.5052424906, 809561.5052424906, 809561.5052424906, 809561.5052424906, 809561.5052424906, 809561.5052424906, 809561.5052424906, 809561.5052424906, 809561.5052424906, 809561.5052424906, 809561.5052424906, 809561.5052424906, 809561.5052424906, 809561.5052424906, 809561.5052424906, 809561.5052424906, 809561.5052424906, 809561.5052424906, 809561.5052424906, 809561.5052424906, 809561.5052424906, 809561.5052424906, 809561.5052424906, 809561.5052424906, 809561.5052424906, 809561.5052424906, 809561.5052424906, 809561.5052424906, 809561.5052424906, 810324.0, 810324.0, 810324.0, 810324.0, 810324.0, 810324.0, 810324.0, 810324.0, 810324.0, 810324.0, 810324.0, 810324.0, 810324.0, 810324.0, 810324.0, 810324.0, 810324.0, 810324.0, 810324.0, 810324.0, 810324.0, 810324.0, 810324.0, 810324.0, 810324.0, 810324.0, 810324.0, 810324.0, 810324.0, 810324.0, 810324.0, 810324.0, 810324.0, 810324.0, 810324.0, 810324.0, 810324.0, 810324.0, 810324.0, 810324.0, 810324.0, 810324.0, 810324.0, 810324.0, 810324.0, 810324.0, 810324.0, 810324.0, 810324.0, 810324.0, 810324.0, 810324.0, 810324.0, 810324.0, 810324.0, 810324.0, 810324.0, 810324.0, 810324.0, 810324.0, 810324.0, 810324.0, 810324.0, 810324.0, 810324.0, 810324.0, 810324.0, 810324.0, 810324.0, 810324.0, 810324.0, 810324.0, 810324.0, 810324.0, 810324.0, 810324.0, 810324.0, 810324.0, 810324.0, 810324.0, 810324.0, 810324.0, 810324.0, 810324.0, 810324.0, 810324.0, 810324.0, 810324.0, 810324.0, 810324.0, 810324.0, 810324.0, 810324.0, 810324.0, 810324.0, 810324.0, 810324.0, 810324.0, 810324.0, 810324.0, 810324.0, 810324.0, 810324.0, 810324.0, 810324.0, 810324.0, 810324.0, 810324.0, 810324.0, 810324.0, 810324.0, 810324.0, 810324.0, 810324.0, 810324.0, 810324.0, 810324.0, 810324.0, 810324.0, 810324.0, 810324.0, 810324.0, 810324.0, 810324.0, 810324.0, 810324.0, 810324.0, 810324.0, 810324.0, 810324.0, 810324.0, 810324.0, 810324.0, 810324.0, 810324.0, 810324.0, 810324.0, 810324.0, 810324.0, 810324.0, 807917.1058394203, 807917.1058394203, 807917.1058394203, 807917.1058394203, 807917.1058394203, 807917.1058394203, 807917.1058394203, 807917.1058394203, 807917.1058394203, 807917.1058394203, 807917.1058394203, 807917.1058394203, 807917.1058394203, 807917.1058394203, 807917.1058394203, 807917.1058394203, 807917.1058394203, 807917.1058394203, 807917.1058394203, 807917.1058394203, 807917.1058394203, 807917.1058394203, 807917.1058394203, 807917.1058394203, 807917.1058394203, 807917.1058394203, 807917.1058394203, 807917.1058394203, 807917.1058394203, 807917.1058394203, 807917.1058394203, 807917.1058394203, 808481.2332714851, 808481.2332714851, 808481.2332714851, 809015.3960342032, 809015.3960342032, 809015.3960342032, 809015.3960342032, 810324.0, 810324.0, 810324.0, 810324.0, 810324.0, 810324.0, 810324.0, 810324.0, 810324.0, 810324.0, 810324.0, 810324.0, 810324.0, 810324.0, 810324.0, 810324.0, 810324.0, 810324.0, 810324.0, 810324.0, 810324.0, 810324.0, 810324.0, 810324.0, 810324.0, 810324.0, 810324.0, 810324.0, 810324.0, 810324.0, 810324.0, 810324.0, 810324.0, 810324.0, 810324.0, 810324.0, 810324.0, 810324.0, 810324.0, 810324.0, 810324.0, 810324.0, 810324.0, 810324.0, 810324.0, 810324.0, 810324.0, 810324.0, 810324.0, 810324.0, 810324.0, 810324.0, 810324.0, 810324.0, 810324.0, 810324.0, 810324.0, 810324.0, 810324.0, 810324.0, 810324.0, 810324.0, 810324.0, 810324.0, 810324.0, 810324.0, 810324.0, 810324.0, 810324.0, 810324.0, 810324.0, 810324.0, 810324.0, 810324.0, 810324.0, 810324.0, 810324.0, 810324.0, 810324.0, 810324.0, 810324.0, 810324.0, 810324.0, 810324.0, 810324.0, 810324.0, 810324.0, 810324.0, 810324.0, 810324.0, 810324.0, 810324.0, 810324.0, 810324.0, 810324.0, 810324.0, 810324.0, 810324.0, 810324.0, 810324.0, 810324.0, 810324.0, 810324.0, 810324.0, 810324.0, 810324.0, 810324.0, 810324.0, 810324.0, 810324.0, 810324.0, 810324.0, 810324.0, 810324.0, 810324.0, 810324.0, 810324.0, 810324.0, 810324.0, 810324.0, 810324.0, 810324.0, 810324.0, 810324.0, 810324.0, 810324.0, 810324.0, 810324.0, 810324.0, 810324.0, 810324.0, 810324.0, 810324.0, 810324.0, 810324.0, 810324.0, 810324.0, 810324.0, 810324.0, 810324.0, 810324.0, 810324.0, 810324.0, 810324.0, 810324.0, 810324.0, 810324.0, 810324.0, 810324.0, 810324.0, 810324.0, 810324.0, 810324.0, 810324.0, 810324.0, 810324.0, 810324.0, 810324.0, 810324.0, 810324.0, 810324.0, 810324.0, 810324.0, 810324.0, 810324.0, 810324.0, 810324.0, 810324.0, 810324.0, 810324.0, 810324.0, 810324.0, 810324.0, 810324.0, 810324.0, 810324.0, 810324.0, 810324.0, 810324.0, 810324.0, 810324.0, 810324.0, 810324.0, 810324.0, 810324.0, 810324.0, 810324.0, 810324.0, 810324.0, 810324.0, 810324.0, 810324.0, 810324.0, 810324.0, 810324.0, 810324.0, 810324.0, 810324.0, 810324.0, 810324.0, 810324.0, 810324.0, 810324.0, 810324.0, 810324.0, 810324.0, 810324.0, 810324.0, 810324.0, 810324.0, 810324.0, 810324.0, 810324.0, 810324.0, 810324.0, 810324.0, 810324.0, 810324.0, 810324.0, 810324.0, 810324.0, 810324.0, 810324.0, 810324.0, 810324.0, 810324.0, 810324.0, 810324.0, 810324.0, 810324.0, 810324.0, 810324.0, 810324.0, 810324.0, 810324.0, 810324.0, 810324.0, 810324.0, 810324.0, 810324.0, 810324.0, 810324.0, 810324.0, 810324.0, 810324.0, 810324.0, 810324.0, 810324.0, 810324.0, 810324.0, 810324.0, 810324.0, 810324.0, 810324.0, 810324.0, 810324.0, 810324.0, 810324.0, 810324.0, 810324.0, 810324.0, 810324.0, 810324.0, 810324.0, 810324.0, 810324.0, 810324.0, 810324.0, 810324.0, 810324.0, 810324.0, 810324.0, 810324.0, 810324.0, 810324.0, 810324.0, 810324.0, 810324.0, 810324.0, 810324.0, 810324.0, 810324.0, 810324.0, 810324.0, 810324.0, 810324.0, 810324.0, 810324.0, 810324.0, 810324.0, 810324.0, 810324.0, 810324.0, 810324.0, 810324.0, 810324.0, 810324.0, 810324.0, 810324.0, 810324.0, 810324.0, 810324.0, 810324.0, 810324.0, 810324.0, 810324.0, 810324.0, 810324.0, 810324.0, 810324.0, 810324.0, 810324.0, 810324.0, 810324.0, 810324.0, 810324.0, 810324.0, 810324.0, 810324.0, 810324.0, 810324.0, 810324.0, 810324.0, 810324.0, 810324.0, 810324.0, 810324.0, 810324.0, 810324.0, 810324.0, 810324.0, 810324.0, 810324.0, 810324.0, 810324.0, 810324.0, 810324.0, 810324.0, 810324.0, 810324.0, 810324.0, 810324.0, 810324.0, 810324.0, 810324.0, 810324.0, 810324.0, 810324.0, 810324.0, 810324.0, 810324.0, 810324.0, 810324.0, 810324.0, 810324.0, 810324.0, 810324.0, 810324.0, 810324.0, 810324.0, 810324.0, 810324.0, 810324.0, 810324.0, 810324.0, 810324.0, 810324.0, 810324.0, 810324.0, 810324.0, 810324.0, 810324.0, 810324.0, 810324.0, 810324.0, 810324.0, 810324.0, 810324.0, 810324.0, 810324.0, 810324.0, 810324.0, 810324.0, 810324.0, 810324.0, 810324.0, 810324.0, 810324.0, 810324.0, 810324.0, 810324.0, 810324.0, 810324.0, 810324.0, 810324.0, 810324.0, 810324.0, 810324.0, 810324.0, 810324.0, 810324.0, 810324.0, 810324.0, 810324.0, 810324.0, 810324.0, 810324.0, 810324.0, 810324.0, 810324.0, 810324.0, 810324.0, 810324.0, 810324.0, 810324.0, 807613.2274271128, 807613.2274271128, 807613.2274271128, 807613.2274271128, 807613.2274271128, 807613.2274271128, 807613.2274271128, 807613.2274271128, 807613.2274271128, 807613.2274271128, 807613.2274271128, 807613.2274271128, 807613.2274271128, 807613.2274271128, 807613.2274271128, 807613.2274271128, 807613.2274271128, 807613.2274271128, 807613.2274271128, 807613.2274271128, 807613.2274271128, 807613.2274271128, 807613.2274271128, 807613.2274271128, 807613.2274271128, 807613.2274271128, 807613.2274271128, 807613.2274271128, 807613.2274271128, 807613.2274271128, 807613.2274271128, 807613.2274271128, 810324.0, 810324.0, 810324.0, 810324.0, 810324.0, 810324.0, 810324.0, 810324.0, 810324.0, 810324.0, 810324.0, 810324.0, 810324.0, 810324.0, 810324.0, 810324.0, 810324.0, 810324.0, 810324.0, 810324.0, 810324.0, 810324.0, 810324.0, 810324.0, 810324.0, 810324.0, 810324.0, 810324.0, 810324.0, 810324.0, 810324.0, 810324.0, 810324.0, 810324.0, 810324.0, 810324.0, 810324.0, 810324.0, 810324.0, 810324.0, 810324.0, 810324.0, 810324.0, 810324.0, 810324.0, 810324.0, 810324.0, 810324.0, 810324.0, 810324.0, 810324.0, 810324.0, 810324.0, 810324.0, 810324.0, 810324.0, 810324.0, 810324.0, 810324.0, 810324.0, 810324.0, 810324.0, 810324.0, 810324.0, 810324.0, 810324.0, 810324.0, 810324.0, 810324.0, 810324.0, 810324.0, 810324.0, 810324.0, 810324.0, 810324.0, 810324.0, 810324.0, 810324.0, 810324.0, 810324.0, 810324.0, 810324.0, 810324.0, 810324.0, 810324.0, 810324.0, 810324.0, 810324.0, 810324.0, 810324.0, 810324.0, 810324.0, 810324.0, 810324.0, 810324.0, 810324.0, 810324.0, 810324.0, 810324.0, 810324.0, 810324.0, 810324.0, 810324.0, 810324.0, 810324.0, 810324.0, 810324.0, 810324.0, 810324.0, 810324.0, 810324.0, 810324.0, 810324.0, 810324.0, 810324.0, 810324.0, 810324.0, 810324.0, 810324.0, 810324.0, 810324.0, 810324.0, 810324.0, 810324.0, 810324.0, 810324.0, 810324.0, 810324.0, 810324.0, 810324.0, 810324.0, 810324.0, 810324.0, 810324.0, 810324.0, 810324.0, 810324.0, 810324.0, 810324.0, 810324.0, 810324.0, 810324.0, 810324.0, 810324.0, 810324.0, 810324.0, 810324.0, 810324.0, 810324.0, 810324.0, 810324.0, 810324.0, 810324.0, 810324.0, 810324.0, 810324.0, 810324.0, 810324.0, 810324.0, 810324.0, 810324.0, 810324.0, 810324.0, 810324.0, 810324.0, 810324.0, 810324.0, 810324.0, 810324.0, 810324.0, 810324.0, 810324.0, 810324.0, 810324.0, 810324.0, 810324.0, 810324.0, 810324.0, 810324.0, 810324.0, 810324.0, 810324.0, 810324.0, 810324.0, 810324.0, 810324.0, 810324.0, 810324.0, 810324.0, 810324.0, 810324.0, 810324.0, 810324.0, 810324.0, 810324.0, 810324.0, 810324.0, 810324.0, 810324.0, 810324.0, 810324.0, 810324.0, 810324.0, 810324.0, 810324.0, 810324.0, 810324.0, 810324.0, 810324.0, 810324.0, 810324.0, 810324.0, 810324.0, 810324.0, 810324.0, 810324.0, 810324.0, 810324.0, 810324.0, 810324.0, 810324.0, 810324.0, 810324.0, 810324.0, 810324.0, 810324.0, 810324.0, 810324.0, 810324.0, 810324.0, 810324.0, 810324.0, 810324.0, 810324.0, 810324.0, 810324.0, 810324.0, 810324.0, 810324.0, 810324.0, 810324.0, 810324.0, 810324.0, 810324.0, 810324.0, 810324.0, 810324.0, 810324.0, 810324.0, 810324.0, 810324.0, 810324.0, 810324.0, 810324.0, 810324.0, 810324.0, 810324.0, 810324.0, 810324.0, 810324.0, 810324.0, 810324.0, 810324.0, 810324.0, 810324.0, 810324.0, 810324.0, 810324.0, 810324.0, 810324.0, 810324.0, 810324.0, 810324.0, 810324.0, 810324.0, 810324.0, 810324.0, 810324.0, 810324.0, 810324.0, 810324.0, 810324.0, 810324.0, 810324.0, 810324.0, 810324.0, 810324.0, 810324.0, 810324.0, 810324.0, 810324.0, 810324.0, 810324.0, 810324.0, 810324.0, 810324.0, 810324.0, 810324.0, 810324.0, 810324.0, 810324.0, 810324.0, 810324.0, 810324.0, 810324.0, 810324.0, 810324.0, 810324.0, 810324.0, 810324.0, 810324.0, 810324.0, 810324.0, 810324.0, 810324.0, 810324.0, 810324.0, 810324.0, 810324.0, 810324.0, 810324.0, 810324.0, 810324.0, 810324.0, 810324.0, 810324.0, 810324.0, 810324.0, 810324.0, 810324.0, 810324.0, 810324.0, 810324.0, 810324.0, 810324.0, 810324.0, 810324.0, 810324.0, 810324.0, 810324.0, 810324.0, 810324.0, 810324.0, 810324.0, 810324.0, 810324.0, 810324.0, 810324.0, 810324.0, 810324.0, 810324.0, 810324.0, 810324.0, 810324.0, 810324.0, 810324.0, 810324.0, 810324.0, 810324.0, 810324.0, 810324.0, 810324.0, 810324.0, 810324.0, 810324.0, 810324.0, 810324.0, 810324.0, 810324.0, 810324.0, 810324.0, 810324.0, 810324.0, 810324.0, 810324.0, 810324.0, 810324.0, 809411.8551262205, 809411.8551262205, 809411.8551262205, 809411.8551262205, 809411.8551262205, 809411.8551262205, 809411.8551262205, 809411.8551262205, 809411.8551262205, 809411.8551262205, 809411.8551262205, 809411.8551262205, 809411.8551262205, 809411.8551262205, 809411.8551262205, 809411.8551262205, 809411.8551262205, 809411.8551262205, 809411.8551262205, 809411.8551262205, 809411.8551262205, 809411.8551262205, 809411.8551262205, 809411.8551262205, 809411.8551262205, 809411.8551262205, 809411.8551262205, 809411.8551262205, 809411.8551262205, 809411.8551262205, 809411.8551262205, 809411.8551262205, 809411.8551262205, 809411.8551262205, 809411.8551262205, 809411.8551262205, 809411.8551262205, 809411.8551262205, 809411.8551262205, 809411.8551262205, 809411.8551262205, 809411.8551262205, 809411.8551262205, 805907.5507804039, 805907.5507804039, 810289.1103274459, 810289.1103274459, 810289.1103274459, 810289.1103274459, 810289.1103274459, 810289.1103274459, 810289.1103274459, 810289.1103274459, 810289.1103274459, 810289.1103274459, 810289.1103274459, 810289.1103274459, 810289.1103274459, 810289.1103274459, 810289.1103274459, 810289.1103274459, 810289.1103274459, 810289.1103274459, 810289.1103274459, 810289.1103274459, 810289.1103274459, 810289.1103274459, 810289.1103274459, 810289.1103274459, 810289.1103274459, 810289.1103274459, 810289.1103274459, 810289.1103274459, 810289.1103274459, 810289.1103274459, 810289.1103274459, 810289.1103274459, 810289.1103274459, 810289.1103274459, 810289.1103274459, 810289.1103274459, 810289.1103274459, 810289.1103274459, 810289.1103274459, 810324.0, 810324.0, 810324.0, 810324.0, 810324.0, 810324.0, 810324.0, 810324.0, 810324.0, 810324.0, 810324.0, 810324.0, 810324.0, 810324.0, 810324.0, 810324.0, 810324.0, 810324.0, 810324.0, 810324.0, 810324.0, 810324.0, 810324.0, 810324.0, 810324.0, 810324.0, 810324.0, 810324.0, 810324.0, 810324.0, 810324.0, 810324.0, 810324.0, 810324.0, 810324.0, 810324.0, 810324.0, 810324.0, 810324.0, 810324.0, 810324.0, 810324.0, 810324.0, 810324.0, 810324.0, 810324.0, 810324.0, 810324.0, 810324.0, 810324.0, 810324.0, 810324.0, 810324.0, 810324.0, 810324.0, 810324.0, 810324.0, 810324.0, 810324.0, 810324.0, 810324.0, 810324.0, 810324.0, 810324.0, 810324.0, 810324.0, 810324.0, 810324.0, 810324.0, 810324.0, 810324.0, 810324.0, 810324.0, 810324.0, 810324.0, 810324.0, 810324.0, 810324.0, 810324.0, 810324.0, 810324.0, 810324.0, 810324.0, 810324.0, 810324.0, 810324.0, 810324.0, 810324.0, 810324.0, 810324.0, 810324.0, 810324.0, 810324.0, 810324.0, 810324.0, 810324.0, 810324.0, 810324.0, 810324.0, 810324.0, 810324.0, 810324.0, 810324.0, 810324.0, 810324.0, 810324.0, 810324.0, 810324.0, 810324.0, 810324.0, 810324.0, 810324.0, 810324.0, 810324.0, 810324.0, 810324.0, 810324.0, 810324.0, 810324.0, 810324.0, 810324.0, 810324.0, 810324.0, 810324.0, 810324.0, 810324.0, 810324.0, 810324.0, 810324.0, 810324.0, 810324.0, 810324.0, 810324.0, 810324.0, 810324.0, 810324.0, 810324.0, 810324.0, 810324.0, 810324.0, 810324.0, 810324.0, 810324.0, 810324.0, 810324.0, 810324.0, 810324.0, 810324.0, 810324.0, 810324.0, 810324.0, 810324.0, 810324.0, 810324.0, 810324.0, 810324.0, 810324.0, 810324.0, 810324.0, 810324.0, 810324.0, 810324.0, 810324.0, 810324.0, 810324.0, 810324.0, 810324.0, 810324.0, 810324.0, 810324.0, 810324.0, 810324.0, 810324.0, 810324.0, 810324.0, 810324.0, 810324.0, 810324.0, 810324.0, 810324.0, 810324.0, 810324.0, 810324.0, 810324.0, 810324.0, 810324.0, 810324.0, 810324.0, 802928.4642334462, 802928.4642334462, 802928.4642334462, 802928.4642334462, 802928.4642334462, 802928.4642334462, 802928.4642334462, 802928.4642334462, 802928.4642334462, 802928.4642334462, 802928.4642334462, 802928.4642334462, 802928.4642334462, 802928.4642334462, 802928.4642334462, 802928.4642334462, 802928.4642334462, 802928.4642334462, 802928.4642334462, 802928.4642334462, 802928.4642334462, 802928.4642334462, 802928.4642334462, 802928.4642334462, 802928.4642334462, 802928.4642334462, 802928.4642334462, 802928.4642334462, 802928.4642334462, 802928.4642334462, 802928.4642334462, 802928.4642334462, 810324.0, 810324.0, 810324.0, 810324.0, 810324.0, 810324.0, 810324.0, 810324.0, 810324.0, 810324.0, 810324.0, 810324.0, 810324.0, 810324.0, 810324.0, 810324.0, 810324.0, 810324.0, 810324.0, 810324.0, 810324.0, 810324.0, 810324.0, 810324.0, 810324.0, 810324.0, 810324.0, 810324.0, 810324.0, 810324.0, 810324.0, 810324.0, 810324.0, 810324.0, 810324.0, 810324.0, 810324.0, 810324.0, 810324.0, 810324.0, 810324.0, 810324.0, 810324.0, 810324.0, 810324.0, 810324.0, 810324.0, 810324.0, 810324.0, 810324.0, 810324.0, 810324.0, 810324.0, 810324.0, 810324.0, 810324.0, 810324.0, 810324.0, 810324.0, 810324.0, 810324.0, 810324.0, 810324.0, 810324.0, 810324.0, 810324.0, 810324.0, 810324.0, 810324.0, 810324.0, 810324.0, 810324.0, 810324.0, 810324.0, 810324.0, 810324.0, 810324.0, 810324.0, 810324.0, 810324.0, 810324.0, 810324.0, 810324.0, 810324.0, 810324.0, 810324.0, 810324.0, 810324.0, 810324.0, 810324.0, 810324.0, 810324.0, 810324.0, 810324.0, 810324.0, 810324.0, 810324.0, 810324.0, 810324.0, 810324.0, 810324.0, 810324.0, 810324.0, 810324.0, 810324.0, 810324.0, 810324.0, 810324.0, 810324.0, 810324.0, 810324.0, 810324.0, 810324.0, 810324.0, 810324.0, 810324.0, 810324.0, 810324.0, 810324.0, 810324.0, 810324.0, 810324.0, 810324.0, 810324.0, 810324.0, 810324.0, 810324.0, 810324.0, 810324.0, 810324.0, 810324.0, 810324.0, 810324.0, 810324.0, 810324.0, 810324.0, 810324.0, 810324.0, 810324.0, 810324.0, 810324.0, 810324.0, 810324.0, 810324.0, 810324.0, 810324.0, 810324.0, 810324.0, 810324.0, 810324.0, 810324.0, 810324.0, 810324.0, 810324.0, 810324.0, 810324.0, 810324.0, 810324.0, 810324.0, 810324.0, 810324.0, 810324.0, 810324.0, 810324.0, 810324.0, 810324.0, 810324.0, 810324.0, 810324.0, 810324.0, 810324.0, 810324.0, 810324.0, 810324.0, 810324.0, 810324.0, 810324.0, 810324.0, 810324.0, 810324.0, 810324.0, 810324.0, 810324.0, 810324.0, 810324.0, 810324.0, 810324.0, 810324.0, 810324.0, 810324.0, 810324.0, 810324.0, 810324.0, 810324.0, 810324.0, 810324.0, 810324.0, 810324.0, 810324.0, 810324.0, 810324.0, 810324.0, 810324.0, 810324.0, 810324.0, 810324.0, 810324.0, 810324.0, 810324.0, 810324.0, 810324.0, 810324.0, 810324.0, 810324.0, 810324.0, 810324.0, 810324.0, 810324.0, 810324.0, 810324.0, 810324.0, 810324.0, 810324.0, 810324.0, 810324.0, 810324.0, 810324.0, 810324.0, 810324.0, 810324.0, 810324.0, 810324.0, 810324.0, 810324.0, 810324.0, 810324.0, 810324.0, 810324.0, 810324.0, 810324.0, 810324.0, 809096.3948720219, 809096.3948720219, 809096.3948720219, 809096.3948720219, 809096.3948720219, 809096.3948720219, 809096.3948720219, 809096.3948720219, 809096.3948720219, 809096.3948720219, 809096.3948720219, 809096.3948720219, 809096.3948720219, 809096.3948720219, 809096.3948720219, 809096.3948720219, 809096.3948720219, 809096.3948720219, 809096.3948720219, 809096.3948720219, 809096.3948720219, 809096.3948720219, 809096.3948720219, 809096.3948720219, 809096.3948720219, 809096.3948720219, 809096.3948720219, 809096.3948720219, 809096.3948720219, 809096.3948720219, 809096.3948720219, 809096.3948720219, 809096.3948720219, 809096.3948720219, 809096.3948720219, 809096.3948720219, 809096.3948720219, 810324.0, 810324.0, 810324.0, 810324.0, 810324.0, 810324.0, 810324.0, 810324.0, 810324.0, 810324.0, 810324.0, 810324.0, 810324.0, 810324.0, 810324.0, 810324.0, 810324.0, 810324.0, 810324.0, 810324.0, 810324.0, 810324.0, 810324.0, 810324.0, 810324.0, 810324.0, 810324.0, 810324.0, 810324.0, 810324.0, 810324.0, 810324.0, 810324.0, 810324.0, 810324.0, 810324.0, 810324.0, 810324.0, 810324.0, 810324.0, 810324.0, 810324.0, 810324.0, 810324.0, 810324.0, 810324.0, 810324.0, 810324.0, 810324.0, 810324.0, 810324.0, 810324.0, 810324.0, 810324.0, 810324.0, 810324.0, 810324.0, 810324.0, 810324.0, 810324.0, 810324.0, 810324.0, 810324.0, 810324.0, 810324.0, 810324.0, 810324.0, 810324.0, 810324.0, 810324.0, 810324.0, 810324.0, 810324.0, 810324.0, 810324.0, 810324.0, 810324.0, 810324.0, 810324.0, 810324.0, 810324.0, 810324.0, 810324.0, 810324.0, 810324.0, 810324.0, 810324.0, 810324.0, 810324.0, 810324.0, 810324.0, 810324.0, 810324.0, 810324.0, 810324.0, 810324.0, 810324.0, 810324.0, 810324.0, 810324.0, 810324.0, 810324.0, 810324.0, 810324.0, 810324.0, 810324.0, 810324.0, 810324.0, 810324.0, 810324.0, 810324.0, 810324.0, 810324.0, 810324.0, 810324.0, 810324.0, 810324.0, 810324.0, 810324.0, 810324.0, 810324.0, 810324.0, 810324.0, 810324.0, 810324.0, 810324.0, 810324.0, 810324.0, 810324.0, 810324.0, 810324.0, 810324.0, 810324.0, 810324.0, 810324.0, 810324.0, 810324.0, 810324.0, 810324.0, 810324.0, 810324.0, 810324.0, 810324.0, 810324.0, 810324.0, 810324.0, 810324.0, 810324.0, 810324.0, 810324.0, 810324.0, 810324.0, 810324.0, 810324.0, 810324.0, 810324.0, 810324.0, 810324.0, 810324.0, 810324.0, 810324.0, 810324.0, 810324.0, 810324.0, 810324.0, 810324.0, 810324.0, 810324.0, 810324.0, 810324.0, 810324.0, 810324.0, 810324.0, 810324.0, 810324.0, 810324.0, 810324.0, 810324.0, 810324.0, 810324.0, 810324.0, 810324.0, 810324.0, 810324.0, 810324.0, 810324.0, 810324.0, 810324.0, 810324.0, 810324.0, 810324.0, 
39848.62203278459, 26445.303579787196, 26445.303579787196, 16617.802579040464, 16617.802579040464, 7626.97009865226, 7626.97009865226, 7626.97009865226, 7626.97009865226, 7626.97009865226, 7626.97009865226, 5661.070403688345, 3641.3406764036204, 3641.3406764036204, 3641.3406764036204, 3375.4789484397825, 2716.4124344375987, 2716.4124344375987, 2116.6882880764865, 2116.6882880764865, 2116.6882880764865, 1778.2748624073847, 1513.7844084126873, 1513.7844084126873, 896.0772466248995, 896.0772466248995, 896.0772466248995, 896.0772466248995, 896.0772466248995, 713.3560793432341, 463.10922180851, 463.10922180851, 463.10922180851, 436.285391875556, 321.7004092881919, 321.7004092881919, 321.7004092881919, 321.7004092881919, 321.7004092881919, 238.3744773537428, 214.80975658030582, 214.80975658030582, 214.80975658030582, 214.80975658030582, 208.0604510442961, 208.0604510442961, 195.30605125548578, 176.2902042136033, 176.2902042136033, 176.2902042136033, 176.2902042136033, 176.2902042136033, 73.59574451981108, 73.59574451981108, 73.59574451981108, 73.59574451981108, 73.59574451981108, 73.59574451981108, 73.59574451981108, 73.59574451981108, 73.59574451981108, 73.59574451981108, 73.59574451981108, 73.59574451981108, 73.59574451981108, 73.59574451981108, 73.59574451981108, 73.59574451981108, 73.59574451981108, 73.59574451981108, 73.59574451981108, 73.59574451981108, 73.59574451981108, 73.59574451981108, 73.59574451981108, 73.59574451981108, 73.59574451981108, 73.59574451981108, 73.59574451981108, 69.73590675805227, 69.73590675805227, 69.73590675805227, 69.73590675805227, 69.73590675805227, 69.73590675805227, 69.73590675805227, 69.73590675805227, 69.73590675805227, 69.73590675805227, 69.73590675805227, 69.73590675805227, 156717.41172220834, 156717.41172220834, 286694.5493878705, 318969.2823386247, 318969.2823386247, 257737.81480337778, 276342.9382945042, 259896.52319799273, 289581.8757083219, 337636.0803196353, 465887.7231019861, 549150.1395990822, 549150.1395990822, 549150.1395990822, 735826.732557521, 735826.732557521, 735826.732557521, 735826.732557521, 735826.732557521, 735826.732557521, 735826.732557521, 735826.732557521, 735826.732557521, 735826.732557521, 724796.4973010994, 724796.4973010994, 749853.8866835828, 749853.8866835828, 802391.0765993946, 802391.0765993946, 802391.0765993946, 802391.0765993946, 802391.0765993946, 802391.0765993946, 801317.9492136672, 801317.9492136672, 801317.9492136672, 801317.9492136672, 810270.2733624063, 810270.2733624063, 810270.2733624063, 810308.5556322893, 810308.5556322893, 810308.5556322893, 810308.5556322893, 810324.0, 810324.0, 810324.0, 810324.0, 810324.0, 810324.0, 810324.0, 810324.0, 810324.0, 810324.0, 810324.0, 810324.0, 810324.0, 810324.0, 810324.0, 810324.0, 810324.0, 810324.0, 810324.0, 810324.0, 810324.0, 810324.0, 810324.0, 810324.0, 810324.0, 810324.0, 810324.0, 810324.0, 810324.0, 810324.0, 810324.0, 810324.0, 810324.0, 810324.0, 810324.0, 810324.0, 810324.0, 810324.0, 810324.0, 810324.0, 810324.0, 810324.0, 810324.0, 810324.0, 810324.0, 810324.0, 810324.0, 810324.0, 810324.0, 810324.0, 810324.0, 810324.0, 810324.0, 810324.0, 810324.0, 810324.0, 810324.0, 810324.0, 810324.0, 810324.0, 810324.0, 810324.0, 810324.0, 810324.0, 810324.0, 810324.0, 810324.0, 810324.0, 810324.0, 810324.0, 810324.0, 810324.0, 810324.0, 810324.0, 810324.0, 810324.0, 810324.0, 810324.0, 810324.0, 810324.0, 810324.0, 810324.0, 810324.0, 810324.0, 810324.0, 810324.0, 810324.0, 810324.0, 810324.0, 810324.0, 810324.0, 810324.0, 810324.0, 810324.0, 810324.0, 810324.0, 810324.0, 810324.0, 810324.0, 810324.0, 810324.0, 810324.0, 810324.0, 810324.0, 810324.0, 810324.0, 810324.0, 810324.0, 810324.0, 810324.0, 810324.0, 810324.0, 810324.0, 810324.0, 810324.0, 810324.0, 810324.0, 810324.0, 810324.0, 810324.0, 810324.0, 810324.0, 810324.0, 810324.0, 810324.0, 810324.0, 810324.0, 810324.0, 810324.0, 810324.0, 810324.0, 810324.0, 810324.0, 810324.0, 810324.0, 810324.0, 810324.0, 810324.0, 810324.0, 810324.0, 810324.0, 810324.0, 810324.0, 810324.0, 810324.0, 810324.0, 810324.0, 810324.0, 810324.0, 810324.0, 810324.0, 810324.0, 810324.0, 810324.0, 810324.0, 810324.0, 810324.0, 810324.0, 810324.0, 810324.0, 810324.0, 810324.0, 810324.0, 810324.0, 810324.0, 810324.0, 810324.0, 810324.0, 810324.0, 810324.0, 810324.0, 810324.0, 810324.0, 810324.0, 810324.0, 810324.0, 810324.0, 810324.0, 810324.0, 810324.0, 810324.0, 810324.0, 810324.0, 810324.0, 810324.0, 810324.0, 810324.0, 810324.0, 810324.0, 810324.0, 810324.0, 810324.0, 810324.0, 810324.0, 810324.0, 810324.0, 810324.0, 810324.0, 810324.0, 810324.0, 810324.0, 810324.0, 810324.0, 810324.0, 810324.0, 810324.0, 810324.0, 810324.0, 810324.0, 810324.0, 810324.0, 810324.0, 810324.0, 810324.0, 810324.0, 810324.0, 810324.0, 810324.0, 810324.0, 810324.0, 810324.0, 810324.0, 810324.0, 810324.0, 810324.0, 810324.0, 810324.0, 810324.0, 810324.0, 810324.0, 810324.0, 810324.0, 810324.0, 810324.0, 810324.0, 810324.0, 810324.0, 810324.0, 810324.0, 810324.0, 810324.0, 810324.0, 810324.0, 810324.0, 810324.0, 810324.0, 810324.0, 810324.0, 810324.0, 810324.0, 810324.0, 810324.0, 810324.0, 810324.0, 810324.0, 810324.0, 810324.0, 810324.0, 810324.0, 810324.0, 810324.0, 810324.0, 810324.0, 810324.0, 810324.0, 810324.0, 810324.0, 810324.0, 810324.0, 810324.0, 810324.0, 810324.0, 810324.0, 810324.0, 810324.0, 810324.0, 810324.0, 810324.0, 810324.0, 810324.0, 810324.0, 810324.0, 810324.0, 810324.0, 810324.0, 810324.0, 810324.0, 810324.0, 810324.0, 810324.0, 810324.0, 810324.0, 810324.0, 810324.0, 810324.0, 810324.0, 810324.0, 810324.0, 810324.0, 810324.0, 810324.0, 810324.0, 810324.0, 810324.0, 810324.0, 810324.0, 810324.0, 810324.0, 810324.0, 810324.0, 810324.0, 810324.0, 810324.0, 810324.0, 810324.0, 810324.0, 810324.0, 810324.0, 810324.0, 810324.0, 810324.0, 810324.0, 810324.0, 810324.0, 810324.0, 810324.0, 810324.0, 810324.0, 810324.0, 810324.0, 810324.0, 810324.0, 810324.0, 810324.0, 810324.0, 810324.0, 810324.0, 810324.0, 810324.0, 810324.0, 810324.0, 810324.0, 810324.0, 810324.0, 810324.0, 810324.0, 810324.0, 810324.0, 810324.0, 810324.0, 810324.0, 810324.0, 810324.0, 810324.0, 810324.0, 810324.0, 810324.0, 810324.0, 810324.0, 810324.0, 810324.0, 810324.0, 810324.0, 810324.0, 810324.0, 810324.0, 810324.0, 810324.0, 810324.0, 810324.0, 810324.0, 810324.0, 810324.0, 810324.0, 810324.0, 810324.0, 810324.0, 810324.0, 810324.0, 810324.0, 810324.0, 810324.0, 810324.0, 810324.0, 810324.0, 810324.0, 810324.0, 810324.0, 810324.0, 810324.0, 810324.0, 810324.0, 810324.0, 810324.0, 810324.0, 810324.0, 810324.0, 810324.0, 810324.0, 810324.0, 810324.0, 810324.0, 810324.0, 810324.0, 810324.0, 810324.0, 810324.0, 810324.0, 810324.0, 810324.0, 810324.0, 810324.0, 810324.0, 810324.0, 810324.0, 810324.0, 810324.0, 810324.0, 810324.0, 810324.0, 810324.0, 810324.0, 810324.0, 810324.0, 810324.0, 810324.0, 810324.0, 810324.0, 810324.0, 810324.0, 810324.0, 810324.0, 810324.0, 810324.0, 810324.0, 810324.0, 810324.0, 810324.0, 810324.0, 810324.0, 810324.0, 810324.0, 810324.0, 810324.0, 810324.0, 810324.0, 810324.0, 810324.0, 810324.0, 810324.0, 810324.0, 810324.0, 810324.0, 810324.0, 793917.3593230995, 793917.3593230995, 793917.3593230995, 793917.3593230995, 793917.3593230995, 793917.3593230995, 793917.3593230995, 793917.3593230995, 793917.3593230995, 793917.3593230995, 793917.3593230995, 793917.3593230995, 793917.3593230995, 793917.3593230995, 793917.3593230995, 793917.3593230995, 793917.3593230995, 793917.3593230995, 793917.3593230995, 793917.3593230995, 793917.3593230995, 793917.3593230995, 793917.3593230995, 793917.3593230995, 793917.3593230995, 793917.3593230995, 793917.3593230995, 793917.3593230995, 793917.3593230995, 793917.3593230995, 793917.3593230995, 793917.3593230995, 799143.7387962498, 799143.7387962498, 810324.0, 810324.0, 810324.0, 810324.0, 810324.0, 810324.0, 810324.0, 810324.0, 810324.0, 810324.0, 810324.0, 810324.0, 810324.0, 810324.0, 810324.0, 810324.0, 810324.0, 810324.0, 810324.0, 810324.0, 810324.0, 810324.0, 810324.0, 810324.0, 810324.0, 810324.0, 810324.0, 810324.0, 810324.0, 810324.0, 810324.0, 810324.0, 810324.0, 810324.0, 810324.0, 810324.0, 810324.0, 810324.0, 810324.0, 810324.0, 810324.0, 810324.0, 810324.0, 810324.0, 810324.0, 810324.0, 810324.0, 810324.0, 810324.0, 810324.0, 810324.0, 810324.0, 810324.0, 810324.0, 810324.0, 810324.0, 810324.0, 810324.0, 810324.0, 810324.0, 810324.0, 810324.0, 810324.0, 810324.0, 810324.0, 810324.0, 810324.0, 810324.0, 810324.0, 810324.0, 810324.0, 810324.0, 810324.0, 810324.0, 810324.0, 810324.0, 810324.0, 810324.0, 810324.0, 810324.0, 810324.0, 810324.0, 810324.0, 810324.0, 810324.0, 810324.0, 810324.0, 810324.0, 810324.0, 810324.0, 810324.0, 810324.0, 810324.0, 810324.0, 810324.0, 810324.0, 810324.0, 810324.0, 810324.0, 810324.0, 810324.0, 810324.0, 810324.0, 810324.0, 810324.0, 810324.0, 810324.0, 810324.0, 810324.0, 810324.0, 810324.0, 810324.0, 810324.0, 810324.0, 810324.0, 810324.0, 810324.0, 810324.0, 810324.0, 810324.0, 810324.0, 810324.0, 810324.0, 810324.0, 810324.0, 810324.0, 810324.0, 810324.0, 810324.0, 810324.0, 810324.0, 810324.0, 810324.0, 810324.0, 810324.0, 810324.0, 810324.0, 810324.0, 810324.0, 810324.0, 810324.0, 810324.0, 810324.0, 810324.0, 810324.0, 810324.0, 810324.0, 810324.0, 810324.0, 810324.0, 810324.0, 810324.0, 810324.0, 810324.0, 810324.0, 810324.0, 810324.0, 810324.0, 810324.0, 810324.0, 810324.0, 810324.0, 810324.0, 810324.0, 810324.0, 810324.0, 810324.0, 810324.0, 810324.0, 810324.0, 810324.0, 810324.0, 810324.0, 810324.0, 810324.0, 810324.0, 810324.0, 810324.0, 810324.0, 810324.0, 810324.0, 810324.0, 810324.0, 810324.0, 810324.0, 810324.0, 810324.0, 810324.0, 810324.0, 810324.0, 810324.0, 810324.0, 810324.0, 810324.0, 810324.0, 810324.0, 810324.0, 810324.0, 810324.0, 810324.0, 810324.0, 810324.0, 810324.0, 810324.0, 810324.0, 810324.0, 810324.0, 810324.0, 810324.0, 810324.0, 810324.0, 810324.0, 810324.0, 810324.0, 810324.0, 810324.0, 810324.0, 810324.0, 810324.0, 810324.0, 810324.0, 810324.0, 810324.0, 810324.0, 810324.0, 810324.0, 810324.0, 810324.0, 810324.0, 810324.0, 810324.0, 810324.0, 810324.0, 810324.0, 810324.0, 810324.0, 810324.0, 810324.0, 810324.0, 810324.0, 810324.0, 810324.0, 810324.0, 810324.0, 810324.0, 810324.0, 810324.0, 810324.0, 810324.0, 810324.0, 810324.0, 810324.0, 810324.0, 810324.0, 810324.0, 810324.0, 810324.0, 810324.0, 810324.0, 810324.0, 810324.0, 810324.0, 810324.0, 810324.0, 810324.0, 810324.0, 810324.0, 810324.0, 810324.0, 810324.0, 810324.0, 810324.0, 810324.0, 810324.0, 810324.0, 810324.0, 810324.0, 810324.0, 810324.0, 810324.0, 810324.0, 810324.0, 810324.0, 810324.0, 810324.0, 810324.0, 810324.0, 810324.0, 810324.0, 810324.0, 810324.0, 810324.0, 810324.0, 810324.0, 810324.0, 810324.0, 810324.0, 810324.0, 810324.0, 810324.0, 810324.0, 810324.0, 810324.0, 810324.0, 810324.0, 810324.0, 810324.0, 810324.0, 810324.0, 810324.0, 810324.0, 810324.0, 810324.0, 810324.0, 810324.0, 810324.0, 810324.0, 810324.0, 810324.0, 810324.0, 810324.0, 810324.0, 810324.0, 810324.0, 810324.0, 810324.0, 810324.0, 810324.0, 810324.0, 804799.0929896756, 804799.0929896756, 804799.0929896756, 804799.0929896756, 804799.0929896756, 804799.0929896756, 804799.0929896756, 804799.0929896756, 804799.0929896756, 804799.0929896756, 804799.0929896756, 804799.0929896756, 804799.0929896756, 804799.0929896756, 804799.0929896756, 804799.0929896756, 804799.0929896756, 804799.0929896756, 804799.0929896756, 804799.0929896756, 804799.0929896756, 804799.0929896756, 804799.0929896756, 804799.0929896756, 804799.0929896756, 804799.0929896756, 804799.0929896756, 804799.0929896756, 804799.0929896756, 804799.0929896756, 804799.0929896756, 804799.0929896756, 804799.0929896756, 804799.0929896756, 804799.0929896756, 804799.0929896756, 804799.0929896756, 808575.8263500894, 808575.8263500894, 810324.0, 810324.0, 810324.0, 810324.0, 810324.0, 810324.0, 810324.0, 810218.6845988769, 810218.6845988769, 810218.6845988769, 810218.6845988769, 810218.6845988769, 810218.6845988769, 810218.6845988769, 810218.6845988769, 810218.6845988769, 810218.6845988769, 810218.6845988769, 810218.6845988769, 810218.6845988769, 810218.6845988769, 810218.6845988769, 810218.6845988769, 810218.6845988769, 810218.6845988769, 810218.6845988769, 810218.6845988769, 810218.6845988769, 810218.6845988769, 810218.6845988769, 810218.6845988769, 810218.6845988769, 810218.6845988769, 810218.6845988769, 810218.6845988769, 810218.6845988769, 810218.6845988769, 810218.6845988769, 810218.6845988769, 810218.6845988769, 810218.6845988769, 810218.6845988769, 810324.0, 810324.0, 810324.0, 810324.0, 810324.0, 810324.0, 810324.0, 810324.0, 810324.0, 810324.0, 810324.0, 810324.0, 810324.0, 810324.0, 810324.0, 810324.0, 810324.0, 810324.0, 810324.0, 810324.0, 810324.0, 810324.0, 810324.0, 810324.0, 810324.0, 810324.0, 810324.0, 810324.0, 810324.0, 810324.0, 810324.0, 810324.0, 810324.0, 810324.0, 810324.0, 810324.0, 810324.0, 810324.0, 810324.0, 810324.0, 810324.0, 810324.0, 810324.0, 810324.0, 810324.0, 810324.0, 810324.0, 810324.0, 810324.0, 810324.0, 810324.0, 810324.0, 810324.0, 810324.0, 810324.0, 810324.0, 810324.0, 810324.0, 810324.0, 810324.0, 810324.0, 810324.0, 810324.0, 810324.0, 810324.0, 810324.0, 810324.0, 810324.0, 810324.0, 810324.0, 810324.0, 810324.0, 810324.0, 810324.0, 810324.0, 810324.0, 810324.0, 810324.0, 810324.0, 810324.0, 810324.0, 810324.0, 810324.0, 810324.0, 810324.0, 810324.0, 810324.0, 810324.0, 810324.0, 810324.0, 810324.0, 810324.0, 810324.0, 810324.0, 810324.0, 810324.0, 810324.0, 810324.0, 810324.0, 810324.0, 810324.0, 810324.0, 810324.0, 810324.0, 810324.0, 810324.0, 810324.0, 810324.0, 810324.0, 810324.0, 810324.0, 810324.0, 810324.0, 810324.0, 810324.0, 810324.0, 810324.0, 810324.0, 810324.0, 810324.0, 810324.0, 810324.0, 810324.0, 810324.0, 810324.0, 810324.0, 810324.0, 810324.0, 810324.0, 810324.0, 810324.0, 810324.0, 810324.0, 810324.0, 810324.0, 810324.0, 810324.0, 810324.0, 810324.0, 810324.0, 810324.0, 810324.0, 810324.0, 810324.0, 810324.0, 810324.0, 810324.0, 810324.0, 810324.0, 810324.0, 810324.0, 810324.0, 810324.0, 810324.0, 810324.0, 810324.0, 810324.0, 810324.0, 810324.0, 810324.0, 810324.0, 810324.0, 810324.0, 810324.0, 810324.0, 810324.0, 810324.0, 810324.0, 810324.0, 810324.0, 810324.0, 810324.0, 810324.0, 810324.0, 810324.0, 810324.0, 810324.0, 810324.0, 810324.0, 810324.0, 810324.0, 810324.0, 810324.0, 810324.0, 810324.0, 810324.0, 810324.0, 810324.0, 810324.0, 810324.0, 810324.0, 810324.0, 810324.0, 810324.0, 810324.0, 810324.0, 810324.0, 810324.0, 810324.0, 810324.0, 810324.0, 810324.0, 810324.0, 810324.0, 810324.0, 810324.0, 810324.0, 810324.0, 810324.0, 810324.0, 810324.0, 810324.0, 810324.0, 810324.0, 810324.0, 810324.0, 810324.0, 810324.0, 810324.0, 810324.0, 810324.0, 810324.0, 810324.0, 810324.0, 810324.0, 810324.0, 810324.0, 810324.0, 810324.0, 810324.0, 810324.0, 810324.0, 810324.0, 810324.0, 810324.0, 810324.0, 810324.0, 810324.0, 810324.0, 810324.0, 810324.0, 810324.0, 810324.0, 810324.0, 810324.0, 810324.0, 810324.0, 810324.0, 810324.0, 810324.0, 810324.0, 810324.0, 810324.0, 810324.0, 810324.0, 810324.0, 810324.0, 810324.0, 810324.0, 810324.0, 810324.0, 810324.0, 810324.0, 810324.0, 810324.0, 810324.0, 810324.0, 810324.0, 810324.0, 810324.0, 810324.0, 810324.0, 810324.0, 810324.0, 810324.0, 810324.0, 810324.0, 810324.0, 810324.0, 810324.0, 810324.0, 810324.0, 810324.0, 810324.0, 810324.0, 810324.0, 810324.0, 810324.0, 810324.0, 810324.0, 810324.0, 810324.0, 810324.0, 810324.0, 810324.0, 810324.0, 810324.0, 810324.0, 810324.0, 810324.0, 810324.0, 810324.0, 810324.0, 810324.0, 810324.0, 810324.0, 810324.0, 810324.0, 810324.0, 810324.0, 810324.0, 810324.0, 810324.0, 810324.0, 810324.0, 810324.0, 810324.0, 810324.0, 810324.0, 810324.0, 810324.0, 810324.0, 810324.0, 810324.0, 810324.0, 810324.0, 810324.0, 810324.0, 810324.0, 810324.0, 810324.0, 810324.0, 810324.0, 810324.0, 810324.0, 810324.0, 810324.0, 810324.0, 810324.0, 810324.0, 810324.0, 810324.0, 810324.0, 810324.0, 810324.0, 810324.0, 810324.0, 810324.0, 810324.0, 810324.0, 810324.0, 810324.0, 810324.0, 810324.0, 810324.0, 810324.0, 810324.0, 810324.0, 810324.0, 810324.0, 810324.0, 810324.0, 810324.0, 810324.0, 810324.0, 810324.0, 810324.0, 810324.0, 810324.0, 810324.0, 810324.0, 810324.0, 810324.0, 810324.0, 810324.0, 810324.0, 810324.0, 810324.0, 810324.0, 810324.0, 810324.0, 810324.0, 810324.0, 810324.0, 810324.0, 810324.0, 810324.0, 810324.0, 810324.0, 810324.0, 810324.0, 810324.0, 810324.0, 810324.0, 810324.0, 810324.0, 810324.0, 810324.0, 810324.0, 810324.0, 810324.0, 810324.0, 810324.0, 810324.0, 810324.0, 810324.0, 810324.0, 810324.0, 810324.0, 810324.0, 810324.0, 810324.0, 810324.0, 810324.0, 810324.0, 810324.0, 810324.0, 810324.0, 810324.0, 810324.0, 810324.0, 810324.0, 810324.0, 810324.0, 810324.0, 810324.0, 810324.0, 810324.0, 810324.0, 810324.0, 810324.0, 810324.0, 810324.0, 810324.0, 810324.0, 810324.0, 810324.0, 810324.0, 810324.0, 810324.0, 810324.0, 810324.0, 810324.0, 810324.0, 810324.0, 810324.0, 810324.0, 810324.0, 810324.0, 810324.0, 810324.0, 810324.0, 810324.0, 810324.0, 810324.0, 810324.0, 810324.0, 810324.0, 810324.0, 810324.0, 810324.0, 810324.0, 810324.0, 810324.0, 810324.0, 810324.0, 810324.0, 810324.0, 810324.0, 810324.0, 810324.0, 810324.0, 810324.0, 810324.0, 810324.0, 810324.0, 810324.0, 810324.0, 810324.0, 810324.0, 810324.0, 810324.0, 810324.0, 810324.0, 810324.0, 810324.0, 810324.0, 810324.0, 810324.0, 810324.0, 810324.0, 810324.0, 810324.0, 810324.0, 810324.0, 810324.0, 810324.0, 810324.0, 810324.0, 810324.0, 810324.0, 810324.0, 810324.0, 810324.0, 810324.0, 810324.0, 810324.0, 810324.0, 810324.0, 810324.0, 810324.0, 810324.0, 810324.0, 810324.0, 810324.0, 810324.0, 810324.0, 810324.0, 810324.0, 810324.0, 810324.0, 810324.0, 810324.0, 810324.0, 810324.0, 810324.0, 810324.0, 810324.0, 810324.0, 810324.0, 810324.0, 810324.0, 810324.0, 810324.0, 810324.0, 810324.0, 810324.0, 810324.0, 810324.0, 810324.0, 810324.0, 810324.0, 810324.0, 810324.0, 810324.0, 810324.0, 810324.0, 810324.0, 810324.0, 810324.0, 810324.0, 810324.0, 810324.0, 810324.0, 810324.0, 810324.0, 810324.0, 810324.0, 810324.0, 810324.0, 810324.0, 810324.0, 810324.0, 810324.0, 810324.0, 810324.0, 810324.0, 810324.0, 810324.0, 810324.0, 810324.0, 810324.0, 810324.0, 810324.0, 810324.0, 810324.0, 810324.0, 810324.0, 810324.0, 810324.0, 810324.0, 810324.0, 810324.0, 810324.0, 810324.0, 810324.0, 810324.0, 810324.0, 810324.0, 810324.0, 810324.0, 810324.0, 810324.0, 810324.0, 810324.0, 810324.0, 810324.0, 810324.0, 810324.0, 810324.0, 810324.0, 810324.0, 810324.0, 810324.0, 810324.0, 810324.0, 810324.0, 810324.0, 810324.0, 810324.0, 810324.0, 810324.0, 810324.0, 810324.0, 810324.0, 810324.0, 810324.0, 810324.0, 810324.0, 810324.0, 810324.0, 810324.0, 810324.0, 810324.0, 810324.0, 810324.0, 810324.0, 810324.0, 810324.0, 810324.0, 810324.0, 810324.0, 810324.0, 810324.0, 810324.0, 810324.0, 810324.0, 810324.0, 810324.0, 810324.0, 810324.0, 810324.0, 810324.0, 810324.0, 810324.0, 810324.0, 810324.0, 810324.0, 810324.0, 810324.0, 810324.0, 810324.0, 810324.0, 810324.0, 810324.0, 810324.0, 810324.0, 810324.0, 810324.0, 810324.0, 810324.0, 810324.0, 810324.0, 810324.0, 810324.0, 810324.0, 810324.0, 810324.0, 810324.0, 810324.0, 810324.0, 810324.0, 810324.0, 810324.0, 810324.0, 810324.0, 810324.0, 810324.0, 810324.0, 810324.0, 810324.0, 810324.0, 810324.0, 810324.0, 810324.0, 810324.0, 810324.0, 810324.0, 810324.0, 810324.0, 810324.0, 810324.0, 810324.0, 810324.0, 810324.0, 810324.0, 810324.0, 810324.0, 810324.0, 810324.0, 810324.0, 810324.0, 810324.0, 810324.0, 810324.0, 810324.0, 810324.0, 810324.0, 810324.0, 810324.0, 810324.0, 810324.0, 810324.0, 810324.0, 810324.0, 810324.0, 810324.0, 810324.0, 810324.0, 810324.0, 810324.0, 810324.0, 810324.0, 810324.0, 810324.0, 810324.0, 810324.0, 810324.0, 810324.0, 810324.0, 810324.0, 810324.0, 810324.0, 810324.0, 810324.0, 810324.0, 810324.0, 810324.0, 810324.0, 810324.0, 810324.0, 810324.0, 810324.0, 810324.0, 810324.0, 810324.0, 810324.0, 810324.0, 810324.0, 810324.0, 810324.0, 810324.0, 810324.0, 810324.0, 810324.0, 810324.0, 810324.0, 810324.0, 810324.0, 810324.0, 810324.0, 810324.0, 810324.0, 810324.0, 810324.0, 810324.0, 810324.0, 810324.0, 810324.0, 810324.0, 810324.0, 810324.0, 810324.0, 810324.0, 810324.0, 810324.0, 810324.0, 810324.0, 810324.0, 810324.0, 810324.0, 810324.0, 810324.0, 810324.0, 810324.0, 810324.0, 810324.0, 810324.0, 810324.0, 810324.0, 810324.0, 810324.0, 810324.0, 810324.0, 810324.0, 810324.0, 810324.0, 810324.0, 810324.0, 810324.0, 810324.0, 810324.0, 810324.0, 810324.0, 810324.0, 810324.0, 810324.0, 810324.0, 810324.0, 810324.0, 810324.0, 810324.0, 810324.0, 810324.0, 810324.0, 810324.0, 810324.0, 810324.0, 810324.0, 810324.0, 810324.0, 810324.0, 810324.0, 810324.0, 810324.0, 810324.0, 810324.0, 809914.7826218317, 809914.7826218317, 809914.7826218317, 809914.7826218317, 809914.7826218317, 809914.7826218317, 809914.7826218317, 809914.7826218317, 809914.7826218317, 809914.7826218317, 809914.7826218317, 809914.7826218317, 809914.7826218317, 809914.7826218317, 809914.7826218317, 809914.7826218317, 809914.7826218317, 809914.7826218317, 809914.7826218317, 809914.7826218317, 809914.7826218317, 809914.7826218317, 809914.7826218317, 809914.7826218317, 809914.7826218317, 809914.7826218317, 809914.7826218317, 809914.7826218317, 809914.7826218317, 809914.7826218317, 809914.7826218317, 809914.7826218317, 809914.7826218317, 809914.7826218317, 809914.7826218317, 809914.7826218317, 809914.7826218317, 810240.685319993, 810240.685319993, 810240.685319993, 810240.685319993, 810240.685319993, 810240.685319993, 810324.0, 810324.0, 810324.0, 810324.0, 810324.0, 810324.0, 810324.0, 810324.0, 810324.0, 810324.0, 810324.0, 810324.0, 810324.0, 810324.0, 810324.0, 810324.0, 810324.0, 810324.0, 810324.0, 810324.0, 810324.0, 810324.0, 810324.0, 810324.0, 810324.0, 810324.0, 810324.0, 810324.0, 810324.0, 810324.0, 810324.0, 810324.0, 810324.0, 810324.0, 810324.0, 810324.0, 810324.0, 810324.0, 810324.0, 810324.0, 810324.0, 810324.0, 810324.0, 810324.0, 810324.0, 810324.0, 810324.0, 810324.0, 810324.0, 810324.0, 810324.0, 810324.0, 810324.0, 810324.0, 810324.0, 810324.0, 810324.0, 810324.0, 810324.0, 810324.0, 810324.0, 810324.0, 810324.0, 810324.0, 810324.0, 810324.0, 810324.0, 810324.0, 810324.0, 810324.0, 810324.0, 810324.0, 810324.0, 810324.0, 810324.0, 810324.0, 810324.0, 810324.0, 810324.0, 810324.0, 810324.0, 810324.0, 810324.0, 810324.0, 810324.0, 810324.0, 810324.0, 810324.0, 810324.0, 810324.0, 810324.0, 810324.0, 810324.0, 810324.0, 810324.0, 810324.0, 810324.0, 810324.0, 810324.0, 810324.0, 810324.0, 810324.0, 810324.0, 810324.0, 810324.0, 810324.0, 810324.0, 810324.0, 810324.0, 810324.0, 810324.0, 810324.0, 810324.0, 810324.0, 810324.0, 810324.0, 810324.0, 810324.0, 810324.0, 810324.0, 810324.0, 810324.0, 810324.0, 810324.0, 810324.0, 810324.0, 810324.0, 810324.0, 810324.0, 810324.0, 810324.0, 810324.0, 810324.0, 810324.0, 810324.0, 810324.0, 810324.0, 810324.0, 810324.0, 810324.0, 810324.0, 810324.0, 810324.0, 810324.0, 810324.0, 810324.0, 810324.0, 810324.0, 810324.0, 810324.0, 810324.0, 810324.0, 810324.0, 810324.0, 810324.0, 810324.0, 810324.0, 810324.0, 810324.0, 810324.0, 810324.0, 810324.0, 810324.0, 810324.0, 810324.0, 810324.0, 810324.0, 810324.0, 810324.0, 810324.0, 810324.0, 810324.0, 810324.0, 810324.0, 810324.0, 810324.0, 810324.0, 810324.0, 810324.0, 810324.0, 810324.0, 810324.0, 810324.0, 810324.0, 810324.0, 810324.0, 810324.0, 810324.0, 810324.0, 810324.0, 810324.0, 810324.0, 810324.0, 810324.0, 810324.0, 810324.0, 810324.0, 810324.0, 810324.0, 810324.0, 810324.0, 810324.0, 810324.0, 810324.0, 810324.0, 810324.0, 810324.0, 810324.0, 810324.0, 810324.0, 810324.0, 810324.0, 810324.0, 810324.0, 810324.0, 810324.0, 810324.0, 810324.0, 810324.0, 810324.0, 810324.0, 810324.0, 810324.0, 810324.0, 810324.0, 810324.0, 810324.0, 810324.0, 810324.0, 810324.0, 810324.0, 810324.0, 810324.0, 810324.0, 810324.0, 810324.0, 810324.0, 810324.0, 810324.0, 810324.0, 810324.0, 810324.0, 810324.0, 810324.0, 810324.0, 810324.0, 810324.0, 810324.0, 810324.0, 810324.0, 810324.0, 810324.0, 810324.0, 810324.0, 810324.0, 810324.0, 810324.0, 810324.0, 810324.0, 810324.0, 810324.0, 810324.0, 810324.0, 810324.0, 810324.0, 810324.0, 810324.0, 810324.0, 810324.0, 810324.0, 810324.0, 810324.0, 810324.0, 810324.0, 810324.0, 810324.0, 810324.0, 810324.0, 810324.0, 810324.0, 810324.0, 810324.0, 810324.0, 810324.0, 810324.0, 810324.0, 810324.0, 810324.0, 810324.0, 810324.0, 810324.0, 810324.0, 810324.0, 810324.0, 810324.0, 810324.0, 810324.0, 810324.0, 810324.0, 810324.0, 810324.0, 810324.0, 810324.0, 810324.0, 810324.0, 810324.0, 810324.0, 810324.0, 810324.0, 810324.0, 810324.0, 810324.0, 810324.0, 810324.0, 810324.0, 810324.0, 810324.0, 810324.0, 810324.0, 810324.0, 810324.0, 810324.0, 810324.0, 810324.0, 810324.0, 810324.0, 810324.0, 810324.0, 810324.0, 810324.0, 810324.0, 810324.0, 810324.0, 810324.0, 810324.0, 810324.0, 810324.0, 810324.0, 810324.0, 810324.0, 810324.0, 810324.0, 810324.0, 810324.0, 810324.0, 810324.0, 810324.0, 810324.0, 810324.0, 810324.0, 810324.0, 810324.0, 810324.0, 810324.0, 810324.0, 810324.0, 810324.0, 810324.0, 810324.0, 810324.0, 810324.0, 810324.0, 810324.0, 810324.0, 810324.0, 810324.0, 810324.0, 810324.0, 810324.0, 810324.0, 810324.0, 810324.0, 810324.0, 810324.0, 810324.0, 810324.0, 810324.0, 810324.0, 810324.0, 810324.0, 810324.0, 810324.0, 810324.0, 810324.0, 810324.0, 810324.0, 810324.0, 810324.0, 810324.0, 810324.0, 810324.0, 810324.0, 810324.0, 810324.0, 810324.0, 810324.0, 810324.0, 810324.0, 810324.0, 810324.0, 810324.0, 810324.0, 810324.0, 810324.0, 810324.0, 810324.0, 810324.0, 810324.0, 810324.0, 810324.0, 810324.0, 810324.0, 810324.0, 810324.0, 810324.0, 810324.0, 810324.0, 810324.0, 810324.0, 810324.0, 810324.0, 810324.0, 810324.0, 810324.0, 810324.0, 810324.0, 810324.0, 810324.0, 810324.0, 810324.0, 810324.0, 810324.0, 810324.0, 810324.0, 810324.0, 810324.0, 810324.0, 810324.0, 810324.0, 810324.0, 810324.0, 810324.0, 810324.0, 810324.0, 810324.0, 810324.0, 810324.0, 810324.0, 810324.0, 810324.0, 810324.0, 810324.0, 810324.0, 810324.0, 810324.0, 810324.0, 810324.0, 810324.0, 810324.0, 810324.0, 810324.0, 810324.0, 810324.0, 810324.0, 810324.0, 810324.0, 810324.0, 810324.0, 810324.0, 810324.0, 810324.0, 810324.0, 810324.0, 810324.0, 810324.0, 810324.0, 810324.0, 810324.0, 810324.0, 810324.0, 810324.0, 810324.0, 810324.0, 810324.0, 810324.0, 810324.0, 810324.0, 810324.0, 810324.0, 810324.0, 810324.0, 810324.0, 810324.0, 810324.0, 810324.0, 810324.0, 810324.0, 810324.0, 810324.0, 810324.0, 810324.0, 810324.0, 810324.0, 810324.0, 810324.0, 810324.0, 810324.0, 810324.0, 810324.0, 810324.0, 810324.0, 810324.0, 810324.0, 810324.0, 810324.0, 810324.0, 810324.0, 810324.0, 810324.0, 810324.0, 810324.0, 810324.0, 810324.0, 810324.0, 810324.0, 810324.0, 810324.0, 810324.0, 810324.0, 810324.0, 810324.0, 810324.0, 810324.0, 810324.0, 810324.0, 810324.0, 810324.0, 810324.0, 810324.0, 810324.0, 810324.0, 810324.0, 810324.0, 810324.0, 810324.0, 810324.0, 810324.0, 810324.0, 810324.0, 810324.0, 810324.0, 810324.0, 810324.0, 810324.0, 810324.0, 810324.0, 810324.0, 810324.0, 810324.0, 810324.0, 810324.0, 810324.0, 810324.0, 810324.0, 810324.0, 810324.0, 810324.0, 810324.0, 810324.0, 810324.0, 810324.0, 810324.0, 810324.0, 810324.0, 810324.0, 810324.0, 810324.0, 810324.0, 810324.0, 810324.0, 810324.0, 810324.0, 810324.0, 810324.0, 810324.0, 810324.0, 810324.0, 810324.0, 810324.0, 810324.0, 810324.0, 810324.0, 810324.0, 810324.0, 810324.0, 810324.0, 810324.0, 810324.0, 810324.0, 810324.0, 810324.0, 810324.0, 810324.0, 810324.0, 810324.0, 810324.0, 810324.0, 810324.0, 810324.0, 810324.0, 810324.0, 810324.0, 810324.0, 810324.0, 810324.0, 810324.0, 810324.0, 810324.0, 810324.0, 810324.0, 810324.0, 810324.0, 810324.0, 810324.0, 810324.0, 810324.0, 810324.0, 810324.0, 810324.0, 810324.0, 810324.0, 810324.0, 810324.0, 810324.0, 810324.0, 810324.0, 810324.0, 810324.0, 810324.0, 810324.0, 810324.0, 810324.0, 810324.0, 810324.0, 810324.0, 810324.0, 810324.0, 810324.0, 810324.0, 810324.0, 810324.0, 810324.0, 810324.0, 810324.0, 810324.0, 810324.0, 810324.0, 810324.0, 810324.0, 810324.0, 810324.0, 810324.0, 810324.0, 810324.0, 810324.0, 810324.0, 810324.0, 810324.0, 810324.0, 810324.0, 810324.0, 810324.0, 810324.0, 810324.0, 810324.0, 810324.0, 810324.0, 810324.0, 810324.0, 810324.0, 810324.0, 810324.0, 810324.0, 810324.0, 810324.0, 810324.0, 810324.0, 810324.0, 810324.0, 810324.0, 810324.0, 810324.0, 810324.0, 810324.0, 810324.0, 810324.0, 810324.0, 810324.0, 810324.0, 810324.0, 810324.0, 810324.0, 810324.0, 810324.0, 810324.0, 810324.0, 810324.0, 810324.0, 810324.0, 810324.0, 810324.0, 810324.0, 810324.0, 810324.0, 810324.0, 810324.0, 810324.0, 810324.0, 810324.0, 810324.0, 810324.0, 810324.0, 810324.0, 810324.0, 810324.0, 810324.0, 810324.0, 810324.0, 810324.0, 810324.0, 810324.0, 810324.0, 810324.0, 810324.0, 810324.0, 810324.0, 810324.0, 810324.0, 810324.0, 810324.0, 810324.0, 810324.0, 810324.0, 810324.0, 810324.0, 810324.0, 810324.0, 810324.0, 810324.0, 810324.0, 810324.0, 810324.0, 810324.0, 810324.0, 810324.0, 810324.0, 810324.0, 810324.0, 810324.0, 810324.0, 810324.0, 810324.0, 810324.0, 810324.0, 810324.0, 810324.0, 810324.0, 810324.0, 810324.0, 810324.0, 810324.0, 810324.0, 810324.0, 810324.0, 810324.0, 810324.0, 810324.0, 810324.0, 810324.0, 810324.0, 810324.0, 810324.0, 810324.0, 810324.0, 810324.0, 810324.0, 810324.0, 810324.0, 810324.0, 810324.0, 810324.0, 810324.0, 810324.0, 810324.0, 810324.0, 810324.0, 810324.0, 810324.0, 810324.0, 810324.0, 810324.0, 810324.0, 810324.0, 810324.0, 810324.0, 810324.0, 810324.0, 810324.0, 810324.0, 810324.0, 810324.0, 810324.0, 810324.0, 810324.0, 810324.0, 810324.0, 810324.0, 810324.0, 810324.0, 810324.0, 810324.0, 810324.0, 810324.0, 810324.0, 810324.0, 810324.0, 810324.0, 810324.0, 810324.0, 810324.0, 810324.0, 810324.0, 810324.0, 810324.0, 810324.0, 810324.0, 810324.0, 810324.0, 810324.0, 810324.0, 810324.0, 810324.0, 810324.0, 810324.0, 810324.0, 810324.0, 810324.0, 810324.0, 810324.0, 810324.0, 810324.0, 810324.0, 810324.0, 810324.0, 810324.0, 810324.0, 810324.0, 810324.0, 810324.0, 810324.0, 810324.0, 810324.0, 810324.0, 810324.0, 810324.0, 810324.0, 804657.3189011826, 804657.3189011826, 804657.3189011826, 804657.3189011826, 804657.3189011826, 804657.3189011826, 804657.3189011826, 804657.3189011826, 804657.3189011826, 804657.3189011826, 804657.3189011826, 804657.3189011826, 804657.3189011826, 804657.3189011826, 804657.3189011826, 804657.3189011826, 804657.3189011826, 804657.3189011826, 804657.3189011826, 804657.3189011826, 804657.3189011826, 804657.3189011826, 804657.3189011826, 804657.3189011826, 804657.3189011826, 804657.3189011826, 804657.3189011826, 804657.3189011826, 804657.3189011826, 804657.3189011826, 804657.3189011826, 804657.3189011826, 804657.3189011826, 804657.3189011826, 804657.3189011826, 804657.3189011826, 808919.608592594, 808919.608592594, 810067.2933773566, 810067.2933773566, 810067.2933773566, 810067.2933773566, 810324.0, 810324.0, 810324.0, 810324.0, 810324.0, 810324.0, 810324.0, 810324.0, 810324.0, 810324.0, 810324.0, 810324.0, 810324.0, 810324.0, 810324.0, 810324.0, 810324.0, 810324.0, 810324.0, 810324.0, 810324.0, 810324.0, 810324.0, 810324.0, 810324.0, 810324.0, 810324.0, 810324.0, 810324.0, 810324.0, 810324.0, 810324.0, 810324.0, 810324.0, 810324.0, 810324.0, 810324.0, 810324.0, 810324.0, 810324.0, 810324.0, 810324.0, 810324.0, 810324.0, 810324.0, 810324.0, 810324.0, 810324.0, 810324.0, 810324.0, 810324.0, 810324.0, 810324.0, 810324.0, 810324.0, 810324.0, 810324.0, 810324.0, 810324.0, 810324.0, 810324.0, 810324.0, 810324.0, 810324.0, 810324.0, 810324.0, 810324.0, 810324.0, 810324.0, 810324.0, 810324.0, 810324.0, 810324.0, 810324.0, 810324.0, 810324.0, 810324.0, 810324.0, 810324.0, 810324.0, 810324.0, 810324.0, 810324.0, 810324.0, 810324.0, 810324.0, 810324.0, 810324.0, 810324.0, 810324.0, 810324.0, 810324.0, 810324.0, 810324.0, 810324.0, 810324.0, 810324.0, 810324.0, 810324.0, 810324.0, 810324.0, 810324.0, 810324.0, 810324.0, 810324.0, 810324.0, 810324.0, 810324.0, 810324.0, 810324.0, 810324.0, 810324.0, 810324.0, 810324.0, 810324.0, 810324.0, 810324.0, 810324.0, 810324.0, 810324.0, 810324.0, 810324.0, 810324.0, 810324.0, 810324.0, 810324.0, 810324.0, 810324.0, 810324.0, 810324.0, 810324.0, 810324.0, 810324.0, 810324.0, 810324.0, 810324.0, 810324.0, 810324.0, 810324.0, 759572.2130440443, 759572.2130440443, 759572.2130440443, 759572.2130440443, 759572.2130440443, 759572.2130440443, 759572.2130440443, 759572.2130440443, 759572.2130440443, 759572.2130440443, 759572.2130440443, 759572.2130440443, 759572.2130440443, 759572.2130440443, 759572.2130440443, 759572.2130440443, 759572.2130440443, 759572.2130440443, 759572.2130440443, 759572.2130440443, 759572.2130440443, 759572.2130440443, 759572.2130440443, 759572.2130440443, 780249.7724796957, 780249.7724796957, 780249.7724796957, 780249.7724796957, 783774.2997389112, 783774.2997389112, 783774.2997389112, 782318.5209138241, 782318.5209138241, 782318.5209138241, 782318.5209138241, 794897.5675471411, 794897.5675471411, 794897.5675471411, 805400.7142340359, 805400.7142340359, 809965.9861343392, 809965.9861343392, 809965.9861343392, 809965.9861343392, 809965.9861343392, 809965.9861343392, 809114.216960497, 809114.216960497, 809114.216960497, 809114.216960497, 809114.216960497, 809114.216960497, 809114.216960497, 809114.216960497, 809114.216960497, 809114.216960497, 809114.216960497, 809114.216960497, 809114.216960497, 809114.216960497, 809114.216960497, 809114.216960497, 809114.216960497, 809114.216960497, 809114.216960497, 809114.216960497, 809114.216960497, 809114.216960497, 809114.216960497, 809114.216960497, 809114.216960497, 809114.216960497, 809114.216960497, 809114.216960497, 809114.216960497, 809114.216960497, 809114.216960497, 809114.216960497, 809114.216960497, 809114.216960497, 809114.216960497, 809114.216960497, 809114.216960497, 809114.216960497, 809114.216960497, 809114.216960497, 809114.216960497, 809114.216960497, 809114.216960497, 809114.216960497, 809114.216960497, 809114.216960497, 809114.216960497, 809114.216960497, 809114.216960497, 809114.216960497, 809114.216960497, 809114.216960497, 809114.216960497, 809114.216960497, 809114.216960497, 809114.216960497, 809114.216960497, 809114.216960497, 809114.216960497, 809114.216960497, 809114.216960497, 809114.216960497, 809114.216960497, 809114.216960497, 809114.216960497, 809114.216960497, 809114.216960497, 809114.216960497, 809114.216960497, 809114.216960497, 809114.216960497, 809114.216960497, 809114.216960497, 809114.216960497, 809114.216960497, 809114.216960497, 809114.216960497, 809114.216960497, 809114.216960497, 809114.216960497, 809114.216960497, 809114.216960497, 809114.216960497, 809114.216960497, 809114.216960497, 809114.216960497, 809114.216960497, 809114.216960497, 809114.216960497, 809114.216960497, 809114.216960497, 809114.216960497, 809114.216960497, 809114.216960497, 809114.216960497, 809114.216960497, 809114.216960497, 809114.216960497, 809114.216960497, 809114.216960497, 809114.216960497, 809114.216960497, 809114.216960497, 809114.216960497, 809114.216960497, 809114.216960497, 809114.216960497, 809114.216960497, 809114.216960497, 809114.216960497, 809114.216960497, 809114.216960497, 809114.216960497, 809114.216960497, 809114.216960497, 809114.216960497, 809114.216960497, 809114.216960497, 809114.216960497, 809114.216960497, 809114.216960497, 809114.216960497, 810324.0, 810324.0, 810324.0, 810324.0, 810324.0, 810324.0, 810324.0, 810324.0, 810324.0, 810324.0, 810324.0, 810324.0, 810324.0, 810324.0, 810324.0, 810324.0, 810324.0, 810324.0, 810324.0, 810324.0, 810324.0, 810324.0, 810324.0, 810324.0, 810324.0, 810324.0, 810324.0, 810324.0, 810324.0, 810324.0, 810324.0, 810324.0, 810324.0, 810324.0, 810324.0, 810324.0, 810324.0, 810324.0, 810324.0, 810324.0, 810324.0, 810324.0, 810324.0, 810324.0, 810324.0, 810324.0, 810324.0, 810324.0, 810324.0, 810324.0, 810324.0, 810324.0, 810324.0, 810324.0, 810324.0, 810324.0, 810324.0, 810324.0, 810324.0, 810324.0, 810324.0, 810324.0, 810324.0, 810324.0, 810324.0, 810324.0, 810324.0, 810324.0, 810324.0, 810324.0, 810324.0, 810324.0, 810324.0, 810324.0, 810324.0, 810324.0, 810324.0, 810324.0, 810324.0, 810324.0, 810324.0, 810324.0, 810324.0, 810324.0, 810324.0, 810324.0, 810324.0, 810324.0, 810324.0, 810324.0, 810324.0, 810324.0, 810324.0, 810324.0, 810324.0, 810324.0, 810324.0, 810324.0, 810324.0, 810324.0, 810324.0, 810324.0, 810324.0, 810324.0, 810324.0, 810324.0, 810324.0, 810324.0, 810324.0, 810324.0, 810324.0, 810324.0, 810324.0, 810324.0, 810324.0, 810324.0, 810324.0, 810324.0, 810324.0, 810324.0, 810324.0, 810324.0, 810324.0, 810324.0, 810324.0, 810324.0, 810324.0, 810324.0, 810324.0, 810324.0, 810324.0, 810324.0, 810324.0, 810324.0, 810324.0, 810324.0, 810324.0, 810324.0, 810324.0, 810324.0, 810324.0, 810324.0, 810324.0, 810324.0, 810324.0, 810324.0, 810324.0, 810324.0, 810324.0, 810324.0, 810324.0, 810324.0, 810324.0, 810324.0, 810324.0, 810324.0, 810324.0, 810324.0, 810324.0, 810324.0, 810324.0, 810324.0, 810324.0, 810324.0, 810324.0, 810324.0, 810324.0, 810324.0, 810324.0, 810324.0, 810324.0, 810324.0, 810324.0, 810324.0, 810324.0, 810324.0, 810324.0, 810324.0, 810324.0, 810324.0, 810324.0, 810324.0, 810324.0, 810324.0, 810324.0, 810324.0, 810324.0, 810324.0, 810324.0, 810324.0, 810324.0, 810324.0, 810324.0, 810324.0, 810324.0, 810324.0, 810324.0, 810324.0, 810324.0, 810324.0, 810324.0, 810324.0, 810324.0, 810324.0, 810324.0, 810324.0, 810324.0, 810324.0, 810324.0, 810324.0, 810324.0, 810324.0, 810324.0, 810324.0, 810324.0, 810324.0, 810324.0, 810324.0, 810324.0, 810324.0, 810324.0, 810324.0, 810324.0, 810324.0, 810324.0, 810324.0, 810324.0, 810324.0, 810324.0, 810324.0, 810324.0, 810324.0, 810324.0, 810324.0, 810324.0, 810324.0, 810324.0, 810324.0, 810324.0, 810324.0, 810324.0, 810324.0, 810324.0, 810324.0, 810324.0, 810324.0, 810324.0, 810324.0, 810324.0, 810324.0, 810324.0, 810324.0, 810324.0, 810324.0, 810324.0, 810324.0, 810324.0, 810324.0, 810324.0, 810324.0, 810324.0, 810324.0, 810324.0, 810324.0, 810324.0, 810324.0, 810324.0, 810324.0, 810324.0, 810324.0, 810324.0, 810324.0, 810324.0, 810324.0, 810324.0, 810324.0, 810324.0, 810324.0, 810324.0, 810324.0, 810324.0, 810324.0, 810324.0, 810324.0, 810324.0, 810324.0, 810324.0, 810324.0, 810324.0, 810324.0, 810324.0, 810324.0, 810324.0, 810324.0, 810324.0, 810324.0, 810324.0, 810324.0, 810324.0, 810324.0, 810324.0, 810324.0, 810324.0, 810324.0, 810324.0, 810324.0, 810324.0, 810324.0, 810324.0, 810324.0, 810324.0, 810324.0, 810324.0, 810324.0, 810324.0, 810324.0, 810324.0, 810324.0, 810324.0, 810324.0, 810324.0, 810324.0, 810324.0, 810324.0, 810324.0, 810324.0, 810324.0, 810324.0, 810324.0, 810324.0, 810324.0, 810324.0, 810324.0, 810324.0, 810324.0, 810324.0, 810324.0, 810324.0, 810324.0, 810324.0, 810324.0, 810324.0, 810324.0, 810324.0, 810324.0, 810324.0, 810324.0, 810324.0, 810324.0, 810324.0, 810324.0, 810324.0, 810324.0, 810324.0, 810324.0, 810324.0, 810324.0, 810324.0, 810324.0, 810324.0, 810324.0, 810324.0, 810324.0, 810324.0, 810324.0, 810324.0, 810324.0, 810324.0, 810324.0, 810324.0, 810324.0, 810324.0, 810324.0, 810324.0, 810324.0, 810324.0, 810324.0, 810324.0, 810324.0, 810324.0, 810324.0, 810324.0, 810324.0, 810324.0, 810324.0, 810324.0, 810324.0, 810324.0, 810324.0, 810324.0, 810324.0, 810324.0, 810324.0, 810324.0, 810324.0, 810324.0, 810324.0, 810324.0, 810324.0, 810324.0, 810324.0, 810324.0, 810324.0, 810324.0, 810324.0, 810324.0, 810324.0, 810324.0, 810324.0, 810324.0, 810324.0, 810324.0, 810324.0, 810324.0, 810324.0, 810324.0, 810324.0, 810324.0, 810324.0, 810324.0, 810324.0, 810324.0, 810324.0, 810324.0, 810324.0, 810324.0, 810324.0, 810324.0, 810324.0, 810324.0, 810324.0, 810324.0, 810324.0, 810324.0, 810324.0, 810324.0, 810324.0, 810324.0, 810324.0, 810324.0, 810324.0, 810324.0, 810324.0, 810324.0, 810324.0, 810324.0, 810324.0, 810324.0, 810324.0, 810324.0, 810324.0, 810324.0, 810324.0, 810324.0, 810324.0, 810324.0, 810324.0, 810324.0, 810324.0, 810324.0, 810324.0, 810324.0, 810324.0, 810324.0, 810324.0, 810324.0, 810324.0, 810324.0, 810324.0, 810324.0, 810324.0, 810324.0, 810324.0, 810324.0, 810324.0, 810324.0, 810324.0, 810324.0, 810324.0, 810324.0, 810324.0, 810324.0, 810324.0, 810324.0, 810324.0, 810324.0, 810324.0, 810324.0, 810324.0, 810324.0, 810324.0, 810324.0, 810324.0, 810324.0, 810324.0, 810324.0, 810324.0, 810324.0, 810324.0, 810324.0, 810324.0, 810324.0, 810324.0, 810324.0, 810324.0, 810324.0, 810324.0, 810324.0, 810324.0, 810324.0, 810324.0, 810324.0, 810324.0, 806748.9147635573, 806748.9147635573, 806748.9147635573, 806748.9147635573, 806748.9147635573, 806748.9147635573, 806748.9147635573, 806748.9147635573, 806748.9147635573, 806748.9147635573, 806748.9147635573, 806748.9147635573, 806748.9147635573, 806748.9147635573, 806748.9147635573, 806748.9147635573, 806748.9147635573, 806748.9147635573, 806748.9147635573, 806748.9147635573, 806748.9147635573, 806748.9147635573, 806748.9147635573, 806748.9147635573, 806748.9147635573, 806748.9147635573, 806748.9147635573, 806748.9147635573, 806748.9147635573, 806748.9147635573, 806748.9147635573, 806748.9147635573, 806748.9147635573, 806748.9147635573, 806748.9147635573, 806748.9147635573, 806748.9147635573, 806748.9147635573, 807310.3353931905, 807310.3353931905, 807310.3353931905, 807626.3856057749, 810324.0, 810324.0, 810324.0, 810324.0, 807310.3353931905, 807310.3353931905, 807310.3353931905, 807310.3353931905, 807310.3353931905, 807310.3353931905, 807310.3353931905, 807310.3353931905, 807310.3353931905, 807310.3353931905, 807310.3353931905, 807310.3353931905, 807310.3353931905, 807310.3353931905, 807310.3353931905, 807310.3353931905, 807310.3353931905, 807310.3353931905, 807310.3353931905, 807310.3353931905, 807310.3353931905, 807310.3353931905, 807310.3353931905, 807310.3353931905, 807310.3353931905, 807310.3353931905, 807310.3353931905, 807310.3353931905, 807310.3353931905, 807310.3353931905, 807310.3353931905, 807310.3353931905, 807310.3353931905, 807310.3353931905, 807310.3353931905, 807310.3353931905, 807310.3353931905, 808459.0874730274, 808459.0874730274, 810324.0, 810324.0, 810324.0, 810324.0, 810324.0, 810324.0, 810324.0, 810324.0, 810324.0, 810324.0, 810324.0, 810324.0, 810324.0, 810324.0, 810324.0, 810324.0, 810324.0, 810324.0, 810324.0, 810324.0, 810324.0, 810324.0, 810324.0, 810324.0, 810324.0, 810324.0, 810324.0, 810324.0, 810324.0, 810324.0, 810324.0, 810324.0, 810324.0, 810324.0, 810324.0, 810324.0, 810324.0, 810324.0, 810324.0, 810324.0, 810324.0, 810324.0, 810324.0, 810324.0, 810324.0, 810324.0, 810324.0, 810324.0, 810324.0, 810324.0, 810324.0, 810324.0, 810324.0, 810324.0, 810324.0, 810324.0, 810324.0, 810324.0, 810324.0, 810324.0, 810324.0, 810324.0, 810324.0, 810324.0, 810324.0, 810324.0, 810324.0, 810324.0, 810324.0, 810324.0, 810324.0, 810324.0, 810324.0, 810324.0, 810324.0, 810324.0, 810324.0, 810324.0, 810324.0, 810324.0, 810324.0, 810324.0, 810324.0, 810324.0, 810324.0, 810324.0, 810324.0, 810324.0, 810324.0, 810324.0, 810324.0, 810324.0, 810324.0, 810324.0, 810324.0, 810324.0, 810324.0, 806865.3278582387, 806865.3278582387, 806865.3278582387, 806865.3278582387, 806865.3278582387, 806865.3278582387, 806865.3278582387, 806865.3278582387, 806865.3278582387, 806865.3278582387, 806865.3278582387, 806865.3278582387, 806865.3278582387, 806865.3278582387, 806865.3278582387, 806865.3278582387, 806865.3278582387, 806865.3278582387, 806865.3278582387, 806865.3278582387, 806865.3278582387, 806865.3278582387, 806865.3278582387, 806865.3278582387, 806865.3278582387, 806865.3278582387, 806865.3278582387, 806865.3278582387, 806865.3278582387, 806865.3278582387, 806865.3278582387, 806865.3278582387, 806865.3278582387, 806865.3278582387, 806865.3278582387, 806865.3278582387, 806865.3278582387, 806865.3278582387, 806865.3278582387, 809150.5981297947, 809150.5981297947, 810324.0, 810324.0, 810324.0, 810324.0, 803818.3286196874, 803818.3286196874, 803818.3286196874, 803818.3286196874, 803818.3286196874, 803818.3286196874, 803818.3286196874, 803818.3286196874, 803818.3286196874, 803818.3286196874, 803818.3286196874, 803818.3286196874, 803818.3286196874, 803818.3286196874, 803818.3286196874, 803818.3286196874, 803818.3286196874, 803818.3286196874, 803818.3286196874, 803818.3286196874, 803818.3286196874, 803818.3286196874, 803818.3286196874, 803818.3286196874, 803818.3286196874, 803818.3286196874, 803818.3286196874, 803818.3286196874, 810324.0, 810324.0, 810324.0, 810324.0, 810324.0, 810324.0, 810324.0, 810324.0, 810324.0, 810324.0, 810324.0, 810324.0, 810324.0, 810324.0, 810324.0, 810324.0, 810324.0, 810324.0, 810324.0, 810324.0, 810324.0, 810324.0, 810324.0, 810324.0, 810324.0, 810324.0, 810324.0, 810324.0, 810324.0, 810324.0, 810324.0, 810324.0, 810324.0, 810324.0, 810324.0, 810324.0, 810324.0, 810324.0, 810324.0, 810324.0, 810324.0, 810324.0, 810324.0, 810324.0, 810324.0, 810324.0, 810324.0, 810324.0, 810324.0, 810324.0, 810324.0, 810324.0, 810324.0, 810324.0, 810324.0, 810324.0, 810324.0, 810324.0, 810324.0, 810324.0, 810324.0, 810324.0, 810324.0, 810324.0, 810324.0, 810324.0, 810324.0, 810324.0, 810324.0, 810324.0, 810324.0, 810324.0, 810324.0, 810324.0, 810324.0, 810324.0, 810324.0, 810324.0, 810324.0, 810324.0, 810324.0, 810324.0, 810324.0, 810324.0, 810324.0, 810324.0, 810324.0, 810324.0, 810324.0, 810324.0, 810324.0, 810324.0, 810324.0, 810324.0, 810324.0, 810324.0, 810324.0, 810324.0, 810324.0, 810324.0, 810324.0, 810324.0, 810324.0, 810324.0, 810324.0, 810324.0, 810324.0, 810324.0, 810324.0, 810236.4675030278, 810236.4675030278, 810236.4675030278, 810236.4675030278, 810236.4675030278, 810236.4675030278, 810236.4675030278, 810236.4675030278, 810236.4675030278, 810236.4675030278, 810236.4675030278, 810236.4675030278, 810236.4675030278, 810236.4675030278, 810236.4675030278, 810236.4675030278, 810236.4675030278, 810236.4675030278, 810236.4675030278, 810236.4675030278, 810236.4675030278, 810236.4675030278, 810236.4675030278, 810236.4675030278, 810236.4675030278, 810236.4675030278, 810236.4675030278, 810236.4675030278, 810236.4675030278, 810236.4675030278, 810236.4675030278, 810236.4675030278, 810236.4675030278, 810236.4675030278, 810324.0, 810324.0, 810324.0, 810324.0, 810324.0, 810324.0, 810324.0, 810324.0, 810324.0, 810324.0, 810324.0, 810324.0, 810324.0, 810324.0, 810324.0, 810324.0, 810324.0, 810324.0, 810324.0, 810324.0, 810324.0, 810324.0, 810324.0, 810324.0, 810324.0, 810324.0, 810324.0, 810324.0, 810324.0, 810324.0, 810324.0, 810324.0, 810324.0, 810324.0, 810324.0, 810324.0, 810324.0, 810324.0, 810324.0, 810324.0, 810324.0, 810324.0, 810324.0, 810324.0, 810324.0, 810324.0, 810324.0, 810324.0, 810324.0, 810324.0, 810324.0, 810324.0, 810324.0, 810324.0, 810324.0, 810324.0, 809924.4100736959, 809924.4100736959, 809924.4100736959, 809924.4100736959, 809924.4100736959, 809924.4100736959, 809924.4100736959, 809924.4100736959, 809924.4100736959, 809924.4100736959, 809924.4100736959, 809924.4100736959, 809924.4100736959, 809924.4100736959, 809924.4100736959, 809924.4100736959, 809924.4100736959, 809924.4100736959, 809924.4100736959, 809924.4100736959, 809924.4100736959, 809924.4100736959, 809924.4100736959, 809924.4100736959, 809924.4100736959, 809924.4100736959, 809924.4100736959, 809924.4100736959, 809924.4100736959, 809924.4100736959, 809924.4100736959, 809924.4100736959, 809924.4100736959, 809924.4100736959, 809924.4100736959, 809924.4100736959, 809924.4100736959, 809924.4100736959, 810324.0, 810324.0, 810324.0, 810324.0, 810324.0, 810324.0, 810324.0, 810324.0, 810324.0, 810324.0, 810324.0, 810324.0, 810324.0, 810324.0, 810324.0, 810324.0, 810324.0, 810324.0, 810324.0, 810324.0, 810324.0, 810324.0, 810324.0, 810324.0, 810324.0, 810324.0, 810324.0, 810324.0, 810324.0, 810324.0, 810324.0, 810324.0, 810324.0, 810324.0, 810324.0, 810324.0, 810324.0, 810324.0, 810324.0, 810324.0, 810324.0, 810324.0, 810324.0, 810324.0, 810324.0, 810324.0, 810324.0, 810324.0, 810324.0, 810324.0, 810324.0, 810324.0, 810324.0, 810324.0, 810324.0, 810324.0, 810324.0, 810324.0, 810324.0, 810324.0, 810324.0, 810324.0, 810324.0, 810324.0, 810324.0, 810324.0, 810324.0, 810324.0, 810324.0, 810324.0, 810324.0, 810324.0, 810324.0, 810324.0, 810324.0, 810324.0, 810324.0, 810324.0, 810324.0, 810324.0, 810324.0, 810324.0, 810324.0, 810324.0, 810324.0, 810324.0, 810324.0, 810324.0, 810324.0, 810324.0, 810324.0, 810324.0, 810324.0, 810324.0, 810324.0, 810324.0, 810324.0, 810324.0, 810324.0, 810324.0, 810324.0, 810324.0, 810324.0, 810324.0, 810324.0, 810324.0, 810324.0, 810324.0, 810324.0, 810324.0, 810324.0, 810324.0, 810324.0, 810324.0, 810324.0, 810324.0, 810324.0, 810324.0, 810324.0, 810324.0, 810324.0, 810324.0, 810324.0, 810324.0, 810324.0, 810324.0, 810324.0, 810324.0, 810324.0, 810324.0, 810324.0, 810324.0, 810324.0, 810324.0, 810324.0, 810324.0, 810324.0, 810324.0, 810324.0, 810324.0, 810324.0, 810324.0, 810324.0, 810324.0, 810324.0, 810324.0, 810324.0, 810324.0, 810324.0, 810324.0, 810324.0, 810324.0, 810324.0, 810324.0, 810324.0, 810324.0, 810324.0, 810324.0, 810324.0, 810324.0, 810324.0, 810324.0, 810324.0, 810324.0, 810324.0, 810324.0, 810324.0, 810324.0, 810324.0, 810324.0, 810324.0, 810324.0, 810324.0, 810324.0, 810324.0, 810324.0, 810324.0, 810324.0, 810324.0, 810324.0, 810324.0, 810324.0, 810324.0, 810324.0, 810324.0, 810324.0, 810324.0, 810324.0, 810324.0, 810324.0, 810324.0, 810324.0, 810324.0, 810324.0, 810324.0, 810324.0, 810324.0, 810324.0, 810324.0, 810324.0, 810324.0, 810324.0, 810324.0, 810324.0, 810324.0, 810324.0, 810324.0, 810324.0, 810324.0, 810324.0, 810324.0, 810324.0, 810324.0, 810324.0, 810324.0, 810324.0, 810324.0, 810324.0, 810324.0, 810324.0, 810324.0, 810324.0, 810324.0, 810324.0, 810324.0, 810324.0, 810324.0, 810324.0, 810324.0, 810324.0, 810324.0, 810324.0, 810324.0, 810324.0, 810324.0, 806078.2634978807, 806078.2634978807, 806078.2634978807, 806078.2634978807, 806078.2634978807, 806078.2634978807, 806078.2634978807, 806078.2634978807, 806078.2634978807, 806078.2634978807, 806078.2634978807, 806078.2634978807, 806078.2634978807, 806078.2634978807, 806078.2634978807, 806078.2634978807, 806078.2634978807, 806078.2634978807, 806078.2634978807, 806078.2634978807, 806078.2634978807, 806078.2634978807, 806078.2634978807, 806078.2634978807, 806078.2634978807, 806078.2634978807, 806078.2634978807, 806078.2634978807, 806078.2634978807, 806078.2634978807, 806078.2634978807, 806078.2634978807, 806078.2634978807, 806078.2634978807, 806078.2634978807, 806078.2634978807, 806078.2634978807, 806078.2634978807, 806078.2634978807, 806268.4217968868, 806268.4217968868, 806268.4217968868, 806268.4217968868, 806268.4217968868, 806268.4217968868, 809602.5785886084, 809602.5785886084, 809602.5785886084, 809602.5785886084, 809602.5785886084, 809602.5785886084, 809602.5785886084, 809602.5785886084, 809602.5785886084, 809602.5785886084, 809602.5785886084, 809602.5785886084, 809602.5785886084, 809602.5785886084, 809602.5785886084, 809602.5785886084, 809602.5785886084, 809602.5785886084, 809602.5785886084, 809602.5785886084, 809602.5785886084, 809602.5785886084, 809602.5785886084, 809602.5785886084, 809602.5785886084, 809602.5785886084, 809602.5785886084, 809602.5785886084, 809602.5785886084, 809602.5785886084, 809602.5785886084, 809602.5785886084, 809602.5785886084, 809259.3689871477, 810324.0, 810324.0, 810324.0, 810324.0, 810324.0, 810324.0, 810324.0, 810324.0, 810324.0, 810324.0, 810324.0, 810324.0, 810324.0, 810324.0, 810324.0, 810324.0, 810324.0, 810324.0, 810324.0, 810324.0, 810324.0, 810324.0, 810324.0, 810324.0, 810324.0, 810324.0, 810324.0, 810324.0, 810324.0, 810324.0, 810324.0, 810324.0, 810324.0, 810324.0, 810324.0, 810324.0, 810324.0, 810324.0, 810324.0, 810324.0, 810324.0, 810324.0, 810324.0, 810324.0, 810324.0, 810324.0, 810324.0, 810324.0, 810324.0, 810324.0, 810324.0, 810324.0, 810324.0, 810324.0, 810324.0, 810324.0, 810324.0, 810324.0, 810324.0, 810324.0, 810324.0, 810324.0, 810324.0, 810324.0, 810324.0, 810324.0, 810324.0, 810324.0, 810324.0, 810324.0, 810324.0, 810324.0, 810324.0, 810324.0, 810324.0, 810324.0, 810324.0, 810324.0, 810324.0, 810324.0, 810324.0, 810324.0, 810324.0, 810324.0, 810324.0, 810324.0, 810324.0, 810324.0, 810324.0, 810324.0, 810324.0, 810324.0, 810324.0, 810324.0, 810324.0, 810324.0, 810324.0, 810324.0, 810324.0, 810324.0, 810324.0, 810324.0, 810324.0, 810324.0, 810324.0, 810324.0, 810324.0, 810324.0, 810324.0, 810324.0, 810324.0, 810324.0, 810324.0, 810324.0, 810324.0, 810324.0, 810324.0, 810324.0, 810324.0, 810324.0, 810324.0, 810324.0, 810324.0, 810324.0, 810324.0, 810324.0, 810324.0, 810324.0, 810324.0, 810324.0, 810324.0, 810324.0, 810324.0, 810324.0, 810324.0, 810324.0, 810324.0, 810324.0, 810324.0, 810324.0, 810324.0, 810324.0, 810324.0, 810324.0, 810324.0, 810324.0, 810324.0, 810324.0, 810324.0, 
33342.304201647305, 16262.102218278555, 16262.102218278555, 16262.102218278555, 7368.232078050169, 7368.232078050169, 7368.232078050169, 7368.232078050169, 7368.232078050169, 5717.252493871715, 2791.030318671332, 2791.030318671332, 2791.030318671332, 1887.4581472522596, 1887.4581472522596, 1887.4581472522596, 1887.4581472522596, 1548.6182292483686, 1548.6182292483686, 570.9328121933631, 570.9328121933631, 570.9328121933631, 509.6491433592517, 509.6491433592517, 509.6491433592517, 509.6491433592517, 509.6491433592517, 509.6491433592517, 495.634579379002, 421.46041357083817, 237.62141785138078, 237.62141785138078, 237.62141785138078, 237.62141785138078, 237.62141785138078, 237.62141785138078, 237.62141785138078, 237.62141785138078, 237.62141785138078, 221.1697126010026, 221.1697126010026, 221.1697126010026, 221.1697126010026, 221.1697126010026, 221.1697126010026, 198.77673070943536, 198.77673070943536, 158.34106435781194, 158.34106435781194, 158.34106435781194, 158.34106435781194, 158.34106435781194, 158.34106435781194, 158.34106435781194, 158.34106435781194, 158.34106435781194, 158.34106435781194, 158.34106435781194, 158.34106435781194, 158.34106435781194, 119.40648604098463, 119.40648604098463, 119.40648604098463, 119.40648604098463, 119.40648604098463, 119.40648604098463, 119.40648604098463, 119.40648604098463, 119.40648604098463, 119.40648604098463, 81.8717818395862, 81.8717818395862, 81.8717818395862, 81.8717818395862, 81.8717818395862, 81.8717818395862, 81.8717818395862, 81.8717818395862, 81.8717818395862, 81.8717818395862, 81.8717818395862, 81.8717818395862, 81.8717818395862, 81.8717818395862, 81.8717818395862, 81.8717818395862, 81.8717818395862, 81.8717818395862, 81.8717818395862, 81.8717818395862, 81.8717818395862, 151261.30367899622, 151261.30367899622, 151261.30367899622, 151261.30367899622, 243346.0219874943, 205321.13726602084, 286125.15073474514, 286125.15073474514, 301737.298982859, 301737.298982859, 301737.298982859, 389012.5748992681, 472405.5789878463, 472405.5789878463, 472405.5789878463, 577964.103458084, 696737.9158774354, 696737.9158774354, 696737.9158774354, 696737.9158774354, 696737.9158774354, 696737.9158774354, 696737.9158774354, 696737.9158774354, 709581.2441028212, 730864.4791527684, 730864.4791527684, 730864.4791527684, 758385.1989889493, 788119.067636631, 789735.3609447432, 789735.3609447432, 789735.3609447432, 789341.749709533, 810324.0, 810324.0, 810324.0, 810324.0, 810324.0, 810324.0, 810324.0, 810324.0, 810324.0, 810324.0, 810324.0, 810324.0, 810324.0, 810324.0, 810324.0, 810324.0, 810324.0, 810324.0, 810324.0, 810324.0, 810324.0, 810324.0, 810324.0, 810324.0, 810324.0, 810324.0, 810324.0, 810324.0, 810324.0, 810324.0, 810324.0, 810324.0, 810324.0, 810324.0, 810324.0, 810324.0, 810324.0, 810324.0, 810324.0, 810324.0, 810324.0, 810324.0, 810324.0, 810324.0, 810324.0, 810324.0, 810324.0, 810324.0, 810324.0, 810324.0, 810324.0, 810324.0, 810324.0, 810324.0, 810324.0, 810324.0, 810324.0, 810324.0, 810324.0, 810324.0, 810324.0, 810324.0, 810324.0, 810324.0, 810324.0, 810324.0, 810324.0, 810324.0, 810324.0, 810324.0, 810324.0, 810324.0, 810324.0, 810324.0, 810324.0, 810324.0, 810324.0, 810324.0, 810324.0, 810324.0, 810324.0, 810324.0, 810324.0, 810324.0, 810324.0, 810324.0, 810324.0, 810324.0, 810324.0, 810324.0, 810324.0, 810324.0, 810324.0, 810324.0, 810324.0, 810324.0, 810324.0, 810324.0, 810324.0, 810324.0, 810324.0, 810324.0, 810324.0, 810324.0, 810324.0, 810324.0, 810324.0, 810324.0, 810324.0, 810324.0, 810324.0, 810324.0, 810324.0, 810324.0, 810324.0, 810324.0, 810324.0, 810324.0, 810324.0, 810324.0, 810324.0, 810324.0, 810324.0, 810324.0, 810324.0, 810324.0, 810324.0, 810324.0, 810324.0, 810324.0, 810324.0, 810324.0, 810324.0, 810324.0, 810324.0, 810324.0, 810324.0, 810324.0, 810324.0, 810324.0, 810324.0, 810324.0, 810324.0, 810324.0, 810324.0, 810324.0, 810324.0, 810324.0, 810324.0, 810324.0, 810324.0, 810324.0, 810324.0, 810324.0, 810324.0, 810324.0, 810324.0, 810324.0, 810324.0, 810324.0, 810324.0, 810324.0, 810324.0, 810324.0, 810324.0, 810324.0, 810324.0, 810324.0, 810324.0, 810324.0, 810324.0, 810324.0, 810324.0, 810324.0, 810324.0, 810324.0, 810324.0, 810324.0, 810324.0, 810324.0, 810324.0, 810324.0, 810324.0, 810324.0, 810324.0, 810324.0, 810324.0, 810324.0, 810324.0, 810324.0, 810324.0, 810324.0, 810324.0, 810324.0, 810324.0, 810324.0, 810324.0, 810324.0, 810324.0, 810324.0, 810324.0, 810324.0, 810324.0, 810324.0, 810324.0, 810324.0, 810324.0, 810324.0, 810324.0, 810324.0, 810324.0, 810324.0, 810324.0, 810324.0, 810324.0, 810324.0, 810324.0, 810324.0, 810324.0, 810324.0, 810324.0, 810324.0, 810324.0, 810324.0, 810324.0, 810324.0, 810324.0, 810324.0, 810324.0, 810324.0, 810324.0, 810324.0, 810324.0, 810324.0, 810324.0, 810324.0, 810324.0, 810324.0, 810324.0, 810324.0, 810324.0, 810324.0, 810324.0, 810324.0, 810324.0, 810324.0, 810324.0, 810324.0, 810324.0, 810324.0, 810324.0, 810324.0, 810324.0, 810324.0, 810324.0, 810324.0, 810324.0, 810324.0, 810324.0, 810324.0, 810324.0, 810324.0, 810324.0, 810324.0, 810324.0, 810324.0, 810324.0, 810324.0, 810324.0, 810324.0, 810324.0, 810324.0, 810324.0, 810324.0, 810324.0, 810324.0, 810324.0, 810324.0, 810324.0, 810324.0, 810324.0, 810324.0, 810324.0, 810324.0, 810324.0, 810324.0, 810324.0, 810324.0, 810324.0, 810324.0, 810324.0, 810324.0, 810324.0, 810324.0, 810324.0, 810324.0, 810324.0, 810324.0, 810324.0, 810324.0, 810324.0, 810324.0, 810324.0, 810324.0, 810324.0, 810324.0, 810324.0, 810324.0, 810324.0, 810324.0, 810324.0, 810324.0, 810324.0, 810324.0, 810324.0, 810324.0, 810324.0, 810324.0, 810324.0, 810324.0, 810324.0, 810324.0, 810324.0, 810324.0, 810324.0, 810324.0, 810324.0, 810324.0, 810324.0, 810324.0, 810324.0, 810324.0, 810324.0, 810324.0, 810324.0, 810324.0, 810324.0, 810324.0, 810324.0, 810324.0, 810324.0, 810324.0, 810324.0, 810324.0, 810324.0, 810324.0, 810324.0, 810324.0, 810324.0, 810324.0, 810324.0, 810324.0, 810324.0, 810324.0, 810324.0, 810324.0, 810324.0, 810324.0, 810324.0, 810324.0, 810324.0, 810324.0, 810324.0, 810324.0, 810324.0, 810324.0, 810324.0, 810324.0, 810324.0, 810324.0, 810324.0, 810324.0, 810324.0, 810324.0, 810324.0, 810324.0, 810324.0, 810324.0, 810324.0, 810324.0, 810324.0, 810324.0, 810324.0, 810324.0, 810324.0, 810324.0, 810324.0, 810324.0, 810324.0, 810324.0, 810324.0, 810324.0, 810324.0, 810324.0, 810324.0, 810324.0, 810324.0, 810324.0, 810324.0, 810324.0, 810324.0, 810324.0, 810324.0, 810324.0, 810324.0, 810324.0, 810324.0, 810324.0, 810324.0, 810324.0, 810324.0, 810324.0, 810324.0, 810324.0, 810324.0, 810324.0, 810324.0, 810324.0, 810324.0, 810324.0, 810324.0, 810324.0, 810324.0, 810324.0, 810324.0, 810324.0, 810324.0, 810324.0, 810324.0, 810324.0, 810324.0, 810324.0, 810324.0, 810324.0, 810324.0, 810324.0, 810324.0, 810324.0, 810324.0, 810324.0, 810324.0, 810324.0, 810324.0, 810324.0, 810324.0, 810324.0, 810324.0, 810324.0, 810324.0, 810324.0, 810324.0, 810324.0, 810324.0, 810324.0, 810324.0, 810324.0, 810324.0, 810324.0, 810324.0, 810324.0, 810324.0, 810324.0, 810324.0, 810324.0, 810324.0, 810324.0, 810324.0, 810324.0, 810324.0, 810324.0, 810324.0, 810324.0, 810324.0, 810324.0, 810324.0, 810324.0, 810324.0, 810324.0, 810324.0, 810324.0, 810324.0, 810324.0, 810324.0, 810324.0, 810324.0, 810324.0, 810324.0, 810324.0, 810324.0, 810324.0, 810324.0, 810324.0, 810324.0, 810324.0, 810324.0, 810324.0, 810324.0, 810324.0, 810324.0, 810324.0, 810324.0, 810324.0, 810324.0, 810324.0, 810324.0, 810324.0, 810324.0, 810324.0, 810324.0, 810324.0, 810324.0, 810324.0, 810324.0, 810324.0, 810324.0, 810324.0, 810324.0, 810324.0, 810324.0, 810324.0, 810324.0, 810324.0, 810324.0, 810324.0, 810324.0, 810324.0, 810324.0, 810324.0, 810324.0, 810324.0, 810324.0, 810324.0, 810324.0, 810324.0, 810324.0, 810324.0, 810324.0, 810324.0, 810324.0, 810324.0, 810324.0, 810324.0, 810324.0, 810324.0, 810324.0, 810324.0, 810324.0, 810324.0, 810324.0, 810324.0, 810324.0, 810324.0, 810324.0, 810324.0, 810324.0, 810324.0, 810285.3278971321, 810285.3278971321, 810285.3278971321, 810285.3278971321, 810285.3278971321, 810285.3278971321, 810285.3278971321, 810285.3278971321, 810285.3278971321, 810285.3278971321, 810285.3278971321, 810285.3278971321, 810285.3278971321, 810285.3278971321, 810285.3278971321, 810285.3278971321, 810285.3278971321, 810285.3278971321, 810285.3278971321, 810285.3278971321, 810285.3278971321, 810285.3278971321, 810285.3278971321, 810285.3278971321, 810285.3278971321, 810285.3278971321, 810285.3278971321, 810285.3278971321, 810285.3278971321, 810285.3278971321, 810285.3278971321, 810285.3278971321, 810285.3278971321, 810285.3278971321, 810285.3278971321, 810285.3278971321, 810324.0, 810324.0, 810324.0, 810324.0, 810324.0, 810324.0, 810324.0, 810324.0, 810324.0, 810324.0, 810324.0, 810324.0, 810324.0, 810324.0, 810324.0, 810324.0, 810324.0, 810324.0, 810324.0, 810324.0, 810324.0, 810324.0, 810324.0, 810324.0, 810324.0, 810324.0, 810324.0, 810324.0, 810324.0, 810324.0, 810324.0, 810324.0, 810324.0, 810324.0, 810324.0, 810324.0, 810324.0, 810324.0, 810324.0, 810324.0, 810324.0, 810324.0, 810324.0, 810324.0, 810324.0, 810324.0, 810324.0, 810324.0, 810324.0, 810324.0, 810324.0, 810324.0, 810324.0, 810324.0, 810324.0, 810324.0, 810324.0, 810324.0, 810324.0, 810324.0, 810324.0, 810324.0, 810324.0, 810324.0, 810324.0, 810324.0, 810324.0, 810324.0, 810324.0, 810324.0, 810324.0, 810324.0, 810324.0, 810324.0, 810324.0, 810324.0, 810324.0, 810324.0, 810324.0, 810324.0, 810324.0, 810324.0, 810324.0, 810324.0, 810324.0, 810324.0, 810324.0, 810324.0, 810324.0, 810324.0, 810324.0, 810324.0, 810324.0, 810324.0, 810324.0, 810324.0, 810324.0, 810324.0, 810324.0, 810324.0, 810324.0, 810324.0, 810324.0, 810324.0, 810324.0, 810324.0, 810324.0, 810324.0, 810324.0, 810324.0, 810324.0, 810324.0, 810324.0, 810324.0, 810324.0, 810324.0, 810324.0, 810324.0, 810324.0, 810324.0, 810324.0, 810324.0, 810324.0, 810324.0, 810324.0, 810324.0, 810324.0, 810324.0, 810324.0, 810324.0, 810324.0, 810324.0, 810324.0, 810324.0, 810324.0, 810324.0, 810324.0, 810324.0, 810324.0, 810324.0, 810324.0, 810324.0, 810324.0, 810324.0, 810324.0, 810324.0, 810324.0, 810324.0, 810324.0, 810324.0, 810324.0, 810324.0, 810324.0, 810324.0, 810324.0, 810324.0, 810324.0, 810324.0, 810324.0, 810324.0, 810324.0, 810324.0, 810324.0, 810324.0, 810324.0, 810324.0, 810324.0, 810324.0, 810324.0, 810324.0, 810324.0, 810324.0, 810324.0, 810324.0, 810324.0, 810324.0, 810324.0, 810324.0, 810324.0, 810324.0, 810324.0, 810324.0, 810324.0, 810324.0, 810324.0, 810324.0, 810324.0, 810324.0, 810324.0, 810324.0, 810324.0, 810324.0, 810324.0, 810324.0, 810324.0, 810324.0, 810324.0, 810324.0, 810324.0, 810324.0, 810324.0, 810324.0, 810324.0, 810324.0, 810324.0, 810324.0, 810324.0, 810324.0, 810324.0, 810324.0, 810324.0, 810324.0, 810324.0, 810324.0, 810324.0, 810324.0, 810324.0, 810324.0, 810324.0, 810324.0, 810324.0, 810324.0, 810324.0, 810324.0, 810324.0, 810324.0, 810324.0, 810324.0, 810324.0, 810324.0, 810324.0, 810324.0, 810324.0, 810324.0, 810324.0, 810324.0, 810286.9358450432, 810286.9358450432, 810286.9358450432, 810286.9358450432, 810286.9358450432, 810286.9358450432, 810286.9358450432, 810286.9358450432, 810286.9358450432, 810286.9358450432, 810286.9358450432, 810286.9358450432, 810286.9358450432, 810286.9358450432, 810286.9358450432, 810286.9358450432, 810286.9358450432, 810286.9358450432, 810286.9358450432, 810286.9358450432, 810286.9358450432, 810286.9358450432, 810286.9358450432, 810286.9358450432, 810286.9358450432, 810286.9358450432, 810286.9358450432, 810286.9358450432, 810286.9358450432, 810286.9358450432, 810286.9358450432, 810286.9358450432, 810286.9358450432, 810286.9358450432, 810286.9358450432, 810286.9358450432, 810286.9358450432, 810286.9358450432, 810286.9358450432, 810286.9358450432, 810286.9358450432, 810286.9358450432, 810286.9358450432, 810286.9358450432, 810286.9358450432, 810286.9358450432, 797783.246349709, 797783.246349709, 797783.246349709, 797783.246349709, 797783.246349709, 797783.246349709, 797783.246349709, 797783.246349709, 797783.246349709, 797783.246349709, 797783.246349709, 797783.246349709, 797783.246349709, 797783.246349709, 797783.246349709, 797783.246349709, 797783.246349709, 797783.246349709, 797783.246349709, 797783.246349709, 797783.246349709, 797783.246349709, 797783.246349709, 797783.246349709, 797783.246349709, 797783.246349709, 797783.246349709, 797783.246349709, 797783.246349709, 797783.246349709, 797783.246349709, 797783.246349709, 797783.246349709, 798881.8985868983, 810066.9445153056, 810066.9445153056, 810066.9445153056, 810066.9445153056, 810324.0, 810324.0, 810324.0, 810324.0, 810324.0, 810324.0, 810324.0, 810324.0, 810324.0, 810324.0, 810324.0, 810324.0, 810324.0, 810324.0, 810324.0, 810324.0, 810324.0, 810324.0, 810324.0, 810324.0, 810324.0, 810324.0, 810324.0, 810324.0, 810324.0, 810324.0, 810324.0, 810324.0, 810324.0, 810324.0, 810324.0, 810324.0, 810324.0, 810324.0, 810324.0, 810324.0, 810324.0, 810324.0, 810324.0, 810324.0, 810324.0, 810324.0, 810324.0, 810324.0, 810324.0, 810324.0, 810324.0, 810324.0, 810324.0, 810324.0, 810324.0, 810324.0, 810324.0, 810324.0, 810324.0, 810324.0, 810324.0, 810324.0, 810324.0, 810324.0, 810324.0, 810324.0, 810324.0, 810324.0, 810324.0, 810324.0, 810324.0, 810324.0, 810324.0, 810324.0, 810324.0, 810324.0, 810324.0, 810324.0, 810324.0, 810324.0, 810324.0, 810324.0, 810324.0, 810324.0, 810324.0, 810324.0, 810324.0, 810324.0, 810324.0, 810324.0, 810324.0, 810324.0, 810324.0, 810324.0, 810324.0, 810324.0, 810324.0, 810324.0, 810324.0, 810324.0, 810324.0, 810324.0, 810324.0, 810324.0, 810324.0, 810324.0, 810324.0, 810324.0, 810324.0, 810324.0, 810324.0, 810324.0, 810324.0, 810324.0, 810324.0, 810324.0, 810324.0, 810324.0, 810324.0, 810324.0, 810324.0, 810324.0, 810324.0, 810324.0, 810324.0, 810324.0, 810324.0, 810324.0, 810324.0, 810324.0, 810324.0, 810324.0, 810324.0, 810324.0, 810324.0, 810324.0, 810324.0, 810324.0, 810324.0, 810324.0, 810324.0, 810324.0, 810324.0, 810324.0, 810324.0, 810324.0, 810324.0, 810324.0, 810324.0, 810324.0, 810324.0, 810324.0, 810324.0, 810324.0, 810324.0, 810324.0, 810324.0, 810324.0, 810324.0, 810324.0, 810324.0, 810324.0, 810324.0, 810324.0, 810324.0, 810324.0, 810324.0, 810324.0, 810324.0, 810324.0, 810324.0, 810324.0, 810324.0, 810324.0, 810324.0, 810324.0, 810324.0, 810324.0, 810324.0, 810324.0, 810324.0, 810324.0, 810324.0, 810324.0, 810324.0, 810324.0, 810324.0, 810324.0, 810324.0, 810324.0, 810324.0, 810324.0, 810324.0, 810324.0, 810324.0, 810324.0, 810324.0, 810324.0, 810324.0, 810324.0, 810324.0, 810324.0, 810324.0, 810324.0, 810324.0, 810324.0, 810324.0, 810324.0, 810324.0, 810324.0, 810324.0, 810324.0, 810324.0, 810324.0, 810324.0, 810324.0, 810324.0, 810324.0, 810324.0, 810324.0, 810324.0, 810324.0, 810324.0, 810324.0, 810324.0, 810324.0, 810324.0, 810324.0, 810324.0, 810324.0, 810324.0, 810324.0, 810324.0, 810324.0, 810324.0, 810324.0, 810324.0, 810324.0, 810324.0, 810324.0, 810324.0, 810324.0, 810324.0, 810324.0, 810324.0, 810324.0, 810324.0, 810324.0, 810324.0, 810324.0, 810324.0, 810324.0, 810324.0, 810324.0, 810324.0, 810324.0, 810324.0, 810324.0, 810324.0, 810324.0, 810324.0, 810324.0, 810324.0, 810324.0, 810324.0, 810324.0, 810324.0, 810324.0, 810324.0, 810324.0, 810324.0, 810324.0, 810324.0, 810324.0, 810324.0, 810324.0, 810324.0, 810324.0, 810324.0, 810324.0, 810324.0, 810324.0, 810324.0, 810324.0, 810324.0, 810324.0, 810324.0, 810324.0, 810324.0, 810324.0, 810324.0, 810324.0, 810324.0, 810324.0, 810324.0, 810324.0, 810324.0, 810324.0, 810324.0, 810324.0, 810324.0, 810324.0, 810324.0, 810324.0, 810324.0, 810324.0, 810324.0, 810324.0, 810324.0, 810324.0, 810324.0, 810324.0, 810324.0, 810324.0, 810324.0, 810324.0, 810324.0, 810324.0, 810324.0, 810324.0, 810324.0, 810324.0, 810324.0, 810324.0, 810324.0, 810324.0, 810324.0, 810324.0, 810324.0, 810324.0, 810324.0, 810324.0, 810324.0, 810324.0, 810324.0, 810324.0, 810324.0, 810324.0, 810324.0, 810324.0, 810324.0, 810324.0, 810324.0, 810324.0, 810324.0, 810324.0, 810324.0, 810324.0, 810324.0, 810324.0, 810324.0, 810324.0, 810324.0, 810324.0, 810324.0, 810324.0, 810324.0, 810324.0, 810324.0, 810324.0, 810324.0, 810324.0, 810324.0, 810324.0, 810324.0, 810324.0, 810324.0, 810324.0, 810324.0, 810324.0, 810324.0, 810324.0, 810324.0, 810324.0, 810324.0, 810324.0, 810324.0, 810324.0, 810324.0, 810324.0, 810324.0, 810324.0, 810324.0, 810324.0, 810324.0, 810324.0, 810324.0, 810324.0, 810324.0, 810324.0, 810324.0, 810324.0, 810324.0, 810324.0, 810324.0, 810324.0, 810324.0, 810324.0, 810324.0, 810324.0, 810324.0, 810324.0, 810324.0, 810324.0, 810324.0, 810324.0, 810324.0, 810324.0, 810324.0, 810324.0, 810324.0, 810324.0, 810324.0, 810324.0, 810324.0, 810324.0, 810324.0, 810324.0, 810324.0, 810324.0, 810324.0, 810324.0, 810324.0, 810324.0, 810324.0, 810324.0, 810324.0, 810324.0, 810324.0, 810324.0, 810324.0, 810324.0, 810324.0, 810324.0, 810324.0, 810324.0, 810324.0, 810324.0, 810324.0, 810324.0, 810324.0, 810324.0, 810324.0, 810324.0, 810324.0, 810324.0, 810324.0, 810324.0, 810324.0, 810324.0, 810324.0, 810324.0, 810324.0, 810324.0, 810324.0, 810324.0, 810324.0, 810324.0, 810324.0, 810324.0, 810324.0, 810324.0, 810324.0, 810324.0, 810324.0, 810324.0, 810324.0, 810324.0, 810324.0, 810324.0, 810324.0, 810324.0, 810324.0, 810324.0, 810324.0, 810324.0, 810324.0, 810324.0, 810324.0, 810324.0, 810324.0, 810324.0, 810324.0, 810324.0, 810324.0, 810324.0, 810324.0, 810324.0, 810324.0, 810324.0, 810324.0, 810324.0, 810324.0, 810324.0, 810324.0, 810324.0, 810324.0, 810324.0, 810324.0, 810324.0, 810324.0, 810324.0, 810324.0, 810324.0, 810324.0, 810324.0, 810324.0, 810324.0, 810324.0, 810324.0, 810324.0, 810324.0, 810324.0, 810324.0, 810324.0, 810324.0, 810324.0, 810324.0, 810324.0, 810324.0, 810324.0, 810324.0, 810324.0, 810324.0, 810324.0, 810324.0, 810324.0, 810324.0, 810324.0, 810324.0, 810324.0, 810324.0, 810324.0, 810324.0, 810324.0, 810324.0, 810324.0, 810324.0, 810324.0, 810324.0, 810324.0, 810324.0, 810324.0, 810324.0, 810324.0, 810324.0, 810324.0, 810324.0, 810324.0, 810324.0, 810324.0, 810324.0, 810324.0, 810324.0, 810324.0, 810324.0, 810324.0, 810324.0, 810324.0, 810324.0, 810324.0, 810324.0, 810324.0, 810324.0, 810324.0, 810324.0, 810324.0, 810324.0, 810324.0, 810324.0, 810324.0, 810324.0, 810324.0, 810324.0, 810324.0, 810324.0, 810324.0, 810324.0, 810324.0, 810324.0, 810324.0, 810324.0, 810324.0, 810324.0, 810324.0, 810324.0, 810324.0, 810324.0, 810324.0, 810324.0, 810324.0, 810324.0, 810324.0, 810324.0, 810324.0, 810324.0, 810324.0, 810324.0, 810324.0, 810324.0, 810324.0, 810324.0, 810324.0, 810324.0, 810324.0, 810324.0, 810324.0, 810324.0, 810324.0, 810324.0, 810324.0, 810324.0, 810324.0, 810324.0, 810324.0, 810324.0, 810324.0, 810324.0, 810324.0, 810324.0, 810324.0, 810324.0, 810324.0, 810324.0, 810324.0, 810324.0, 810324.0, 810324.0, 810324.0, 810324.0, 810324.0, 810324.0, 810324.0, 810324.0, 810324.0, 810324.0, 810324.0, 810324.0, 810324.0, 810324.0, 810324.0, 810324.0, 810324.0, 810324.0, 810324.0, 810324.0, 810324.0, 810324.0, 810324.0, 810324.0, 810324.0, 810324.0, 810324.0, 810324.0, 810324.0, 810324.0, 810324.0, 810324.0, 810324.0, 810324.0, 810324.0, 810324.0, 810324.0, 810324.0, 810324.0, 810324.0, 810324.0, 810324.0, 810324.0, 810324.0, 810324.0, 810324.0, 810324.0, 810324.0, 810324.0, 810324.0, 810324.0, 810324.0, 810324.0, 810324.0, 810324.0, 810324.0, 810324.0, 810324.0, 810324.0, 810324.0, 810324.0, 810324.0, 810324.0, 810324.0, 810324.0, 810324.0, 810324.0, 810324.0, 810324.0, 810324.0, 810324.0, 810324.0, 810324.0, 810324.0, 810324.0, 810324.0, 810324.0, 810324.0, 810324.0, 810324.0, 810324.0, 810324.0, 810324.0, 810324.0, 810324.0, 810324.0, 810324.0, 810324.0, 810324.0, 810324.0, 810324.0, 810324.0, 810324.0, 810324.0, 810324.0, 810324.0, 810324.0, 810324.0, 810324.0, 810324.0, 810324.0, 810324.0, 810324.0, 810324.0, 810324.0, 810324.0, 810324.0, 810324.0, 810324.0, 810324.0, 810324.0, 810324.0, 810324.0, 810324.0, 810324.0, 810324.0, 810324.0, 810324.0, 810324.0, 810324.0, 810324.0, 810324.0, 810324.0, 810324.0, 810324.0, 810324.0, 810324.0, 810324.0, 810324.0, 810324.0, 810324.0, 810324.0, 810324.0, 810324.0, 810324.0, 810324.0, 810324.0, 810324.0, 810324.0, 810324.0, 810324.0, 810324.0, 810324.0, 810324.0, 810324.0, 810324.0, 810324.0, 810324.0, 810324.0, 810324.0, 810324.0, 810324.0, 810324.0, 810324.0, 810324.0, 810324.0, 810324.0, 810324.0, 810324.0, 810324.0, 810324.0, 810324.0, 810324.0, 810324.0, 810324.0, 810324.0, 810324.0, 810324.0, 810324.0, 810324.0, 810324.0, 810324.0, 810324.0, 810324.0, 810324.0, 810324.0, 810324.0, 810324.0, 810324.0, 810324.0, 810324.0, 810324.0, 810324.0, 810324.0, 810324.0, 810324.0, 810324.0, 810324.0, 810324.0, 810324.0, 810324.0, 810324.0, 810324.0, 810324.0, 810324.0, 810324.0, 810324.0, 810324.0, 810324.0, 810324.0, 810324.0, 810324.0, 802018.2541434587, 802018.2541434587, 802018.2541434587, 802018.2541434587, 802018.2541434587, 802018.2541434587, 802018.2541434587, 802018.2541434587, 802018.2541434587, 802018.2541434587, 802018.2541434587, 802018.2541434587, 802018.2541434587, 802018.2541434587, 802018.2541434587, 802018.2541434587, 802018.2541434587, 802018.2541434587, 802018.2541434587, 802018.2541434587, 802018.2541434587, 802018.2541434587, 802018.2541434587, 802018.2541434587, 802018.2541434587, 802018.2541434587, 802018.2541434587, 810324.0, 810324.0, 810324.0, 810324.0, 810324.0, 810324.0, 810324.0, 810324.0, 810324.0, 810324.0, 810324.0, 810324.0, 810324.0, 810324.0, 810324.0, 810324.0, 810324.0, 810324.0, 810324.0, 810324.0, 810324.0, 810324.0, 810324.0, 810324.0, 810324.0, 810324.0, 810324.0, 810324.0, 810324.0, 810324.0, 810324.0, 810324.0, 810324.0, 810324.0, 810324.0, 810324.0, 810324.0, 810324.0, 810324.0, 810324.0, 810324.0, 810324.0, 810324.0, 810324.0, 810324.0, 810324.0, 810324.0, 810324.0, 810324.0, 810324.0, 810324.0, 810324.0, 810324.0, 810324.0, 810324.0, 810324.0, 810324.0, 810324.0, 810324.0, 810324.0, 810324.0, 810324.0, 810324.0, 810324.0, 810324.0, 810324.0, 810324.0, 810324.0, 810324.0, 810324.0, 810324.0, 810324.0, 810324.0, 810324.0, 810324.0, 810324.0, 810324.0, 810324.0, 810324.0, 810324.0, 810324.0, 810324.0, 810324.0, 810324.0, 810324.0, 810324.0, 810324.0, 810324.0, 810324.0, 810324.0, 810324.0, 810324.0, 810324.0, 810324.0, 810324.0, 810324.0, 810324.0, 810324.0, 810324.0, 810324.0, 810324.0, 810324.0, 810324.0, 810324.0, 810324.0, 810324.0, 810324.0, 810324.0, 810324.0, 810324.0, 810324.0, 810324.0, 810324.0, 810324.0, 810324.0, 810324.0, 810324.0, 810324.0, 810324.0, 810324.0, 810324.0, 810324.0, 810324.0, 810324.0, 810324.0, 810324.0, 810324.0, 810324.0, 810324.0, 810324.0, 810324.0, 810324.0, 810324.0, 810324.0, 810324.0, 810324.0, 810324.0, 810324.0, 810324.0, 810324.0, 810324.0, 810324.0, 810324.0, 810324.0, 810324.0, 810324.0, 810324.0, 810324.0, 810324.0, 810324.0, 810324.0, 810324.0, 810324.0, 810324.0, 810324.0, 810324.0, 810324.0, 810324.0, 810324.0, 810324.0, 810324.0, 810324.0, 810324.0, 810324.0, 810324.0, 810324.0, 810324.0, 810324.0, 810324.0, 810324.0, 810324.0, 810324.0, 810324.0, 810324.0, 810324.0, 810324.0, 810324.0, 810324.0, 810324.0, 810324.0, 810324.0, 810324.0, 810324.0, 810324.0, 810324.0, 810324.0, 810324.0, 810324.0, 810324.0, 810324.0, 810324.0, 810324.0, 810324.0, 810324.0, 810324.0, 810324.0, 810324.0, 810324.0, 810324.0, 810324.0, 810324.0, 810324.0, 810324.0, 810324.0, 810324.0, 810324.0, 810324.0, 810324.0, 810324.0, 810324.0, 810324.0, 810324.0, 810324.0, 810324.0, 810324.0, 810324.0, 810324.0, 810324.0, 810324.0, 810324.0, 810324.0, 810324.0, 810324.0, 810324.0, 810324.0, 810324.0, 810324.0, 810324.0, 810324.0, 810324.0, 810324.0, 810324.0, 810324.0, 810324.0, 810324.0, 810324.0, 810324.0, 810324.0, 810324.0, 810324.0, 810324.0, 810324.0, 810324.0, 810324.0, 810324.0, 810324.0, 810324.0, 810324.0, 810324.0, 810324.0, 810324.0, 810324.0, 810324.0, 810324.0, 810324.0, 810324.0, 810324.0, 810324.0, 810324.0, 810324.0, 810324.0, 810324.0, 810324.0, 810324.0, 810324.0, 810324.0, 810324.0, 810324.0, 810324.0, 810324.0, 810324.0, 810324.0, 810324.0, 810324.0, 810324.0, 810324.0, 810324.0, 810324.0, 810324.0, 810324.0, 810324.0, 810324.0, 810324.0, 810324.0, 810324.0, 810324.0, 810324.0, 810324.0, 810324.0, 810324.0, 810324.0, 810324.0, 810324.0, 810324.0, 810324.0, 810324.0, 810324.0, 810324.0, 810324.0, 810324.0, 810324.0, 810324.0, 810324.0, 810324.0, 810324.0, 810324.0, 810324.0, 810324.0, 810324.0, 810324.0, 810324.0, 810324.0, 810324.0, 810324.0, 810324.0, 810324.0, 810324.0, 810324.0, 810324.0, 810324.0, 810324.0, 810324.0, 810324.0, 810324.0, 810324.0, 810324.0, 810324.0, 810324.0, 810324.0, 810324.0, 810324.0, 810324.0, 810324.0, 810324.0, 810324.0, 810324.0, 810324.0, 810324.0, 810324.0, 810324.0, 810324.0, 810324.0, 810324.0, 810324.0, 810324.0, 810324.0, 810324.0, 810324.0, 810324.0, 810324.0, 810324.0, 810324.0, 810324.0, 810324.0, 810324.0, 810324.0, 810324.0, 810324.0, 810324.0, 810324.0, 810324.0, 810324.0, 810324.0, 810324.0, 810324.0, 810324.0, 810324.0, 810324.0, 810324.0, 810324.0, 810324.0, 810324.0, 810324.0, 810324.0, 810324.0, 810324.0, 810324.0, 810324.0, 810324.0, 810324.0, 810324.0, 810324.0, 810324.0, 810324.0, 810324.0, 810324.0, 810324.0, 810324.0, 810324.0, 810324.0, 810324.0, 810324.0, 810324.0, 810324.0, 810324.0, 810324.0, 810324.0, 810324.0, 810324.0, 810324.0, 810324.0, 810324.0, 810324.0, 810324.0, 810324.0, 810324.0, 810324.0, 810324.0, 810324.0, 810324.0, 810324.0, 810324.0, 810324.0, 810324.0, 810324.0, 810324.0, 810324.0, 810324.0, 810324.0, 810324.0, 810324.0, 810324.0, 810324.0, 810324.0, 810324.0, 810324.0, 810324.0, 810324.0, 810324.0, 810324.0, 810324.0, 810324.0, 810324.0, 810324.0, 810324.0, 810324.0, 810324.0, 810324.0, 810324.0, 810324.0, 810324.0, 810324.0, 810324.0, 810324.0, 810324.0, 810324.0, 810324.0, 810324.0, 810324.0, 810324.0, 810324.0, 810324.0, 810324.0, 810324.0, 810324.0, 810324.0, 810324.0, 810324.0, 810324.0, 810324.0, 810324.0, 810324.0, 810324.0, 810324.0, 810324.0, 810324.0, 810324.0, 810324.0, 810324.0, 810324.0, 810324.0, 810324.0, 810324.0, 810324.0, 810324.0, 810324.0, 810324.0, 810324.0, 810324.0, 810324.0, 810324.0, 810324.0, 810324.0, 810324.0, 810324.0, 810324.0, 810324.0, 810324.0, 810324.0, 810324.0, 810324.0, 810324.0, 810324.0, 810324.0, 810324.0, 810324.0, 810324.0, 810324.0, 810324.0, 810324.0, 810324.0, 810324.0, 810324.0, 810324.0, 810324.0, 810324.0, 810324.0, 810324.0, 810324.0, 810324.0, 810324.0, 810324.0, 810324.0, 810324.0, 810324.0, 810324.0, 810324.0, 810324.0, 810324.0, 810324.0, 810324.0, 810324.0, 810324.0, 810324.0, 810324.0, 810324.0, 810324.0, 810324.0, 810324.0, 810324.0, 810324.0, 810324.0, 810324.0, 810324.0, 810324.0, 810324.0, 810324.0, 810324.0, 810324.0, 810324.0, 810324.0, 810324.0, 810324.0, 810324.0, 810324.0, 810324.0, 810324.0, 810324.0, 810324.0, 810324.0, 810324.0, 810324.0, 810324.0, 810324.0, 810324.0, 810324.0, 810324.0, 810324.0, 810324.0, 810324.0, 810324.0, 810324.0, 810324.0, 810324.0, 810324.0, 810324.0, 810324.0, 810324.0, 810324.0, 810324.0, 810324.0, 810324.0, 810324.0, 810324.0, 810324.0, 810324.0, 810324.0, 810324.0, 810324.0, 810324.0, 810324.0, 810324.0, 810324.0, 810324.0, 810324.0, 810324.0, 810324.0, 810324.0, 810324.0, 810324.0, 810324.0, 810324.0, 810324.0, 810324.0, 810324.0, 810324.0, 810324.0, 810324.0, 810324.0, 810324.0, 810324.0, 810324.0, 810324.0, 810324.0, 810324.0, 810324.0, 810324.0, 810324.0, 810324.0, 810324.0, 810324.0, 810324.0, 810324.0, 810324.0, 810324.0, 810324.0, 810324.0, 810324.0, 810324.0, 810324.0, 810324.0, 810324.0, 810324.0, 810324.0, 810324.0, 810324.0, 810324.0, 810324.0, 810324.0, 810324.0, 810324.0, 810324.0, 810324.0, 810324.0, 810324.0, 810324.0, 810324.0, 810324.0, 810324.0, 810324.0, 810324.0, 810324.0, 810324.0, 810324.0, 810324.0, 810324.0, 810324.0, 810324.0, 810324.0, 810324.0, 810324.0, 810324.0, 810324.0, 810324.0, 810324.0, 810324.0, 810324.0, 810324.0, 810324.0, 810324.0, 810324.0, 810324.0, 810324.0, 810324.0, 810324.0, 810324.0, 810324.0, 810324.0, 810324.0, 810324.0, 810324.0, 810324.0, 810324.0, 810324.0, 810324.0, 810324.0, 810324.0, 810324.0, 810324.0, 810324.0, 810324.0, 810324.0, 810324.0, 810324.0, 810324.0, 810324.0, 810324.0, 810324.0, 810324.0, 810324.0, 810324.0, 810324.0, 810324.0, 810324.0, 810324.0, 810324.0, 810324.0, 810324.0, 810324.0, 810324.0, 810324.0, 810324.0, 810324.0, 810324.0, 810324.0, 810324.0, 810324.0, 810324.0, 810324.0, 810324.0, 810324.0, 810324.0, 810324.0, 810324.0, 810324.0, 810324.0, 810324.0, 810324.0, 810324.0, 810324.0, 810324.0, 810324.0, 810324.0, 810324.0, 810324.0, 810324.0, 810324.0, 810324.0, 810324.0, 810324.0, 810324.0, 810324.0, 810324.0, 810324.0, 810324.0, 810324.0, 810324.0, 810324.0, 810324.0, 810324.0, 810324.0, 810324.0, 810324.0, 810324.0, 810324.0, 810324.0, 810324.0, 810324.0, 810324.0, 810324.0, 810324.0, 810324.0, 810324.0, 810324.0, 810324.0, 810324.0, 810324.0, 810324.0, 810324.0, 810324.0, 810324.0, 810324.0, 810324.0, 810324.0, 810324.0, 810324.0, 810324.0, 810324.0, 810324.0, 810324.0, 810324.0, 810324.0, 810324.0, 810324.0, 810324.0, 810324.0, 810324.0, 810324.0, 810324.0, 810324.0, 810324.0, 810324.0, 810324.0, 810324.0, 810324.0, 810324.0, 810324.0, 810324.0, 810324.0, 810324.0, 810324.0, 810324.0, 810324.0, 810324.0, 810324.0, 810324.0, 810324.0, 810324.0, 810324.0, 810324.0, 810324.0, 810324.0, 810324.0, 810324.0, 810324.0, 810324.0, 810324.0, 810324.0, 810324.0, 810324.0, 810324.0, 810324.0, 810324.0, 810324.0, 810324.0, 810324.0, 810324.0, 810324.0, 810324.0, 810324.0, 810324.0, 810324.0, 810324.0, 810324.0, 810324.0, 810324.0, 810324.0, 810324.0, 810324.0, 810324.0, 810324.0, 810324.0, 810324.0, 810324.0, 810324.0, 810324.0, 810136.475143982, 810136.475143982, 810136.475143982, 810136.475143982, 810136.475143982, 810136.475143982, 810136.475143982, 810136.475143982, 810136.475143982, 810136.475143982, 810136.475143982, 810136.475143982, 810136.475143982, 810136.475143982, 810136.475143982, 810136.475143982, 810136.475143982, 810136.475143982, 810136.475143982, 810136.475143982, 810136.475143982, 810136.475143982, 810136.475143982, 810136.475143982, 810136.475143982, 810136.475143982, 810136.475143982, 810136.475143982, 810136.475143982, 810136.475143982, 810136.475143982, 810136.475143982, 810136.475143982, 810136.475143982, 810136.475143982, 810136.475143982, 810324.0, 810324.0, 810324.0, 810324.0, 810324.0, 810324.0, 810324.0, 810324.0, 810324.0, 810324.0, 810324.0, 810324.0, 810324.0, 810324.0, 810324.0, 810324.0, 810324.0, 810324.0, 810324.0, 810324.0, 810324.0, 810324.0, 810324.0, 810324.0, 810324.0, 810324.0, 810324.0, 810324.0, 810324.0, 810324.0, 810324.0, 810324.0, 810324.0, 810324.0, 810324.0, 810324.0, 810324.0, 810324.0, 810324.0, 810324.0, 810324.0, 810324.0, 810324.0, 810324.0, 810324.0, 810324.0, 810324.0, 810324.0, 810324.0, 810324.0, 810324.0, 810324.0, 810324.0, 810324.0, 810324.0, 810324.0, 810324.0, 810324.0, 810324.0, 810324.0, 810324.0, 810324.0, 810324.0, 810324.0, 810324.0, 810324.0, 810324.0, 810324.0, 810324.0, 810324.0, 810324.0, 810324.0, 810324.0, 810324.0, 810324.0, 810324.0, 810324.0, 810324.0, 810324.0, 810324.0, 810324.0, 810324.0, 810324.0, 810324.0, 810324.0, 810324.0, 810324.0, 810324.0, 810324.0, 810324.0, 810324.0, 810324.0, 810324.0, 810324.0, 810324.0, 810324.0, 810324.0, 810324.0, 810324.0, 810324.0, 810324.0, 810324.0, 810324.0, 810324.0, 810324.0, 810324.0, 810324.0, 810324.0, 810324.0, 810324.0, 810324.0, 810324.0, 810324.0, 810324.0, 810324.0, 810324.0, 810324.0, 810324.0, 810324.0, 810324.0, 810324.0, 810324.0, 810324.0, 810324.0, 810324.0, 810324.0, 810324.0, 810324.0, 810324.0, 810324.0, 810324.0, 810324.0, 810324.0, 810324.0, 810324.0, 810324.0, 810324.0, 810324.0, 810324.0, 810324.0, 810324.0, 810324.0, 810324.0, 810324.0, 810324.0, 810324.0, 810324.0, 810324.0, 810324.0, 810324.0, 810324.0, 810324.0, 810324.0, 810324.0, 810324.0, 810324.0, 810324.0, 810324.0, 810324.0, 810324.0, 810324.0, 810324.0, 810324.0, 810324.0, 810324.0, 810324.0, 810324.0, 810324.0, 810324.0, 810324.0, 810324.0, 810324.0, 810324.0, 810324.0, 810324.0, 810324.0, 810324.0, 810324.0, 810324.0, 810324.0, 810324.0, 810324.0, 810324.0, 810324.0, 810324.0, 810324.0, 810324.0, 810324.0, 810324.0, 810324.0, 810324.0, 810324.0, 810324.0, 810324.0, 810324.0, 810324.0, 810324.0, 810324.0, 810324.0, 810324.0, 810324.0, 810324.0, 810324.0, 810324.0, 810324.0, 810324.0, 810324.0, 810324.0, 810324.0, 810324.0, 810324.0, 810324.0, 810324.0, 810324.0, 810324.0, 810324.0, 810324.0, 810324.0, 810324.0, 810324.0, 810324.0, 810324.0, 810324.0, 810324.0, 810324.0, 810324.0, 810324.0, 810324.0, 810324.0, 810324.0, 810324.0, 810324.0, 810324.0, 810324.0, 810324.0, 810324.0, 810324.0, 719354.4141374282, 719354.4141374282, 719354.4141374282, 719354.4141374282, 719354.4141374282, 719354.4141374282, 719354.4141374282, 719354.4141374282, 719354.4141374282, 719354.4141374282, 719354.4141374282, 719354.4141374282, 719354.4141374282, 719354.4141374282, 719354.4141374282, 719354.4141374282, 719354.4141374282, 719354.4141374282, 719354.4141374282, 719354.4141374282, 719354.4141374282, 719354.4141374282, 719354.4141374282, 719354.4141374282, 714984.6305852097, 717911.4583632667, 717911.4583632667, 781176.0239940559, 781176.0239940559, 776709.3455920345, 776709.3455920345, 775265.5595243222, 776391.4281168274, 779820.9372456789, 789117.9131588385, 804222.7508705591, 804222.7508705591, 804222.7508705591, 804222.7508705591, 804222.7508705591, 804222.7508705591, 804222.7508705591, 806209.857065423, 806209.857065423, 807472.5640068689, 807472.5640068689, 807472.5640068689, 807472.5640068689, 807472.5640068689, 807472.5640068689, 807472.5640068689, 807472.5640068689, 807472.5640068689, 807472.5640068689, 807472.5640068689, 807472.5640068689, 807472.5640068689, 807472.5640068689, 807472.5640068689, 807472.5640068689, 807472.5640068689, 807472.5640068689, 807472.5640068689, 807472.5640068689, 807472.5640068689, 807472.5640068689, 807472.5640068689, 807472.5640068689, 807472.5640068689, 807472.5640068689, 807472.5640068689, 807472.5640068689, 807472.5640068689, 807472.5640068689, 807472.5640068689, 807472.5640068689, 807472.5640068689, 807472.5640068689, 807472.5640068689, 807472.5640068689, 810324.0, 810324.0, 810324.0, 810324.0, 810324.0, 810324.0, 810324.0, 810324.0, 810324.0, 810324.0, 810324.0, 810324.0, 810324.0, 810324.0, 810324.0, 810324.0, 810324.0, 810324.0, 810324.0, 810324.0, 810324.0, 810324.0, 810324.0, 810324.0, 810324.0, 810324.0, 810324.0, 810324.0, 810324.0, 810324.0, 810324.0, 810324.0, 810324.0, 810324.0, 810324.0, 810324.0, 810324.0, 810324.0, 810324.0, 810324.0, 810324.0, 810324.0, 810324.0, 810324.0, 810324.0, 810324.0, 810324.0, 810324.0, 810324.0, 810324.0, 810324.0, 810324.0, 810324.0, 810324.0, 810324.0, 810324.0, 810324.0, 810324.0, 810324.0, 810324.0, 810324.0, 810324.0, 810324.0, 810324.0, 810324.0, 810324.0, 810324.0, 810324.0, 810324.0, 810324.0, 810324.0, 810324.0, 810324.0, 810324.0, 810324.0, 810324.0, 810324.0, 810324.0, 810324.0, 810324.0, 810324.0, 810324.0, 810324.0, 810324.0, 810324.0, 810324.0, 810324.0, 810324.0, 810324.0, 810324.0, 810324.0, 810324.0, 810324.0, 810324.0, 810324.0, 810324.0, 810324.0, 810324.0, 810324.0, 810324.0, 810324.0, 810324.0, 810324.0, 810324.0, 810324.0, 810324.0, 810324.0, 810324.0, 810324.0, 810324.0, 810324.0, 810324.0, 810324.0, 810324.0, 810324.0, 810324.0, 810324.0, 810324.0, 810324.0, 810324.0, 810324.0, 810324.0, 810324.0, 810324.0, 810324.0, 810324.0, 810324.0, 810324.0, 810324.0, 810324.0, 810324.0, 810324.0, 810324.0, 810324.0, 810324.0, 810324.0, 810324.0, 810324.0, 810324.0, 810324.0, 810324.0, 810324.0, 810324.0, 810324.0, 810324.0, 810324.0, 810324.0, 810324.0, 810324.0, 810324.0, 810324.0, 810324.0, 810324.0, 810324.0, 810324.0, 810324.0, 810324.0, 810324.0, 810324.0, 810324.0, 810324.0, 810324.0, 810324.0, 810324.0, 810324.0, 810324.0, 810324.0, 810324.0, 810324.0, 810324.0, 810324.0, 810324.0, 810324.0, 810324.0, 810324.0, 810324.0, 810324.0, 810324.0, 810324.0, 810324.0, 810324.0, 810324.0, 810324.0, 810324.0, 810324.0, 810324.0, 810324.0, 810324.0, 810324.0, 810324.0, 810324.0, 810324.0, 810324.0, 810324.0, 810324.0, 810324.0, 810324.0, 810324.0, 810324.0, 810324.0, 810324.0, 810324.0, 810324.0, 810324.0, 810324.0, 810324.0, 810324.0, 810324.0, 810324.0, 810324.0, 810324.0, 810324.0, 810324.0, 810324.0, 810324.0, 810324.0, 810324.0, 810324.0, 810324.0, 810324.0, 810324.0, 810324.0, 810324.0, 810324.0, 810324.0, 810324.0, 810324.0, 810324.0, 810324.0, 810324.0, 810324.0, 810324.0, 810324.0, 810324.0, 810324.0, 810324.0, 810324.0, 810324.0, 810324.0, 810324.0, 810324.0, 810324.0, 810324.0, 810324.0, 810324.0, 810324.0, 810324.0, 810324.0, 810324.0, 810324.0, 810324.0, 810324.0, 810324.0, 810324.0, 810324.0, 810324.0, 810324.0, 810324.0, 810324.0, 810324.0, 810324.0, 810324.0, 810324.0, 810324.0, 810324.0, 810324.0, 810324.0, 810324.0, 810324.0, 810324.0, 810324.0, 810324.0, 810324.0, 810324.0, 810324.0, 810324.0, 810324.0, 810324.0, 810324.0, 810324.0, 810324.0, 810324.0, 810324.0, 810324.0, 810324.0, 810324.0, 810324.0, 810324.0, 810324.0, 810324.0, 810324.0, 810324.0, 810324.0, 810324.0, 810324.0, 810324.0, 810324.0, 810324.0, 810324.0, 810324.0, 810324.0, 810324.0, 810324.0, 810324.0, 810324.0, 810324.0, 810324.0, 810324.0, 810324.0, 810324.0, 810324.0, 810324.0, 810324.0, 810324.0, 810324.0, 810324.0, 810324.0, 810324.0, 810324.0, 810324.0, 810324.0, 810324.0, 810324.0, 810324.0, 810324.0, 810324.0, 810324.0, 810324.0, 807789.1297746003, 807789.1297746003, 807789.1297746003, 807789.1297746003, 807789.1297746003, 807789.1297746003, 807789.1297746003, 807789.1297746003, 807789.1297746003, 807789.1297746003, 807789.1297746003, 807789.1297746003, 807789.1297746003, 807789.1297746003, 807789.1297746003, 807789.1297746003, 807789.1297746003, 807789.1297746003, 807789.1297746003, 807789.1297746003, 807789.1297746003, 807789.1297746003, 807789.1297746003, 807789.1297746003, 807789.1297746003, 807789.1297746003, 807789.1297746003, 807789.1297746003, 807789.1297746003, 807789.1297746003, 808344.7384499076, 810324.0, 810324.0, 810324.0, 810324.0, 810324.0, 810324.0, 810324.0, 810324.0, 810324.0, 810324.0, 810324.0, 810324.0, 810324.0, 810324.0, 810324.0, 810324.0, 810324.0, 810324.0, 810324.0, 810324.0, 810324.0, 810324.0, 810324.0, 810324.0, 810324.0, 810324.0, 810324.0, 810324.0, 810324.0, 810324.0, 810324.0, 810324.0, 810324.0, 810324.0, 810324.0, 810324.0, 810324.0, 810324.0, 810324.0, 810324.0, 810324.0, 810324.0, 810324.0, 810324.0, 810324.0, 810324.0, 810324.0, 810324.0, 810324.0, 810324.0, 810324.0, 810324.0, 810324.0, 810324.0, 810324.0, 810324.0, 810324.0, 810324.0, 810324.0, 810324.0, 810324.0, 810324.0, 810324.0, 810324.0, 810324.0, 810324.0, 810324.0, 810324.0, 810324.0, 810324.0, 810324.0, 810324.0, 810324.0, 810324.0, 810324.0, 810324.0, 810324.0, 810324.0, 810324.0, 810324.0, 810324.0, 810324.0, 810324.0, 810324.0, 810324.0, 810324.0, 810324.0, 810324.0, 810324.0, 810324.0, 810324.0, 810324.0, 810324.0, 810324.0, 810324.0, 810324.0, 810324.0, 810324.0, 810324.0, 810324.0, 810324.0, 810324.0, 810324.0, 810324.0, 810324.0, 810324.0, 810324.0, 810324.0, 810324.0, 810324.0, 810324.0, 810324.0, 810324.0, 810324.0, 810324.0, 810324.0, 810324.0, 810324.0, 810324.0, 810324.0, 810324.0, 810324.0, 810324.0, 810324.0, 810324.0, 810324.0, 810324.0, 810324.0, 810324.0, 810324.0, 810324.0, 810324.0, 810324.0, 810324.0, 810324.0, 810324.0, 810324.0, 810324.0, 810324.0, 810324.0, 810324.0, 810324.0, 810324.0, 810324.0, 810324.0, 810324.0, 810324.0, 810324.0, 810324.0, 810324.0, 810324.0, 810324.0, 810324.0, 810324.0, 810324.0, 810324.0, 810324.0, 810324.0, 810324.0, 810324.0, 810324.0, 810324.0, 810324.0, 810324.0, 810324.0, 810324.0, 810324.0, 810324.0, 810324.0, 810324.0, 810324.0, 810324.0, 810324.0, 810324.0, 810324.0, 810324.0, 810324.0, 810324.0, 810324.0, 810324.0, 810324.0, 810324.0, 810324.0, 810324.0, 810324.0, 810324.0, 810324.0, 810324.0, 810324.0, 810324.0, 810324.0, 810324.0, 810324.0, 810324.0, 810324.0, 810324.0, 810324.0, 810324.0, 810324.0, 810324.0, 810324.0, 810324.0, 810324.0, 810324.0, 810324.0, 810324.0, 810324.0, 810324.0, 810324.0, 810324.0, 810324.0, 810324.0, 810324.0, 810324.0, 810324.0, 810324.0, 810324.0, 810324.0, 810324.0, 810324.0, 810324.0, 810324.0, 810324.0, 810324.0, 810324.0, 810324.0, 810324.0, 810324.0, 810324.0, 810324.0, 810324.0, 810324.0, 810324.0, 810324.0, 810324.0, 810324.0, 810324.0, 810324.0, 810324.0, 810324.0, 810324.0, 810324.0, 808871.7569171222, 808871.7569171222, 808871.7569171222, 808871.7569171222, 808871.7569171222, 808871.7569171222, 808871.7569171222, 808871.7569171222, 808871.7569171222, 808871.7569171222, 808871.7569171222, 808871.7569171222, 808871.7569171222, 808871.7569171222, 808871.7569171222, 808871.7569171222, 808871.7569171222, 808871.7569171222, 808871.7569171222, 808871.7569171222, 808871.7569171222, 808871.7569171222, 808871.7569171222, 808871.7569171222, 808871.7569171222, 808871.7569171222, 808871.7569171222, 808871.7569171222, 808871.7569171222, 808871.7569171222, 808871.7569171222, 808871.7569171222, 808871.7569171222, 808871.7569171222, 808871.7569171222, 808871.7569171222, 808871.7569171222, 809400.8821138188, 809400.8821138188, 809400.8821138188, 809400.8821138188, 809400.8821138188, 809400.8821138188, 809400.8821138188, 809400.8821138188, 810324.0, 810324.0, 810324.0, 810324.0, 810324.0, 810324.0, 810324.0, 810324.0, 810324.0, 810324.0, 810324.0, 810324.0, 810324.0, 810324.0, 810324.0, 810324.0, 810324.0, 810324.0, 810324.0, 810324.0, 810324.0, 810324.0, 810324.0, 810324.0, 810324.0, 810324.0, 810324.0, 810324.0, 810324.0, 810324.0, 810324.0, 810324.0, 810324.0, 810324.0, 810324.0, 810324.0, 810324.0, 810324.0, 810324.0, 810324.0, 810324.0, 810324.0, 810324.0, 810324.0, 810324.0, 810324.0, 810324.0, 810324.0, 810324.0, 810324.0, 810324.0, 810324.0, 810324.0, 810324.0, 810324.0, 810324.0, 810324.0, 810324.0, 810324.0, 810324.0, 810324.0, 810324.0, 810324.0, 810324.0, 810324.0, 810324.0, 810324.0, 810324.0, 810324.0, 810324.0, 810324.0, 810324.0, 810324.0, 810324.0, 810324.0, 810324.0, 810324.0, 810324.0, 810324.0, 810324.0, 810324.0, 810324.0, 810324.0, 810324.0, 810324.0, 810324.0, 810324.0, 810324.0, 810324.0, 810324.0, 810324.0, 806664.7745423713, 806664.7745423713, 806664.7745423713, 806664.7745423713, 806664.7745423713, 806664.7745423713, 806664.7745423713, 806664.7745423713, 806664.7745423713, 806664.7745423713, 806664.7745423713, 806664.7745423713, 806664.7745423713, 806664.7745423713, 806664.7745423713, 806664.7745423713, 806664.7745423713, 806664.7745423713, 806664.7745423713, 806664.7745423713, 806664.7745423713, 806664.7745423713, 806664.7745423713, 806664.7745423713, 806664.7745423713, 806664.7745423713, 806664.7745423713, 806664.7745423713, 806664.7745423713, 807618.7527028552, 807618.7527028552, 807618.7527028552, 807618.7527028552, 807618.7527028552, 807618.7527028552, 807618.7527028552, 807618.7527028552, 810184.2084509504, 810184.2084509504, 810271.2613058249, 810271.2613058249, 810271.2613058249, 810271.2613058249, 810271.2613058249, 810324.0, 807431.8799773265, 807431.8799773265, 807431.8799773265, 807431.8799773265, 807431.8799773265, 807431.8799773265, 807431.8799773265, 807431.8799773265, 807431.8799773265, 807431.8799773265, 807431.8799773265, 807431.8799773265, 807431.8799773265, 807431.8799773265, 807431.8799773265, 807431.8799773265, 807431.8799773265, 807431.8799773265, 807431.8799773265, 807431.8799773265, 807431.8799773265, 807431.8799773265, 807431.8799773265, 807431.8799773265, 807431.8799773265, 807431.8799773265, 807431.8799773265, 807431.8799773265, 807431.8799773265, 807431.8799773265, 807431.8799773265, 807431.8799773265, 807431.8799773265, 807431.8799773265, 807431.8799773265, 807431.8799773265, 807431.8799773265, 807431.8799773265, 807431.8799773265, 807431.8799773265, 807431.8799773265, 809058.0281934736, 809058.0281934736, 809058.0281934736, 809058.0281934736, 809058.0281934736, 809058.0281934736, 809058.0281934736, 809058.0281934736, 809058.0281934736, 809058.0281934736, 809058.0281934736, 809058.0281934736, 809058.0281934736, 809058.0281934736, 809058.0281934736, 809058.0281934736, 809058.0281934736, 809058.0281934736, 809058.0281934736, 809058.0281934736, 809058.0281934736, 809058.0281934736, 809058.0281934736, 809058.0281934736, 809058.0281934736, 809058.0281934736, 809058.0281934736, 809058.0281934736, 809058.0281934736, 809058.0281934736, 809058.0281934736, 809058.0281934736, 809058.0281934736, 809058.0281934736, 809058.0281934736, 809058.0281934736, 809058.0281934736, 809058.0281934736, 809058.0281934736, 809058.0281934736, 809058.0281934736, 809058.0281934736, 809058.0281934736, 809058.0281934736, 809058.0281934736, 810324.0, 810324.0, 810324.0, 810324.0, 810324.0, 810324.0, 810324.0, 810324.0, 810324.0, 810324.0, 810324.0, 810324.0, 810324.0, 810324.0, 810324.0, 810324.0, 810324.0, 810324.0, 810324.0, 810324.0, 810324.0, 810324.0, 810324.0, 810324.0, 810324.0, 810324.0, 810324.0, 810324.0, 810324.0, 810324.0, 810324.0, 810324.0, 810324.0, 810324.0, 810324.0, 810324.0, 810324.0, 810324.0, 810324.0, 810324.0, 810324.0, 810324.0, 810324.0, 810324.0, 810324.0, 810324.0, 810324.0, 810324.0, 810324.0, 810324.0, 810324.0, 810324.0, 810324.0, 810324.0, 810324.0, 810324.0, 810324.0, 810324.0, 810324.0, 810324.0, 810324.0, 810324.0, 810324.0, 810324.0, 810324.0, 810324.0, 810324.0, 810324.0, 810324.0, 810324.0, 810324.0, 810324.0, 810324.0, 810324.0, 810324.0, 810324.0, 810324.0, 810324.0, 810324.0, 810324.0, 810324.0, 810324.0, 810324.0, 810324.0, 810324.0, 810324.0, 810324.0, 810324.0, 810324.0, 810324.0, 810324.0, 810324.0, 810324.0, 810324.0, 810324.0, 810324.0, 810324.0, 810324.0, 810324.0, 810324.0, 810324.0, 810324.0, 810324.0, 810324.0, 810324.0, 810324.0, 810324.0, 810324.0, 810324.0, 810324.0, 810324.0, 810324.0, 810324.0, 810324.0, 810324.0, 810324.0, 810324.0, 810324.0, 810324.0, 810324.0, 810324.0, 810324.0, 810324.0, 810324.0, 810324.0, 810324.0, 810324.0, 810324.0, 810324.0, 810324.0, 810324.0, 810324.0, 810324.0, 810324.0, 810324.0, 810324.0, 810324.0, 810324.0, 810324.0, 810324.0, 810324.0, 810119.9080153987, 810119.9080153987, 810119.9080153987, 810119.9080153987, 810119.9080153987, 810119.9080153987, 810119.9080153987, 810119.9080153987, 810119.9080153987, 810119.9080153987, 810119.9080153987, 810119.9080153987, 810119.9080153987, 810119.9080153987, 810119.9080153987, 810119.9080153987, 810119.9080153987, 810119.9080153987, 810119.9080153987, 810119.9080153987, 810119.9080153987, 810119.9080153987, 810119.9080153987, 810119.9080153987, 810119.9080153987, 810119.9080153987, 810119.9080153987, 810119.9080153987, 810119.9080153987, 810119.9080153987, 810119.9080153987, 810119.9080153987, 810119.9080153987, 810119.9080153987, 810119.9080153987, 810119.9080153987, 810119.9080153987, 810119.9080153987, 810119.9080153987, 810119.9080153987, 810119.9080153987, 810119.9080153987, 810119.9080153987, 810119.9080153987, 810119.9080153987, 810119.9080153987, 810119.9080153987, 810119.9080153987, 810119.9080153987, 810119.9080153987, 810119.9080153987, 810119.9080153987, 810119.9080153987, 810119.9080153987, 810119.9080153987, 810119.9080153987, 810119.9080153987, 810119.9080153987, 810119.9080153987, 810119.9080153987, 810119.9080153987, 810119.9080153987, 810119.9080153987, 810119.9080153987, 810119.9080153987, 810119.9080153987, 810119.9080153987, 810119.9080153987, 810119.9080153987, 810119.9080153987, 810119.9080153987, 810119.9080153987, 810119.9080153987, 810119.9080153987, 810119.9080153987, 810119.9080153987, 810119.9080153987, 810119.9080153987, 810119.9080153987, 810119.9080153987, 810119.9080153987, 810119.9080153987, 810119.9080153987, 810119.9080153987, 810119.9080153987, 810119.9080153987, 810119.9080153987, 810119.9080153987, 810324.0, 810324.0, 810324.0, 810324.0, 810324.0, 810324.0, 810324.0, 810324.0, 810324.0, 810324.0, 810324.0, 810324.0, 810324.0, 810324.0, 810324.0, 810324.0, 810324.0, 810324.0, 810324.0, 810324.0, 810324.0, 810324.0, 810324.0, 810324.0, 810324.0, 810324.0, 810324.0, 810324.0, 810324.0, 810324.0, 810324.0, 810324.0, 810324.0, 810324.0, 810324.0, 810324.0, 810324.0, 810324.0, 810324.0, 810324.0, 810324.0, 810324.0, 810324.0, 810324.0, 810324.0, 810324.0, 810324.0, 810324.0, 810324.0, 810324.0, 810324.0, 810324.0, 810324.0, 810324.0, 810324.0, 810324.0, 810324.0, 810324.0, 810324.0, 810324.0, 810324.0, 810324.0, 810324.0, 810324.0, 810324.0, 810324.0, 810324.0, 810324.0, 810324.0, 810324.0, 810324.0, 810324.0, 810324.0, 810324.0, 810324.0, 810324.0, 810324.0, 810324.0, 810324.0, 810324.0, 810324.0, 810324.0, 810324.0, 810324.0, 810324.0, 810324.0, 810324.0, 810324.0, 810324.0, 810324.0, 810324.0, 810324.0, 810324.0, 810324.0, 810324.0, 810324.0, 810324.0, 810324.0, 810324.0, 810324.0, 810324.0, 810324.0, 810324.0, 810324.0, 810324.0, 810324.0, 810324.0, 810324.0, 810324.0, 810324.0, 810324.0, 810324.0, 810324.0, 810324.0, 810324.0, 810324.0, 810324.0, 810324.0, 810324.0, 810324.0, 810324.0, 810324.0, 810324.0, 810324.0, 810324.0, 810324.0, 810324.0, 810324.0, 810324.0, 810324.0, 810324.0, 810324.0, 810324.0, 810324.0, 810324.0, 810324.0, 810324.0, 810324.0, 810324.0, 810324.0, 810324.0, 810324.0, 810324.0, 810324.0, 810324.0, 810324.0, 810324.0, 810324.0, 810324.0, 810324.0, 810324.0, 810324.0, 810324.0, 810324.0, 810324.0, 810324.0, 810324.0, 810324.0, 810324.0, 810324.0, 810324.0, 810324.0, 810324.0, 810324.0, 810324.0, 810324.0, 810324.0, 810324.0, 810324.0, 810324.0, 810324.0, 810324.0, 810324.0, 810324.0, 810324.0, 810324.0, 810324.0, 810324.0, 810324.0, 810324.0, 810324.0, 810324.0, 810324.0, 810324.0, 810324.0, 809731.2809346794, 809731.2809346794, 809731.2809346794, 809731.2809346794, 809731.2809346794, 809731.2809346794, 809731.2809346794, 809731.2809346794, 809731.2809346794, 809731.2809346794, 809731.2809346794, 809731.2809346794, 809731.2809346794, 809731.2809346794, 809731.2809346794, 809731.2809346794, 809731.2809346794, 809731.2809346794, 809731.2809346794, 809731.2809346794, 809731.2809346794, 809731.2809346794, 809731.2809346794, 809731.2809346794, 809731.2809346794, 809731.2809346794, 809731.2809346794, 809731.2809346794, 809731.2809346794, 809731.2809346794, 809731.2809346794, 809731.2809346794, 809731.2809346794, 809731.2809346794, 809731.2809346794, 809731.2809346794, 809731.2809346794, 809731.2809346794, 809731.2809346794, 809731.2809346794, 809731.2809346794, 809731.2809346794, 809731.2809346794, 809731.2809346794, 809731.2809346794, 809731.2809346794, 809731.2809346794, 809731.2809346794, 809731.2809346794, 809731.2809346794, 809731.2809346794, 809731.2809346794, 809731.2809346794, 809731.2809346794, 809731.2809346794, 809731.2809346794, 809731.2809346794, 809731.2809346794, 809731.2809346794, 809731.2809346794, 809731.2809346794, 809731.2809346794, 809731.2809346794, 809731.2809346794, 809731.2809346794, 809731.2809346794, 809731.2809346794, 809731.2809346794, 809731.2809346794, 809731.2809346794, 809731.2809346794, 809731.2809346794, 809731.2809346794, 809731.2809346794, 809731.2809346794, 809731.2809346794, 809731.2809346794, 809731.2809346794, 809731.2809346794, 809731.2809346794, 809731.2809346794, 809731.2809346794, 809731.2809346794, 809731.2809346794, 809731.2809346794, 809731.2809346794, 809731.2809346794, 809731.2809346794, 809731.2809346794, 809731.2809346794, 809731.2809346794, 809731.2809346794, 809731.2809346794, 809731.2809346794, 809731.2809346794, 809731.2809346794, 809731.2809346794, 809731.2809346794, 809731.2809346794, 809731.2809346794, 809731.2809346794, 809731.2809346794, 809731.2809346794, 809731.2809346794, 809731.2809346794, 809731.2809346794, 809731.2809346794, 809731.2809346794, 809731.2809346794, 809731.2809346794, 809731.2809346794, 809731.2809346794, 809731.2809346794, 809731.2809346794, 809731.2809346794, 809731.2809346794, 809731.2809346794, 809731.2809346794, 809731.2809346794, 809731.2809346794, 809731.2809346794, 809731.2809346794, 809731.2809346794, 809731.2809346794, 809731.2809346794, 809731.2809346794, 809731.2809346794, 809731.2809346794, 809731.2809346794, 809731.2809346794, 810324.0, 810324.0, 810324.0, 810324.0, 810324.0, 810324.0, 810324.0, 810324.0, 810324.0, 810324.0, 810324.0, 810324.0, 810324.0, 810324.0, 810324.0, 810324.0, 810324.0, 810324.0, 810324.0, 810324.0, 810324.0, 810324.0, 810324.0, 810324.0, 810324.0, 810324.0, 810324.0, 810324.0, 810324.0, 810324.0, 810324.0, 810324.0, 810324.0, 810324.0, 810324.0, 810324.0, 810324.0, 810324.0, 810324.0, 810324.0, 810324.0, 810324.0, 810324.0, 810324.0, 810324.0, 810324.0, 810324.0, 810324.0, 810324.0, 810324.0, 810324.0, 810324.0, 810324.0, 810324.0, 810324.0, 810324.0, 810324.0, 810324.0, 810324.0, 810324.0, 810324.0, 810324.0, 810324.0, 810324.0, 810324.0, 810324.0, 810324.0, 810324.0, 810324.0, 810324.0, 810324.0, 810324.0, 810324.0, 810324.0, 810324.0, 810324.0, 810324.0, 810324.0, 810324.0, 810324.0, 810324.0, 810324.0, 810324.0, 810324.0, 810324.0, 810324.0, 810324.0, 810324.0, 810324.0, 810324.0, 810324.0, 810324.0, 810324.0, 810324.0, 810324.0, 810324.0, 810324.0, 810324.0, 
49173.07171698234, 48319.2536489962, 40430.92400093408, 40430.92400093408, 21506.14953298889, 21506.14953298889, 18764.13101485349, 9453.128318019337, 9453.128318019337, 7125.573443417463, 7125.573443417463, 4083.521273730094, 3867.283223267315, 3867.283223267315, 3867.283223267315, 3867.283223267315, 3553.3837642442245, 3553.3837642442245, 2036.3050787018294, 1449.2206947148918, 1416.078700537917, 1416.078700537917, 1416.078700537917, 1416.078700537917, 963.100317782006, 963.100317782006, 963.100317782006, 963.100317782006, 873.2018484051408, 873.2018484051408, 594.9317184645337, 441.46531556885, 376.6318499774412, 376.6318499774412, 320.2908912493539, 289.95199452934, 289.95199452934, 275.5077226998765, 267.3573452064299, 262.0463612935023, 262.0463612935023, 187.70139947661264, 172.27215345030945, 172.27215345030945, 148.56655097246446, 148.56655097246446, 148.56655097246446, 148.56655097246446, 122.86683788656279, 114.11976887162649, 114.11976887162649, 114.11976887162649, 114.11976887162649, 114.11976887162649, 114.11976887162649, 103.06134874951174, 103.06134874951174, 103.06134874951174, 73.3244839600936, 73.3244839600936, 73.3244839600936, 73.3244839600936, 73.3244839600936, 73.3244839600936, 73.3244839600936, 73.3244839600936, 73.3244839600936, 73.3244839600936, 73.3244839600936, 73.3244839600936, 73.3244839600936, 73.3244839600936, 73.3244839600936, 73.3244839600936, 73.3244839600936, 73.3244839600936, 73.3244839600936, 73.3244839600936, 73.3244839600936, 73.3244839600936, 73.3244839600936, 72.32002955509125, 56.50683135308806, 56.50683135308806, 56.50683135308806, 56.50683135308806, 56.50683135308806, 49.39713599768647, 49.39713599768647, 49.39713599768647, 49.39713599768647, 238549.20534039164, 189397.54828547905, 189397.54828547905, 297460.19340052136, 254251.8216491348, 254251.8216491348, 194368.8133070335, 476051.03866315156, 352876.3436768494, 378367.51462785393, 423874.33898663585, 421699.43756053474, 534492.3473284768, 534492.3473284768, 534492.3473284768, 604112.8030259998, 626100.9453159627, 625944.6443330374, 635209.5805030279, 636435.5251742236, 636435.5251742236, 629879.0909756797, 629879.0909756797, 718869.3031880495, 718869.3031880495, 697563.4750279604, 707917.0717464647, 707917.0717464647, 734967.5396248973, 758656.7601021994, 758656.7601021994, 758656.7601021994, 758656.7601021994, 787576.0573645355, 787576.0573645355, 807454.8838203481, 807454.8838203481, 807454.8838203481, 807771.860458632, 807771.860458632, 810117.1973359305, 810117.1973359305, 810324.0, 810324.0, 810324.0, 810324.0, 810324.0, 810324.0, 810324.0, 810324.0, 810324.0, 810324.0, 810324.0, 810324.0, 810324.0, 810324.0, 810324.0, 810324.0, 810324.0, 810324.0, 810324.0, 810324.0, 810324.0, 810324.0, 810324.0, 810324.0, 810324.0, 810324.0, 810324.0, 810324.0, 810324.0, 810324.0, 810324.0, 810324.0, 810324.0, 810324.0, 810324.0, 810324.0, 810324.0, 810324.0, 810324.0, 810324.0, 810324.0, 810324.0, 810324.0, 810324.0, 810324.0, 810324.0, 810324.0, 810324.0, 810324.0, 810324.0, 810324.0, 810324.0, 810324.0, 810324.0, 810324.0, 810324.0, 810324.0, 810324.0, 810324.0, 810324.0, 810324.0, 810324.0, 810324.0, 810324.0, 810324.0, 810324.0, 810324.0, 810324.0, 810324.0, 810324.0, 810324.0, 810324.0, 810324.0, 810324.0, 810324.0, 810324.0, 810324.0, 810324.0, 810324.0, 810324.0, 810324.0, 810324.0, 810324.0, 810324.0, 810324.0, 810324.0, 810324.0, 810324.0, 810324.0, 810324.0, 810324.0, 810324.0, 810324.0, 810324.0, 810324.0, 810324.0, 810324.0, 810324.0, 810324.0, 810324.0, 810324.0, 810324.0, 810324.0, 810324.0, 810324.0, 810324.0, 810324.0, 810324.0, 810324.0, 810324.0, 810324.0, 810324.0, 810324.0, 810324.0, 810324.0, 810324.0, 810324.0, 810324.0, 810324.0, 810324.0, 810324.0, 810324.0, 810324.0, 810324.0, 810324.0, 810324.0, 810324.0, 810324.0, 810324.0, 810324.0, 810324.0, 810324.0, 810324.0, 810324.0, 810324.0, 810324.0, 810324.0, 810324.0, 810324.0, 810324.0, 810324.0, 810324.0, 810324.0, 810324.0, 810324.0, 810324.0, 810324.0, 810324.0, 810324.0, 810324.0, 810324.0, 810324.0, 810324.0, 810324.0, 810324.0, 810324.0, 810324.0, 810324.0, 810324.0, 810324.0, 810324.0, 810324.0, 810324.0, 810324.0, 810324.0, 810324.0, 810324.0, 810324.0, 810324.0, 810324.0, 810324.0, 810324.0, 810324.0, 810324.0, 810324.0, 810324.0, 810324.0, 810324.0, 810324.0, 810324.0, 810324.0, 810324.0, 810324.0, 810324.0, 810324.0, 810324.0, 810324.0, 810324.0, 810324.0, 810324.0, 810324.0, 810324.0, 810324.0, 810324.0, 810324.0, 810324.0, 810324.0, 810324.0, 810324.0, 810324.0, 810324.0, 810324.0, 810324.0, 810324.0, 810324.0, 810324.0, 810324.0, 810324.0, 810324.0, 810324.0, 810324.0, 810324.0, 810324.0, 810324.0, 810324.0, 810324.0, 810324.0, 810324.0, 810324.0, 810324.0, 810324.0, 810324.0, 810324.0, 810324.0, 810324.0, 810324.0, 810324.0, 810324.0, 810324.0, 810324.0, 810324.0, 810324.0, 810324.0, 810324.0, 810324.0, 810324.0, 810324.0, 810324.0, 810324.0, 810324.0, 810324.0, 810324.0, 810324.0, 810324.0, 810324.0, 810324.0, 810324.0, 810324.0, 810324.0, 810324.0, 810324.0, 810324.0, 810324.0, 810324.0, 810324.0, 810324.0, 810324.0, 810324.0, 810324.0, 810324.0, 810324.0, 810324.0, 810324.0, 810324.0, 810324.0, 810324.0, 810324.0, 810324.0, 810324.0, 810324.0, 810324.0, 810324.0, 810324.0, 810324.0, 810324.0, 810324.0, 810324.0, 810324.0, 810324.0, 810324.0, 810324.0, 810324.0, 810324.0, 810324.0, 810324.0, 810324.0, 810324.0, 810324.0, 810324.0, 810324.0, 810324.0, 810324.0, 810324.0, 810324.0, 810324.0, 810324.0, 810324.0, 810324.0, 810324.0, 810324.0, 810324.0, 810324.0, 810324.0, 810324.0, 810324.0, 810324.0, 810324.0, 810324.0, 810324.0, 810324.0, 810324.0, 810324.0, 810324.0, 810324.0, 810324.0, 810324.0, 810324.0, 810324.0, 810324.0, 810324.0, 810324.0, 810324.0, 810324.0, 810324.0, 810324.0, 810324.0, 810324.0, 810324.0, 810324.0, 810324.0, 810324.0, 810324.0, 810324.0, 810324.0, 810324.0, 810324.0, 810324.0, 810324.0, 810324.0, 810324.0, 810324.0, 810324.0, 810324.0, 810324.0, 810324.0, 810324.0, 810324.0, 810324.0, 810324.0, 810324.0, 810324.0, 810324.0, 810324.0, 810324.0, 810324.0, 810324.0, 810324.0, 810324.0, 810324.0, 810324.0, 810324.0, 810324.0, 810324.0, 810324.0, 810324.0, 810324.0, 810324.0, 810324.0, 810324.0, 810324.0, 810324.0, 810324.0, 810324.0, 810324.0, 810324.0, 810324.0, 810324.0, 810324.0, 810324.0, 810324.0, 810324.0, 810324.0, 810324.0, 810324.0, 810324.0, 810324.0, 810324.0, 810324.0, 810324.0, 810324.0, 810324.0, 810324.0, 810324.0, 810324.0, 810324.0, 810324.0, 810324.0, 810324.0, 810324.0, 810324.0, 810324.0, 810324.0, 810324.0, 810324.0, 810324.0, 810324.0, 810324.0, 810324.0, 810324.0, 810324.0, 810324.0, 810324.0, 810324.0, 810324.0, 810324.0, 810324.0, 810324.0, 810324.0, 810324.0, 810324.0, 810324.0, 810324.0, 810324.0, 810324.0, 810324.0, 810324.0, 810324.0, 810324.0, 810324.0, 810324.0, 810324.0, 810324.0, 810324.0, 810324.0, 810324.0, 810324.0, 810324.0, 810324.0, 810324.0, 810324.0, 810324.0, 810324.0, 810324.0, 810324.0, 810324.0, 810324.0, 810324.0, 810324.0, 810324.0, 810324.0, 810324.0, 810324.0, 810324.0, 810324.0, 810324.0, 810324.0, 810324.0, 761385.3614549139, 761385.3614549139, 761385.3614549139, 761385.3614549139, 761385.3614549139, 761385.3614549139, 761385.3614549139, 761385.3614549139, 761385.3614549139, 761385.3614549139, 761385.3614549139, 761385.3614549139, 761385.3614549139, 761385.3614549139, 761385.3614549139, 761385.3614549139, 761385.3614549139, 761385.3614549139, 761385.3614549139, 761385.3614549139, 761385.3614549139, 759947.6567729515, 759947.6567729515, 759947.6567729515, 759947.6567729515, 789645.5877107186, 789645.5877107186, 789645.5877107186, 804938.1281393869, 804938.1281393869, 804938.1281393869, 810324.0, 810324.0, 810324.0, 810324.0, 810324.0, 810324.0, 810324.0, 810324.0, 810324.0, 810324.0, 810324.0, 810324.0, 810324.0, 810324.0, 810324.0, 810324.0, 810324.0, 810324.0, 810324.0, 810324.0, 810324.0, 810324.0, 810324.0, 810324.0, 810324.0, 810324.0, 810324.0, 810324.0, 810324.0, 810324.0, 810324.0, 810324.0, 810324.0, 810324.0, 810324.0, 810324.0, 810324.0, 810324.0, 810324.0, 810324.0, 810324.0, 810324.0, 810324.0, 810324.0, 810324.0, 810324.0, 810324.0, 810324.0, 810324.0, 810324.0, 810324.0, 810324.0, 810324.0, 810324.0, 810324.0, 810324.0, 810324.0, 810324.0, 810324.0, 810324.0, 810324.0, 810324.0, 810324.0, 810324.0, 810324.0, 810324.0, 810324.0, 810324.0, 810324.0, 810324.0, 810324.0, 810324.0, 810324.0, 810324.0, 810324.0, 810324.0, 810324.0, 810324.0, 810324.0, 810324.0, 810324.0, 810324.0, 810324.0, 810324.0, 810324.0, 810324.0, 810324.0, 810324.0, 810324.0, 810324.0, 810324.0, 810324.0, 810324.0, 810324.0, 810324.0, 810324.0, 810324.0, 810324.0, 810324.0, 810324.0, 810324.0, 810324.0, 810324.0, 810324.0, 810324.0, 810324.0, 810324.0, 810324.0, 810324.0, 810324.0, 810324.0, 810324.0, 810324.0, 810324.0, 810324.0, 810324.0, 810324.0, 810324.0, 810324.0, 810324.0, 810324.0, 810324.0, 810324.0, 810324.0, 810324.0, 810324.0, 810324.0, 810324.0, 810324.0, 810324.0, 810324.0, 810324.0, 810324.0, 810324.0, 810324.0, 810324.0, 810324.0, 810324.0, 810324.0, 810324.0, 810324.0, 810324.0, 810324.0, 810324.0, 810324.0, 810324.0, 810324.0, 810324.0, 810324.0, 810324.0, 810324.0, 810324.0, 810324.0, 810324.0, 810324.0, 810324.0, 810324.0, 810324.0, 810324.0, 810324.0, 810324.0, 810324.0, 810324.0, 810324.0, 810324.0, 810324.0, 810324.0, 810324.0, 810324.0, 810324.0, 810324.0, 810324.0, 810324.0, 810324.0, 810324.0, 810324.0, 810324.0, 810324.0, 810324.0, 810324.0, 810324.0, 810324.0, 810324.0, 810324.0, 810324.0, 810324.0, 810324.0, 810324.0, 810324.0, 810324.0, 810324.0, 810324.0, 810324.0, 810324.0, 810324.0, 810324.0, 810324.0, 810324.0, 810324.0, 810324.0, 810324.0, 810324.0, 810324.0, 810324.0, 810324.0, 810324.0, 810324.0, 810324.0, 810324.0, 810324.0, 810324.0, 810324.0, 810324.0, 810324.0, 810324.0, 810324.0, 810324.0, 810324.0, 810324.0, 810324.0, 810324.0, 810324.0, 810324.0, 810324.0, 810324.0, 810324.0, 810324.0, 810324.0, 810324.0, 810324.0, 810324.0, 810324.0, 810324.0, 810324.0, 810324.0, 810324.0, 810324.0, 810324.0, 810324.0, 810324.0, 810324.0, 810324.0, 810324.0, 810324.0, 810324.0, 810324.0, 810324.0, 810324.0, 810324.0, 810324.0, 810324.0, 810324.0, 810324.0, 810324.0, 810324.0, 810324.0, 810324.0, 810324.0, 810324.0, 810324.0, 810324.0, 810324.0, 810324.0, 810324.0, 810324.0, 810324.0, 810324.0, 810324.0, 810324.0, 810324.0, 810324.0, 810324.0, 810324.0, 810324.0, 810324.0, 810324.0, 810324.0, 810324.0, 810324.0, 810324.0, 810324.0, 810324.0, 810324.0, 810324.0, 810324.0, 810324.0, 810324.0, 810324.0, 810324.0, 810324.0, 810324.0, 810324.0, 810324.0, 810324.0, 810324.0, 810324.0, 810324.0, 810324.0, 810324.0, 810324.0, 810324.0, 810324.0, 810324.0, 810324.0, 810324.0, 810324.0, 810324.0, 810324.0, 810324.0, 810324.0, 810324.0, 810324.0, 810324.0, 810324.0, 810324.0, 810324.0, 810324.0, 810324.0, 810324.0, 810324.0, 810324.0, 810324.0, 810324.0, 810324.0, 810324.0, 810324.0, 810324.0, 810324.0, 810324.0, 810324.0, 810324.0, 810324.0, 809163.2007251923, 809163.2007251923, 809163.2007251923, 809163.2007251923, 809163.2007251923, 809163.2007251923, 809163.2007251923, 809163.2007251923, 809163.2007251923, 809163.2007251923, 809163.2007251923, 809163.2007251923, 809163.2007251923, 809163.2007251923, 809163.2007251923, 809163.2007251923, 809163.2007251923, 809163.2007251923, 809163.2007251923, 809163.2007251923, 809163.2007251923, 809163.2007251923, 809163.2007251923, 809163.2007251923, 809163.2007251923, 809163.2007251923, 809163.2007251923, 809163.2007251923, 809163.2007251923, 809163.2007251923, 809163.2007251923, 809163.2007251923, 809163.2007251923, 809163.2007251923, 809163.2007251923, 809163.2007251923, 809163.2007251923, 809163.2007251923, 809163.2007251923, 809163.2007251923, 810324.0, 810324.0, 810324.0, 810324.0, 810324.0, 810324.0, 810324.0, 810324.0, 810324.0, 810324.0, 810324.0, 810324.0, 810324.0, 810324.0, 810324.0, 810324.0, 810324.0, 810324.0, 810324.0, 810324.0, 810324.0, 810324.0, 810324.0, 810324.0, 810324.0, 810324.0, 810324.0, 810324.0, 810324.0, 810324.0, 810324.0, 810324.0, 810324.0, 810324.0, 810324.0, 810324.0, 810324.0, 810324.0, 810324.0, 810324.0, 810324.0, 810324.0, 810324.0, 810324.0, 810324.0, 810324.0, 810324.0, 810324.0, 810324.0, 810324.0, 810324.0, 810324.0, 810324.0, 810324.0, 810324.0, 810324.0, 810324.0, 810324.0, 810324.0, 810324.0, 810324.0, 810324.0, 810324.0, 810324.0, 810324.0, 810324.0, 810324.0, 810324.0, 810324.0, 810324.0, 810324.0, 810324.0, 810324.0, 810324.0, 810324.0, 810324.0, 810324.0, 810324.0, 810324.0, 810324.0, 810324.0, 810324.0, 810324.0, 810324.0, 810324.0, 810324.0, 810324.0, 810324.0, 810324.0, 810324.0, 810324.0, 810324.0, 810324.0, 810324.0, 810324.0, 810324.0, 810324.0, 810324.0, 810324.0, 810324.0, 810324.0, 810324.0, 810324.0, 810324.0, 810324.0, 810324.0, 810324.0, 810324.0, 810324.0, 810324.0, 810324.0, 810324.0, 810324.0, 810324.0, 810324.0, 810324.0, 810324.0, 810324.0, 810324.0, 810324.0, 810324.0, 810324.0, 810324.0, 810324.0, 810324.0, 810324.0, 810324.0, 810324.0, 810324.0, 810324.0, 810324.0, 810324.0, 810324.0, 810324.0, 810324.0, 810324.0, 810324.0, 810324.0, 810324.0, 810324.0, 810324.0, 810324.0, 810324.0, 810324.0, 810324.0, 810324.0, 810324.0, 810324.0, 810324.0, 810324.0, 810324.0, 810324.0, 810324.0, 810324.0, 810324.0, 810324.0, 810324.0, 810324.0, 810324.0, 810324.0, 810324.0, 810324.0, 810324.0, 810324.0, 810324.0, 810324.0, 810324.0, 810324.0, 810324.0, 810324.0, 810324.0, 810324.0, 810324.0, 810324.0, 810324.0, 810324.0, 810324.0, 810324.0, 810324.0, 810324.0, 810324.0, 810324.0, 810324.0, 810324.0, 810324.0, 810324.0, 810324.0, 810324.0, 810324.0, 810324.0, 810324.0, 810324.0, 810324.0, 810324.0, 810324.0, 810324.0, 810324.0, 810324.0, 810324.0, 810324.0, 810324.0, 810324.0, 810324.0, 810324.0, 810324.0, 810324.0, 810324.0, 810324.0, 810324.0, 810324.0, 810324.0, 810324.0, 810324.0, 810324.0, 810324.0, 810324.0, 810324.0, 810324.0, 810324.0, 810324.0, 810324.0, 810324.0, 810324.0, 810324.0, 810324.0, 810324.0, 810324.0, 810324.0, 810324.0, 810324.0, 810324.0, 810324.0, 810324.0, 810324.0, 810324.0, 810324.0, 810324.0, 810324.0, 810324.0, 810324.0, 810324.0, 810324.0, 810324.0, 810324.0, 810324.0, 810324.0, 810324.0, 810324.0, 810324.0, 810324.0, 810324.0, 810324.0, 810324.0, 810324.0, 810324.0, 810324.0, 810324.0, 810324.0, 810324.0, 810324.0, 810324.0, 810324.0, 810324.0, 810324.0, 810324.0, 810324.0, 810324.0, 810324.0, 810324.0, 810324.0, 810324.0, 810324.0, 810324.0, 810324.0, 810324.0, 810324.0, 810324.0, 810324.0, 810324.0, 810324.0, 810324.0, 810324.0, 810324.0, 810324.0, 810324.0, 810324.0, 810324.0, 810324.0, 810324.0, 810324.0, 810324.0, 810324.0, 810324.0, 810324.0, 810324.0, 810324.0, 810324.0, 810324.0, 810324.0, 810324.0, 810324.0, 810324.0, 810324.0, 810324.0, 810324.0, 810324.0, 810324.0, 810324.0, 810324.0, 810324.0, 810324.0, 810324.0, 810324.0, 810324.0, 810324.0, 810324.0, 810324.0, 810324.0, 810324.0, 810324.0, 810324.0, 810324.0, 810324.0, 810324.0, 810324.0, 810324.0, 810324.0, 810324.0, 810324.0, 810324.0, 810324.0, 810324.0, 810324.0, 810324.0, 810324.0, 810324.0, 810324.0, 810324.0, 810324.0, 810324.0, 810324.0, 810324.0, 810324.0, 810324.0, 810324.0, 810324.0, 810324.0, 810324.0, 810324.0, 810324.0, 810324.0, 810324.0, 810324.0, 810324.0, 810324.0, 810324.0, 810324.0, 810324.0, 810324.0, 810324.0, 810324.0, 810324.0, 810324.0, 810324.0, 810324.0, 810324.0, 810324.0, 810324.0, 810324.0, 810324.0, 810324.0, 810324.0, 810324.0, 810324.0, 810324.0, 810324.0, 810324.0, 810324.0, 810324.0, 810324.0, 810324.0, 810324.0, 810324.0, 810324.0, 810324.0, 810324.0, 810324.0, 810324.0, 810324.0, 810324.0, 810324.0, 810324.0, 810324.0, 810324.0, 810324.0, 810324.0, 810324.0, 810324.0, 810324.0, 810324.0, 810324.0, 810324.0, 810324.0, 810324.0, 810324.0, 810324.0, 810324.0, 810324.0, 810324.0, 810324.0, 810324.0, 810324.0, 810324.0, 810324.0, 810324.0, 810324.0, 810324.0, 810324.0, 810324.0, 810324.0, 810324.0, 810324.0, 810324.0, 810324.0, 810324.0, 810324.0, 810324.0, 810324.0, 810324.0, 810324.0, 810324.0, 810324.0, 810324.0, 810324.0, 810324.0, 810324.0, 810324.0, 810324.0, 810324.0, 810324.0, 810324.0, 810324.0, 810324.0, 810324.0, 810324.0, 810324.0, 810324.0, 810324.0, 810324.0, 810324.0, 810324.0, 810324.0, 810324.0, 810324.0, 810324.0, 810324.0, 810324.0, 810324.0, 810324.0, 810324.0, 810324.0, 810324.0, 810324.0, 810324.0, 810324.0, 810324.0, 810324.0, 810324.0, 810324.0, 810324.0, 810324.0, 810324.0, 810324.0, 810324.0, 810324.0, 810324.0, 810324.0, 810324.0, 810324.0, 810324.0, 810324.0, 810324.0, 810324.0, 810324.0, 810324.0, 810324.0, 810324.0, 810324.0, 810324.0, 810324.0, 810324.0, 810324.0, 810324.0, 810324.0, 810324.0, 810324.0, 810324.0, 810324.0, 810324.0, 810324.0, 810324.0, 810324.0, 810324.0, 810324.0, 810324.0, 810324.0, 810324.0, 810324.0, 810324.0, 810324.0, 810324.0, 810324.0, 810324.0, 810324.0, 810324.0, 810324.0, 810324.0, 810324.0, 810324.0, 810324.0, 810324.0, 810324.0, 810324.0, 810324.0, 810324.0, 810324.0, 810324.0, 810324.0, 810324.0, 810324.0, 810324.0, 810324.0, 810324.0, 810324.0, 810324.0, 810324.0, 810324.0, 810324.0, 810324.0, 810324.0, 810324.0, 810324.0, 810324.0, 810324.0, 810324.0, 810324.0, 810324.0, 810324.0, 810324.0, 810324.0, 810324.0, 810324.0, 810324.0, 810324.0, 810324.0, 810324.0, 810324.0, 810324.0, 810324.0, 810324.0, 810324.0, 810324.0, 810324.0, 810324.0, 810324.0, 810324.0, 810324.0, 810324.0, 810324.0, 810324.0, 810324.0, 810324.0, 810324.0, 810324.0, 810324.0, 810324.0, 810324.0, 810324.0, 810324.0, 810324.0, 810324.0, 810324.0, 810324.0, 810324.0, 810324.0, 810324.0, 810324.0, 810324.0, 810324.0, 810324.0, 810324.0, 810324.0, 810324.0, 810324.0, 810324.0, 810324.0, 810324.0, 810324.0, 810324.0, 810324.0, 810324.0, 810324.0, 810324.0, 810324.0, 810324.0, 810324.0, 810324.0, 810324.0, 810324.0, 810324.0, 810324.0, 810324.0, 810324.0, 810324.0, 810324.0, 810324.0, 810324.0, 810324.0, 810324.0, 810324.0, 810324.0, 810324.0, 810324.0, 810324.0, 810324.0, 810324.0, 810324.0, 810324.0, 810324.0, 810324.0, 810324.0, 810324.0, 810324.0, 810324.0, 810324.0, 810324.0, 810324.0, 810324.0, 810324.0, 810324.0, 810324.0, 810324.0, 810324.0, 810324.0, 810324.0, 810324.0, 810324.0, 810324.0, 810324.0, 810324.0, 810324.0, 810324.0, 810324.0, 810324.0, 810324.0, 810324.0, 810324.0, 810324.0, 810324.0, 810324.0, 810324.0, 810324.0, 810324.0, 810324.0, 810324.0, 810324.0, 810324.0, 810324.0, 810324.0, 810324.0, 810324.0, 810324.0, 810324.0, 810324.0, 810324.0, 810324.0, 810324.0, 810324.0, 810324.0, 810324.0, 810324.0, 810324.0, 810324.0, 810324.0, 810324.0, 810324.0, 810324.0, 810324.0, 810324.0, 810324.0, 810324.0, 810324.0, 810324.0, 810324.0, 810324.0, 810324.0, 810324.0, 810324.0, 810324.0, 810324.0, 810324.0, 810324.0, 810324.0, 810324.0, 810324.0, 810324.0, 810324.0, 810324.0, 810324.0, 810324.0, 810324.0, 810324.0, 810324.0, 810324.0, 810324.0, 810324.0, 810324.0, 810324.0, 810324.0, 810324.0, 810324.0, 810324.0, 810324.0, 810324.0, 810324.0, 810324.0, 810324.0, 810324.0, 810324.0, 810324.0, 810324.0, 810324.0, 810324.0, 810324.0, 810324.0, 810324.0, 810324.0, 810324.0, 810324.0, 810324.0, 810324.0, 810324.0, 810324.0, 810324.0, 810324.0, 810324.0, 810324.0, 810324.0, 810324.0, 810324.0, 810324.0, 810324.0, 810324.0, 810324.0, 810324.0, 810324.0, 810324.0, 810324.0, 810324.0, 810324.0, 810324.0, 810324.0, 810324.0, 810324.0, 810324.0, 810324.0, 810324.0, 810324.0, 810324.0, 810324.0, 810324.0, 810324.0, 810324.0, 810324.0, 810324.0, 810324.0, 810324.0, 810324.0, 810324.0, 810324.0, 810324.0, 810324.0, 810324.0, 810324.0, 810324.0, 810324.0, 810324.0, 810324.0, 810324.0, 810324.0, 810324.0, 810324.0, 810324.0, 810324.0, 810324.0, 810324.0, 810324.0, 810324.0, 810324.0, 810324.0, 810324.0, 810324.0, 810324.0, 810324.0, 810324.0, 810324.0, 810324.0, 810324.0, 810324.0, 810324.0, 810324.0, 810324.0, 810324.0, 810324.0, 810324.0, 810324.0, 810324.0, 810324.0, 810324.0, 810324.0, 810324.0, 810324.0, 810324.0, 810324.0, 810324.0, 810324.0, 810324.0, 810324.0, 810324.0, 810324.0, 810324.0, 810324.0, 810324.0, 810324.0, 810324.0, 810324.0, 810324.0, 810324.0, 810324.0, 810324.0, 810324.0, 810324.0, 810324.0, 810324.0, 810324.0, 810324.0, 810324.0, 810324.0, 810324.0, 810324.0, 810324.0, 810324.0, 810324.0, 810324.0, 810324.0, 810324.0, 810324.0, 810324.0, 810324.0, 810324.0, 810324.0, 810324.0, 810324.0, 810324.0, 810324.0, 810324.0, 810324.0, 810324.0, 800334.858662087, 800334.858662087, 800334.858662087, 800334.858662087, 800334.858662087, 800334.858662087, 800334.858662087, 800334.858662087, 800334.858662087, 800334.858662087, 800334.858662087, 800334.858662087, 800334.858662087, 800334.858662087, 800334.858662087, 800334.858662087, 800334.858662087, 800334.858662087, 800334.858662087, 800334.858662087, 800334.858662087, 800334.858662087, 800334.858662087, 800334.858662087, 800334.858662087, 800334.858662087, 800334.858662087, 800334.858662087, 800334.858662087, 800334.858662087, 800334.858662087, 800334.858662087, 800334.858662087, 800334.858662087, 800334.858662087, 800334.858662087, 800334.858662087, 800772.3761714649, 805762.5191442836, 806242.2451125016, 807301.7894887642, 807301.7894887642, 807301.7894887642, 807301.7894887642, 807301.7894887642, 807776.3822473919, 810324.0, 810324.0, 810324.0, 810324.0, 810324.0, 810324.0, 810324.0, 810324.0, 810324.0, 810324.0, 810324.0, 810324.0, 810324.0, 810324.0, 810324.0, 810324.0, 810324.0, 810324.0, 810324.0, 810324.0, 810324.0, 810324.0, 810324.0, 810324.0, 810324.0, 810324.0, 810324.0, 810324.0, 810324.0, 810324.0, 810324.0, 810324.0, 810324.0, 810324.0, 810324.0, 810324.0, 810324.0, 810324.0, 810324.0, 810324.0, 810324.0, 810324.0, 810324.0, 810324.0, 810324.0, 810324.0, 810324.0, 810324.0, 810324.0, 810324.0, 810324.0, 810324.0, 810324.0, 810324.0, 810324.0, 810324.0, 810324.0, 810324.0, 810324.0, 810324.0, 810324.0, 810324.0, 810324.0, 810324.0, 810324.0, 810324.0, 810324.0, 810324.0, 810324.0, 810324.0, 810324.0, 810324.0, 810324.0, 810324.0, 810324.0, 810324.0, 810324.0, 810324.0, 810324.0, 810324.0, 810324.0, 810324.0, 810324.0, 810324.0, 810324.0, 810324.0, 810324.0, 810324.0, 810324.0, 810324.0, 810324.0, 810324.0, 810324.0, 810324.0, 810324.0, 810324.0, 810324.0, 810324.0, 810324.0, 810324.0, 810324.0, 810324.0, 810324.0, 810324.0, 810324.0, 810324.0, 810324.0, 810324.0, 810324.0, 810324.0, 810324.0, 810324.0, 810324.0, 810324.0, 810324.0, 810324.0, 810324.0, 810324.0, 810324.0, 810324.0, 810324.0, 810324.0, 810324.0, 810324.0, 810324.0, 810324.0, 810324.0, 810324.0, 810324.0, 810324.0, 810324.0, 810324.0, 810324.0, 810324.0, 810324.0, 810324.0, 810324.0, 810324.0, 810324.0, 810324.0, 810324.0, 810324.0, 810324.0, 810324.0, 810324.0, 810324.0, 810324.0, 810324.0, 810324.0, 810324.0, 810324.0, 810324.0, 810324.0, 810324.0, 810324.0, 810324.0, 810324.0, 810324.0, 810324.0, 810324.0, 810324.0, 810324.0, 810324.0, 810324.0, 810324.0, 810324.0, 810324.0, 810324.0, 810324.0, 810324.0, 810324.0, 810324.0, 810324.0, 810324.0, 810324.0, 810324.0, 810324.0, 810324.0, 810324.0, 810324.0, 810324.0, 810324.0, 810324.0, 810324.0, 810324.0, 810324.0, 810324.0, 810324.0, 810324.0, 810324.0, 810324.0, 810324.0, 810324.0, 810324.0, 810324.0, 810324.0, 810324.0, 810324.0, 810324.0, 810324.0, 810324.0, 810324.0, 810324.0, 810324.0, 810324.0, 810324.0, 810324.0, 810324.0, 810324.0, 810324.0, 810324.0, 810324.0, 810324.0, 810324.0, 810324.0, 810324.0, 810324.0, 810324.0, 810324.0, 810324.0, 810324.0, 810324.0, 810324.0, 810324.0, 810324.0, 810324.0, 810324.0, 810324.0, 810324.0, 810324.0, 810324.0, 810324.0, 810324.0, 810324.0, 810324.0, 810324.0, 810324.0, 810324.0, 810324.0, 810324.0, 810324.0, 810324.0, 810324.0, 810324.0, 810324.0, 810324.0, 810324.0, 810324.0, 810324.0, 810324.0, 810324.0, 810324.0, 810324.0, 810324.0, 810324.0, 810324.0, 810324.0, 810324.0, 810324.0, 810324.0, 810324.0, 810324.0, 810324.0, 810324.0, 810324.0, 810324.0, 810324.0, 810324.0, 810324.0, 810324.0, 810324.0, 810324.0, 810324.0, 810324.0, 810324.0, 810324.0, 810324.0, 810324.0, 810324.0, 810324.0, 810324.0, 810324.0, 810324.0, 810324.0, 810324.0, 810324.0, 810324.0, 810324.0, 810324.0, 810324.0, 810324.0, 810324.0, 810324.0, 810324.0, 810324.0, 810324.0, 810324.0, 810324.0, 810324.0, 810324.0, 810324.0, 810324.0, 810324.0, 810324.0, 810324.0, 810324.0, 810324.0, 810324.0, 810324.0, 810324.0, 810324.0, 810324.0, 810324.0, 810324.0, 810324.0, 810324.0, 810324.0, 810324.0, 810324.0, 810324.0, 810324.0, 810324.0, 810324.0, 810324.0, 810324.0, 810324.0, 810324.0, 810324.0, 810324.0, 810324.0, 810324.0, 810324.0, 810324.0, 810324.0, 810324.0, 810324.0, 810324.0, 810324.0, 810324.0, 810324.0, 810324.0, 810324.0, 810324.0, 810324.0, 810324.0, 810324.0, 810324.0, 810324.0, 810324.0, 810324.0, 810324.0, 810324.0, 810324.0, 810324.0, 810324.0, 810324.0, 810324.0, 810324.0, 810324.0, 810324.0, 810324.0, 810324.0, 810324.0, 810324.0, 810324.0, 810324.0, 810324.0, 810324.0, 810324.0, 810324.0, 810324.0, 810324.0, 810324.0, 810324.0, 810324.0, 810324.0, 810324.0, 810324.0, 810324.0, 810324.0, 810324.0, 810324.0, 810324.0, 810324.0, 810324.0, 810324.0, 810324.0, 810324.0, 810324.0, 810324.0, 810324.0, 810324.0, 810324.0, 810324.0, 810324.0, 810324.0, 810324.0, 810324.0, 810324.0, 810324.0, 810324.0, 810324.0, 810324.0, 810324.0, 810324.0, 810324.0, 810324.0, 810324.0, 810324.0, 810324.0, 810324.0, 810324.0, 810324.0, 810324.0, 810324.0, 810324.0, 810324.0, 810324.0, 810324.0, 810324.0, 810324.0, 810324.0, 810324.0, 810324.0, 810324.0, 810324.0, 810324.0, 810324.0, 810324.0, 810324.0, 810324.0, 810324.0, 810324.0, 810324.0, 810324.0, 810324.0, 810324.0, 810324.0, 810324.0, 810324.0, 810324.0, 810324.0, 810324.0, 810324.0, 810324.0, 810324.0, 810324.0, 810324.0, 810324.0, 810324.0, 810324.0, 810324.0, 810324.0, 810324.0, 810324.0, 810324.0, 810324.0, 810324.0, 810324.0, 810324.0, 810324.0, 810324.0, 810324.0, 810324.0, 810324.0, 810324.0, 810324.0, 810324.0, 810324.0, 810324.0, 810324.0, 810324.0, 810324.0, 810324.0, 810324.0, 810324.0, 810324.0, 810324.0, 810324.0, 810324.0, 810324.0, 810324.0, 810324.0, 810324.0, 810324.0, 810324.0, 810324.0, 810324.0, 810324.0, 810324.0, 810324.0, 810324.0, 810324.0, 810324.0, 810324.0, 810324.0, 810324.0, 810324.0, 810324.0, 810324.0, 810324.0, 810324.0, 810324.0, 810324.0, 810324.0, 810324.0, 810324.0, 810324.0, 810324.0, 810324.0, 810324.0, 810324.0, 810324.0, 810324.0, 810324.0, 810324.0, 810324.0, 810324.0, 810324.0, 810324.0, 810324.0, 810324.0, 810324.0, 810324.0, 810324.0, 810324.0, 810324.0, 810324.0, 810324.0, 810324.0, 810324.0, 810324.0, 810324.0, 810324.0, 810324.0, 810324.0, 810324.0, 810324.0, 810324.0, 810324.0, 810324.0, 810324.0, 810324.0, 810324.0, 810324.0, 810324.0, 810324.0, 810324.0, 810324.0, 810324.0, 810324.0, 810324.0, 810324.0, 810324.0, 810324.0, 810324.0, 810324.0, 810324.0, 810324.0, 810324.0, 810324.0, 810324.0, 810324.0, 810324.0, 810324.0, 810324.0, 810324.0, 810324.0, 810324.0, 810324.0, 810324.0, 810324.0, 810324.0, 810324.0, 810324.0, 810324.0, 810324.0, 810324.0, 810324.0, 810324.0, 810324.0, 810324.0, 810324.0, 810324.0, 810324.0, 810324.0, 810324.0, 810324.0, 810324.0, 810324.0, 810324.0, 810324.0, 810324.0, 810324.0, 810324.0, 810324.0, 810324.0, 810324.0, 810324.0, 810324.0, 810324.0, 810324.0, 810324.0, 810324.0, 810324.0, 810324.0, 810324.0, 810324.0, 810324.0, 810324.0, 810324.0, 810324.0, 810324.0, 810324.0, 810324.0, 810324.0, 810324.0, 810324.0, 810324.0, 810324.0, 810324.0, 810324.0, 810324.0, 810324.0, 810324.0, 810324.0, 810324.0, 810324.0, 810324.0, 810324.0, 810324.0, 810324.0, 810324.0, 810324.0, 810324.0, 810324.0, 810324.0, 810324.0, 810324.0, 810324.0, 810324.0, 810324.0, 810324.0, 810324.0, 810324.0, 810324.0, 810324.0, 810324.0, 810324.0, 810324.0, 810324.0, 810324.0, 810324.0, 810324.0, 810324.0, 810324.0, 810324.0, 810324.0, 810324.0, 810324.0, 810324.0, 810324.0, 810324.0, 810324.0, 810324.0, 810324.0, 810324.0, 810324.0, 810324.0, 810324.0, 810324.0, 810324.0, 810324.0, 810324.0, 810324.0, 810324.0, 810324.0, 810324.0, 810324.0, 810324.0, 810324.0, 810324.0, 810324.0, 810324.0, 810324.0, 810324.0, 810324.0, 810324.0, 810324.0, 810324.0, 810324.0, 810324.0, 810324.0, 810324.0, 810324.0, 810324.0, 810324.0, 810324.0, 810324.0, 810324.0, 810324.0, 810324.0, 810324.0, 810324.0, 810324.0, 810324.0, 810324.0, 810324.0, 810324.0, 810324.0, 810324.0, 810324.0, 810324.0, 810324.0, 810324.0, 810324.0, 810324.0, 810324.0, 810324.0, 810324.0, 810324.0, 810324.0, 810324.0, 810324.0, 810324.0, 810324.0, 810324.0, 810324.0, 810324.0, 810324.0, 810324.0, 810324.0, 810324.0, 810324.0, 810324.0, 810324.0, 810324.0, 810324.0, 810324.0, 810324.0, 810324.0, 810324.0, 810324.0, 810324.0, 810324.0, 810324.0, 810324.0, 810324.0, 810324.0, 810324.0, 810324.0, 810324.0, 810324.0, 810324.0, 810324.0, 810324.0, 810324.0, 810324.0, 810324.0, 810324.0, 810324.0, 810324.0, 810324.0, 810324.0, 810324.0, 810324.0, 810324.0, 810324.0, 810324.0, 810324.0, 810324.0, 810324.0, 810324.0, 810324.0, 810324.0, 810324.0, 810324.0, 810324.0, 810324.0, 810324.0, 810324.0, 810324.0, 810324.0, 810324.0, 810324.0, 810324.0, 810324.0, 810324.0, 810324.0, 810324.0, 810324.0, 810324.0, 810324.0, 810324.0, 810324.0, 810324.0, 810324.0, 810324.0, 810324.0, 810324.0, 810324.0, 810324.0, 810324.0, 810324.0, 810324.0, 810324.0, 810324.0, 810324.0, 810324.0, 810324.0, 810324.0, 810324.0, 810324.0, 810324.0, 810324.0, 810324.0, 810324.0, 809037.9674602943, 809037.9674602943, 809037.9674602943, 809037.9674602943, 809037.9674602943, 809037.9674602943, 809037.9674602943, 809037.9674602943, 809037.9674602943, 809037.9674602943, 809037.9674602943, 809037.9674602943, 809037.9674602943, 809037.9674602943, 809037.9674602943, 809037.9674602943, 809037.9674602943, 809037.9674602943, 809037.9674602943, 809037.9674602943, 809037.9674602943, 809037.9674602943, 809037.9674602943, 809037.9674602943, 809037.9674602943, 809037.9674602943, 809037.9674602943, 809037.9674602943, 809037.9674602943, 809037.9674602943, 809037.9674602943, 809037.9674602943, 809037.9674602943, 809037.9674602943, 809037.9674602943, 809037.9674602943, 809037.9674602943, 809037.9674602943, 809037.9674602943, 809037.9674602943, 809037.9674602943, 809037.9674602943, 809037.9674602943, 809037.9674602943, 809037.9674602943, 809393.3862883508, 802580.3945235019, 802580.3945235019, 802580.3945235019, 802580.3945235019, 802580.3945235019, 802580.3945235019, 802580.3945235019, 802580.3945235019, 802580.3945235019, 802580.3945235019, 802580.3945235019, 802580.3945235019, 802580.3945235019, 802580.3945235019, 802580.3945235019, 802580.3945235019, 802580.3945235019, 802580.3945235019, 802580.3945235019, 802580.3945235019, 802580.3945235019, 802580.3945235019, 802580.3945235019, 802580.3945235019, 802580.3945235019, 802580.3945235019, 802580.3945235019, 802580.3945235019, 802580.3945235019, 806859.3960612988, 806859.3960612988, 806859.3960612988, 806859.3960612988, 806859.3960612988, 806859.3960612988, 806859.3960612988, 806859.3960612988, 810197.1248717877, 810197.1248717877, 810197.1248717877, 809997.4513847709, 810324.0, 810324.0, 810324.0, 810324.0, 810324.0, 810324.0, 810324.0, 810324.0, 810324.0, 810324.0, 810324.0, 810324.0, 810324.0, 810324.0, 810324.0, 810324.0, 810324.0, 810324.0, 810324.0, 810324.0, 810324.0, 810324.0, 810324.0, 810324.0, 810324.0, 810324.0, 810324.0, 810324.0, 810324.0, 810324.0, 810324.0, 810324.0, 810324.0, 810324.0, 810324.0, 810324.0, 810324.0, 810324.0, 810324.0, 810324.0, 810324.0, 810324.0, 810324.0, 810324.0, 810324.0, 810324.0, 810324.0, 810324.0, 810324.0, 810324.0, 810324.0, 810324.0, 810324.0, 810324.0, 810324.0, 810324.0, 810324.0, 810324.0, 810324.0, 810324.0, 810324.0, 810324.0, 810324.0, 810324.0, 810324.0, 810324.0, 810324.0, 810324.0, 810324.0, 810324.0, 810324.0, 810324.0, 810324.0, 810324.0, 810324.0, 810324.0, 810324.0, 810324.0, 810324.0, 810324.0, 810324.0, 810324.0, 810324.0, 810324.0, 810324.0, 810324.0, 810324.0, 810324.0, 810324.0, 810324.0, 810324.0, 810324.0, 810324.0, 810324.0, 810324.0, 810324.0, 810324.0, 810324.0, 810324.0, 810324.0, 810324.0, 810324.0, 810324.0, 810324.0, 810324.0, 810324.0, 810324.0, 810324.0, 810324.0, 810324.0, 810324.0, 810324.0, 810324.0, 810324.0, 810324.0, 810324.0, 810324.0, 810324.0, 810324.0, 810324.0, 810324.0, 810324.0, 810324.0, 810324.0, 810324.0, 810324.0, 810324.0, 810324.0, 810324.0, 810324.0, 810324.0, 810324.0, 810324.0, 810324.0, 810324.0, 810324.0, 810324.0, 810324.0, 810324.0, 810324.0, 794122.0606515836, 794122.0606515836, 794122.0606515836, 794122.0606515836, 794122.0606515836, 794122.0606515836, 794122.0606515836, 794122.0606515836, 794122.0606515836, 794122.0606515836, 794122.0606515836, 794122.0606515836, 794122.0606515836, 794122.0606515836, 794122.0606515836, 794122.0606515836, 794122.0606515836, 794122.0606515836, 794122.0606515836, 794122.0606515836, 794122.0606515836, 794122.0606515836, 794122.0606515836, 794122.0606515836, 794122.0606515836, 794122.0606515836, 794122.0606515836, 794122.0606515836, 794122.0606515836, 794122.0606515836, 794122.0606515836, 794122.0606515836, 794122.0606515836, 794122.0606515836, 794122.0606515836, 794122.0606515836, 794122.0606515836, 794122.0606515836, 794122.0606515836, 807324.8161542169, 809373.6967513709, 809373.6967513709, 809373.6967513709, 810108.7699129201, 810108.7699129201, 810108.7699129201, 809373.6967513709, 809373.6967513709, 809373.6967513709, 809373.6967513709, 809373.6967513709, 809373.6967513709, 809373.6967513709, 809373.6967513709, 809373.6967513709, 809373.6967513709, 809373.6967513709, 809373.6967513709, 809373.6967513709, 809373.6967513709, 809373.6967513709, 809373.6967513709, 809373.6967513709, 809373.6967513709, 809373.6967513709, 809373.6967513709, 809373.6967513709, 809373.6967513709, 809373.6967513709, 809373.6967513709, 809373.6967513709, 809373.6967513709, 809373.6967513709, 809373.6967513709, 809373.6967513709, 809373.6967513709, 809373.6967513709, 809373.6967513709, 809373.6967513709, 809373.6967513709, 809373.6967513709, 809373.6967513709, 809373.6967513709, 809373.6967513709, 809373.6967513709, 809373.6967513709, 809373.6967513709, 809373.6967513709, 809373.6967513709, 809373.6967513709, 809466.4421965147, 810324.0, 810324.0, 810324.0, 810324.0, 810324.0, 810324.0, 810324.0, 810324.0, 810324.0, 810324.0, 810324.0, 810324.0, 810324.0, 810324.0, 810324.0, 810324.0, 810324.0, 810324.0, 810324.0, 810324.0, 810324.0, 810324.0, 810324.0, 810324.0, 810324.0, 810324.0, 810324.0, 810324.0, 810324.0, 810324.0, 810324.0, 810324.0, 810324.0, 810324.0, 810324.0, 810324.0, 810324.0, 810324.0, 810324.0, 810324.0, 810324.0, 810324.0, 810324.0, 810324.0, 810324.0, 810324.0, 810324.0, 810324.0, 810324.0, 810324.0, 810324.0, 810324.0, 810324.0, 810324.0, 810324.0, 810324.0, 810324.0, 810324.0, 810324.0, 810324.0, 810324.0, 810324.0, 810324.0, 810324.0, 810324.0, 810324.0, 810324.0, 810324.0, 810324.0, 810324.0, 810324.0, 810324.0, 810324.0, 810324.0, 810324.0, 810324.0, 810324.0, 810324.0, 810324.0, 810324.0, 810324.0, 810324.0, 810324.0, 810324.0, 810324.0, 810324.0, 810324.0, 810324.0, 810324.0, 810324.0, 810324.0, 810324.0, 810324.0, 810324.0, 810324.0, 810324.0, 810324.0, 810324.0, 810324.0, 810324.0, 810324.0, 810324.0, 810324.0, 810324.0, 810324.0, 810324.0, 810324.0, 810324.0, 810324.0, 810324.0, 810324.0, 810324.0, 810324.0, 810324.0, 810324.0, 810324.0, 810324.0, 810324.0, 810324.0, 810324.0, 810324.0, 810324.0, 810324.0, 810324.0, 810324.0, 810324.0, 810324.0, 810324.0, 810324.0, 810324.0, 810324.0, 810324.0, 810324.0, 810324.0, 810324.0, 810324.0, 810324.0, 810324.0, 810324.0, 810324.0, 810324.0, 810324.0, 810324.0, 810324.0, 810324.0, 810324.0, 810324.0, 810324.0, 810324.0, 810324.0, 810324.0, 810324.0, 810324.0, 810324.0, 810324.0, 810324.0, 810324.0, 810324.0, 810324.0, 810324.0, 810324.0, 810324.0, 810324.0, 810324.0, 810324.0, 810324.0, 810324.0, 810324.0, 810324.0, 810324.0, 810324.0, 810324.0, 810324.0, 810324.0, 810324.0, 810324.0, 810324.0, 810324.0, 810324.0, 810324.0, 810324.0, 810324.0, 810324.0, 810324.0, 810324.0, 810324.0, 810324.0, 810324.0, 810324.0, 810324.0, 810324.0, 810324.0, 810324.0, 810324.0, 810324.0, 810324.0, 810324.0, 810324.0, 810324.0, 810324.0, 810324.0, 810324.0, 810324.0, 810324.0, 810324.0, 810324.0, 810324.0, 810324.0, 810324.0, 810324.0, 810324.0, 810324.0, 810324.0, 810324.0, 810324.0, 810324.0, 810324.0, 810324.0, 810324.0, 810324.0, 810324.0, 810324.0, 810324.0, 810324.0, 810324.0, 810324.0, 810324.0, 810324.0, 810324.0, 810324.0, 810324.0, 810324.0, 810324.0, 810324.0, 810324.0, 810324.0, 810324.0, 810324.0, 810324.0, 810324.0, 810324.0, 810324.0, 810324.0, 810324.0, 810324.0, 810324.0, 810324.0, 810324.0, 810324.0, 810324.0, 810324.0, 810324.0, 810324.0, 810324.0, 810324.0, 810324.0, 810324.0, 810324.0, 810324.0, 810324.0, 810324.0, 810324.0, 810324.0, 810324.0, 810324.0, 810324.0, 810324.0, 810324.0, 810324.0, 810324.0, 810324.0, 810324.0, 810324.0, 810324.0, 810324.0, 810324.0, 810324.0, 810324.0, 810324.0, 810324.0, 810324.0, 810324.0, 810324.0, 810324.0, 810324.0, 810324.0, 810324.0, 810324.0, 810324.0, 810324.0, 810324.0, 810324.0, 810324.0, 810324.0, 810324.0, 810324.0, 810324.0, 810324.0, 810324.0, 810324.0, 810324.0, 810324.0, 810324.0, 810324.0, 810324.0, 810324.0, 810324.0, 810324.0, 810324.0, 810324.0, 810324.0, 810324.0, 810324.0, 810324.0, 810324.0, 810324.0, 810324.0, 810324.0, 810324.0, 810324.0, 810324.0, 810324.0, 810324.0, 810324.0, 810324.0, 810324.0, 810324.0, 810324.0, 810324.0, 810324.0, 810324.0, 810324.0, 810324.0, 810324.0, 810324.0, 810324.0, 810324.0, 810324.0, 810324.0, 810324.0, 810324.0, 810324.0, 810324.0, 810324.0, 810324.0, 810324.0, 810324.0, 810324.0, 810324.0, 810324.0, 810324.0, 810324.0, 810324.0, 810324.0, 810324.0, 810324.0, 810324.0, 810324.0, 810324.0, 810324.0, 810324.0, 810324.0, 810324.0, 810324.0, 810324.0, 810324.0, 810324.0, 810324.0, 810324.0, 810324.0, 810324.0, 810324.0, 810324.0, 810324.0, 810324.0, 810324.0, 810324.0, 810324.0, 810324.0, 810324.0, 810324.0, 810324.0, 810324.0, 810324.0, 810324.0, 810324.0, 810324.0, 810324.0, 810324.0, 810324.0, 810324.0, 810324.0, 810324.0, 810324.0, 810324.0, 810324.0, 810324.0, 810324.0, 810324.0, 810324.0, 810324.0, 810324.0, 810324.0, 810324.0, 810324.0, 810324.0, 810324.0, 810324.0, 810324.0, 810324.0, 810324.0, 810324.0, 810324.0, 810324.0, 810324.0, 810324.0, 810324.0, 810324.0, 810324.0, 810324.0, 810324.0, 810324.0, 810324.0, 810324.0, 810324.0, 810324.0, 810324.0, 810324.0, 810324.0, 810324.0, 810324.0, 810324.0, 810324.0, 810324.0, 810324.0, 810324.0, 810324.0, 810324.0, 810324.0, 810324.0, 810324.0, 810324.0, 810324.0, 810324.0, 810324.0, 810324.0, 810324.0, 810324.0, 810324.0, 810324.0, 810324.0, 810324.0, 810324.0, 810324.0, 810324.0, 810324.0, 810324.0, 810324.0, 810324.0, 810324.0, 810324.0, 810324.0, 810324.0, 810324.0, 810324.0, 810324.0, 810324.0, 810324.0, 810324.0, 810324.0, 810324.0, 810324.0, 810324.0, 810324.0, 810324.0, 810324.0, 810324.0, 810324.0, 810324.0, 810324.0, 810324.0, 810324.0, 810324.0, 810324.0, 810324.0, 810324.0, 810324.0, 810324.0, 810324.0, 810324.0, 810324.0, 810324.0, 810324.0, 810324.0, 810324.0, 810324.0, 810324.0, 810324.0, 810324.0, 810324.0, 810324.0, 810324.0, 810324.0, 810324.0, 810324.0, 810324.0, 810324.0, 810324.0, 810324.0, 810324.0, 810324.0, 810324.0, 810324.0, 810324.0, 810324.0, 810324.0, 810324.0, 810324.0, 810324.0, 810324.0, 810324.0, 810324.0, 810324.0, 810324.0, 810324.0, 810324.0, 810324.0, 810324.0, 810324.0, 810324.0, 810324.0, 810324.0, 810324.0, 810324.0, 810324.0, 810324.0, 810324.0, 810324.0, 810324.0, 810324.0, 810324.0, 810324.0, 810324.0, 810324.0, 810324.0, 810324.0, 810324.0, 810324.0, 810324.0, 810324.0, 810324.0, 810324.0, 810324.0, 810324.0, 810324.0, 810324.0, 810324.0, 810324.0, 810324.0, 810324.0, 810324.0, 810324.0, 810324.0, 810324.0, 810324.0, 810324.0, 810324.0, 810324.0, 810324.0, 810324.0, 810324.0, 810324.0, 810324.0, 810324.0, 810324.0, 810324.0, 810324.0, 810324.0, 810324.0, 810324.0, 810324.0, 810324.0, 810324.0, 810324.0, 810324.0, 810324.0, 810324.0, 810324.0, 810324.0, 810324.0, 797583.4201002872, 797583.4201002872, 797583.4201002872, 797583.4201002872, 797583.4201002872, 797583.4201002872, 797583.4201002872, 797583.4201002872, 797583.4201002872, 797583.4201002872, 797583.4201002872, 797583.4201002872, 797583.4201002872, 797583.4201002872, 797583.4201002872, 797583.4201002872, 797583.4201002872, 797583.4201002872, 797583.4201002872, 797583.4201002872, 797583.4201002872, 797583.4201002872, 797583.4201002872, 797583.4201002872, 797583.4201002872, 797583.4201002872, 797583.4201002872, 797583.4201002872, 797583.4201002872, 797583.4201002872, 797583.4201002872, 797583.4201002872, 797583.4201002872, 797583.4201002872, 797583.4201002872, 797583.4201002872, 797583.4201002872, 797583.4201002872, 797583.4201002872, 799143.1665931777, 799143.1665931777, 806181.2856838608, 806045.4034563072, 806336.4200293041, 809437.161147448, 809437.161147448, 806627.2575901871, 806627.2575901871, 806627.2575901871, 806627.2575901871, 806627.2575901871, 806627.2575901871, 806627.2575901871, 806627.2575901871, 806627.2575901871, 806627.2575901871, 806627.2575901871, 806627.2575901871, 806627.2575901871, 806627.2575901871, 806627.2575901871, 806627.2575901871, 806627.2575901871, 806627.2575901871, 806627.2575901871, 806627.2575901871, 806627.2575901871, 806627.2575901871, 806627.2575901871, 806627.2575901871, 806627.2575901871, 806627.2575901871, 806627.2575901871, 806627.2575901871, 806627.2575901871, 806627.2575901871, 806627.2575901871, 806627.2575901871, 806627.2575901871, 806627.2575901871, 806627.2575901871, 806627.2575901871, 810324.0, 810324.0, 810324.0, 810324.0, 810324.0, 810324.0, 810324.0, 810324.0, 810324.0, 810324.0, 810324.0, 810324.0, 810324.0, 810324.0, 810324.0, 810324.0, 810324.0, 810324.0, 810324.0, 810324.0, 810324.0, 810324.0, 810324.0, 810324.0, 810324.0, 810324.0, 810324.0, 810324.0, 810324.0, 810324.0, 810324.0, 810324.0, 810324.0, 810324.0, 810324.0, 810324.0, 810324.0, 810324.0, 810324.0, 810324.0, 810324.0, 810324.0, 810324.0, 810324.0, 810324.0, 810324.0, 810324.0, 810324.0, 810324.0, 810324.0, 810324.0, 810324.0, 810324.0, 810324.0, 810324.0, 810324.0, 810324.0, 810324.0, 810324.0, 810324.0, 810324.0, 810324.0, 810324.0, 810324.0, 810324.0, 810324.0, 810324.0, 810324.0, 810324.0, 810324.0, 810324.0, 810324.0, 810324.0, 810324.0, 810324.0, 810324.0, 810324.0, 810324.0, 810324.0, 810324.0, 810324.0, 810324.0, 810324.0, 810324.0, 810324.0, 810324.0, 810324.0, 810324.0, 810324.0, 810324.0, 810324.0, 810324.0, 810324.0, 810324.0, 810324.0, 810324.0, 810324.0, 810324.0, 810324.0, 810324.0, 808881.4141445055, 808881.4141445055, 808881.4141445055, 808881.4141445055, 808881.4141445055, 808881.4141445055, 808881.4141445055, 808881.4141445055, 808881.4141445055, 808881.4141445055, 808881.4141445055, 808881.4141445055, 808881.4141445055, 808881.4141445055, 808881.4141445055, 808881.4141445055, 808881.4141445055, 808881.4141445055, 808881.4141445055, 808881.4141445055, 808881.4141445055, 808881.4141445055, 808881.4141445055, 808881.4141445055, 808881.4141445055, 808881.4141445055, 808881.4141445055, 808881.4141445055, 808881.4141445055, 808881.4141445055, 808881.4141445055, 808881.4141445055, 808881.4141445055, 808881.4141445055, 808881.4141445055, 808881.4141445055, 808881.4141445055, 808881.4141445055, 808881.4141445055, 808881.4141445055, 808881.4141445055, 808881.4141445055, 808881.4141445055, 808881.4141445055, 808881.4141445055, 804969.2570059429, 804969.2570059429, 804969.2570059429, 804969.2570059429, 804969.2570059429, 804969.2570059429, 804969.2570059429, 804969.2570059429, 804969.2570059429, 804969.2570059429, 804969.2570059429, 804969.2570059429, 804969.2570059429, 804969.2570059429, 804969.2570059429, 804969.2570059429, 804969.2570059429, 804969.2570059429, 804969.2570059429, 804969.2570059429, 804969.2570059429, 804969.2570059429, 804969.2570059429, 804969.2570059429, 804969.2570059429, 804969.2570059429, 804969.2570059429, 804969.2570059429, 804969.2570059429, 804969.2570059429, 804969.2570059429, 804969.2570059429, 804969.2570059429, 804969.2570059429, 804969.2570059429, 804969.2570059429, 804969.2570059429, 804969.2570059429, 804969.2570059429, 807325.5110329569, 807325.5110329569, 809570.6518013007, 809570.6518013007, 809570.6518013007, 809570.6518013007, 810324.0, 810324.0, 810324.0, 810324.0, 810324.0, 810324.0, 810324.0, 810324.0, 810324.0, 810324.0, 810324.0, 810324.0, 810324.0, 810324.0, 810324.0, 810324.0, 810324.0, 810324.0, 810324.0, 810324.0, 810324.0, 810324.0, 810324.0, 810324.0, 810324.0, 810324.0, 810324.0, 810324.0, 810324.0, 810324.0, 810324.0, 810324.0, 810324.0, 810324.0, 810324.0, 810324.0, 810324.0, 810324.0, 810324.0, 810324.0, 810324.0, 810324.0, 810324.0, 810324.0, 810324.0, 810324.0, 810324.0, 810324.0, 810324.0, 810324.0, 810324.0, 810324.0, 810324.0, 810324.0, 810324.0, 810324.0, 810324.0, 810324.0, 810324.0, 810324.0, 810324.0, 810324.0, 810324.0, 810324.0, 810324.0, 810324.0, 810324.0, 810324.0, 810324.0, 810324.0, 810324.0, 810324.0, 810324.0, 810324.0, 810324.0, 810324.0, 810324.0, 810324.0, 810324.0, 810324.0, 810324.0, 810324.0, 810324.0, 810324.0, 810324.0, 810324.0, 810324.0, 810324.0, 810324.0, 810324.0, 810324.0, 810324.0, 810324.0, 810324.0, 810324.0, 810324.0, 810324.0, 810324.0, 810324.0, 810324.0, 810324.0, 810324.0, 810324.0, 810324.0, 810324.0, 810324.0, 810324.0, 810324.0, 810324.0, 810324.0, 810324.0, 810324.0, 810324.0, 810324.0, 810324.0, 810324.0, 810324.0, 810324.0, 810324.0, 810324.0, 810324.0, 810324.0, 810324.0, 810324.0, 810324.0, 810324.0, 810324.0, 810324.0, 810324.0, 810324.0, 810324.0, 810324.0, 810324.0, 810324.0, 810324.0, 810324.0, 810324.0, 810324.0, 810324.0, 810324.0, 810324.0, 810324.0, 810324.0, 810324.0, 810324.0, 810324.0, 810324.0, 810324.0, 810324.0, 810324.0, 810324.0, 810324.0, 810324.0, 810324.0, 810324.0, 810324.0, 810324.0, 810324.0, 810324.0, 810324.0, 810324.0, 810324.0, 810324.0, 810324.0, 810324.0, 810324.0, 810324.0, 810324.0, 810324.0, 810324.0, 810324.0, 810324.0, 810324.0, 810324.0, 810324.0, 810324.0, 810324.0, 810324.0, 810324.0, 810324.0, 810324.0, 810324.0, 807662.4918293667, 807662.4918293667, 807662.4918293667, 807662.4918293667, 807662.4918293667, 807662.4918293667, 807662.4918293667, 807662.4918293667, 807662.4918293667, 807662.4918293667, 807662.4918293667, 807662.4918293667, 807662.4918293667, 807662.4918293667, 807662.4918293667, 807662.4918293667, 807662.4918293667, 807662.4918293667, 807662.4918293667, 807662.4918293667, 807662.4918293667, 807662.4918293667, 807662.4918293667, 807662.4918293667, 807662.4918293667, 807662.4918293667, 807662.4918293667, 807662.4918293667, 807662.4918293667, 807662.4918293667, 807662.4918293667, 807662.4918293667, 807662.4918293667, 807662.4918293667, 807662.4918293667, 807662.4918293667, 807662.4918293667, 807662.4918293667, 807662.4918293667, 807662.4918293667, 807662.4918293667, 808276.7511319465, 808276.7511319465, 808276.7511319465, 810324.0, 810324.0, 810324.0, 810324.0, 810324.0, 810324.0, 810324.0, 810324.0, 810324.0, 810324.0, 810324.0, 810324.0, 810324.0, 810324.0, 810324.0, 810324.0, 810324.0, 810324.0, 810324.0, 810324.0, 810324.0, 810324.0, 810324.0, 810324.0, 810324.0, 810324.0, 810324.0, 810324.0, 810324.0, 810324.0, 810324.0, 810324.0, 810324.0, 810324.0, 810324.0, 810324.0, 810324.0, 810324.0, 810324.0, 810324.0, 810324.0, 810324.0, 810324.0, 810324.0, 810324.0, 810324.0, 810324.0, 810324.0, 810324.0, 810324.0, 810324.0, 810324.0, 810324.0, 810324.0, 810324.0, 810324.0, 810324.0, 810324.0, 810324.0, 810324.0, 810324.0, 810324.0, 810324.0, 810324.0, 810324.0, 810324.0, 810324.0, 810324.0, 810324.0, 810324.0, 810324.0, 810324.0, 810324.0, 810324.0, 810324.0, 810324.0, 810324.0, 810324.0, 810324.0, 810324.0, 810324.0, 810324.0, 810324.0, 810324.0, 810324.0, 810324.0, 810324.0, 810324.0, 810324.0, 810324.0, 810324.0, 810324.0, 810324.0, 810324.0, 810324.0, 810324.0, 810324.0, 810324.0, 810324.0, 810324.0, 810324.0, 810324.0, 810324.0, 810324.0, 810324.0, 810324.0, 810324.0, 810324.0, 810324.0, 810324.0, 810324.0, 810324.0, 810324.0, 810324.0, 810324.0, 810324.0, 810324.0, 810324.0, 810324.0, 810324.0, 810324.0, 810324.0, 810324.0, 810324.0, 810324.0, 810324.0, 810324.0, 810324.0, 810324.0, 810324.0, 810324.0, 810324.0, 810324.0, 810324.0, 810324.0, 810324.0, 810324.0, 810324.0, 780494.4626338906, 780494.4626338906, 780494.4626338906, 780494.4626338906, 780494.4626338906, 780494.4626338906, 780494.4626338906, 780494.4626338906, 780494.4626338906, 780494.4626338906, 780494.4626338906, 780494.4626338906, 780494.4626338906, 780494.4626338906, 780494.4626338906, 780494.4626338906, 780494.4626338906, 780494.4626338906, 780494.4626338906, 780494.4626338906, 780494.4626338906, 780494.4626338906, 780494.4626338906, 780494.4626338906, 780494.4626338906, 780494.4626338906, 780494.4626338906, 780494.4626338906, 780494.4626338906, 780494.4626338906, 789869.3698981116, 809484.9688637694, 809484.9688637694, 809484.9688637694, 809484.9688637694, 809484.9688637694, 809484.9688637694, 807688.5145676195, 810067.4328402719, 810067.4328402719, 810067.4328402719, 810156.9121451934, 810240.184620562, 810240.184620562, 810314.0957366925, 810324.0, 810324.0, 810324.0, 810324.0, 810324.0, 810324.0, 810324.0, 810324.0, 810324.0, 810324.0, 810324.0, 810324.0, 810324.0, 810324.0, 810324.0, 810324.0, 810324.0, 810324.0, 810324.0, 810324.0, 810324.0, 810324.0, 810324.0, 810324.0, 810324.0, 810324.0, 810324.0, 810324.0, 810324.0, 810324.0, 810324.0, 810324.0, 810324.0, 810324.0, 810324.0, 810324.0, 810324.0, 810324.0, 810324.0, 810324.0, 810324.0, 810324.0, 810324.0, 810324.0, 810324.0, 810324.0, 809156.0904675814, 809156.0904675814, 809156.0904675814, 809156.0904675814, 809156.0904675814, 809156.0904675814, 809156.0904675814, 809156.0904675814, 809156.0904675814, 809156.0904675814, 809156.0904675814, 809156.0904675814, 809156.0904675814, 809156.0904675814, 809156.0904675814, 809156.0904675814, 809156.0904675814, 809156.0904675814, 809156.0904675814, 809156.0904675814, 809156.0904675814, 809156.0904675814, 809156.0904675814, 809156.0904675814, 809156.0904675814, 809156.0904675814, 809156.0904675814, 809156.0904675814, 809156.0904675814, 809156.0904675814, 809156.0904675814, 809156.0904675814, 809156.0904675814, 809156.0904675814, 809156.0904675814, 809156.0904675814, 809156.0904675814, 809156.0904675814, 809156.0904675814, 809156.0904675814, 809156.0904675814, 809156.0904675814, 809156.0904675814, 809156.0904675814, 809156.0904675814, 809156.0904675814, 809156.0904675814, 809156.0904675814, 809156.0904675814, 809156.0904675814, 809156.0904675814, 809156.0904675814, 809156.0904675814, 809156.0904675814, 809156.0904675814, 809156.0904675814, 809156.0904675814, 809156.0904675814, 809156.0904675814, 809156.0904675814, 809156.0904675814, 809156.0904675814, 809156.0904675814, 809156.0904675814, 809156.0904675814, 809156.0904675814, 809156.0904675814, 809156.0904675814, 809156.0904675814, 809156.0904675814, 809156.0904675814, 809156.0904675814, 809156.0904675814, 809156.0904675814, 809156.0904675814, 809156.0904675814, 809156.0904675814, 809156.0904675814, 809156.0904675814, 809156.0904675814, 809156.0904675814, 809156.0904675814, 809156.0904675814, 809156.0904675814, 809156.0904675814, 809156.0904675814, 809292.0753944053, 809292.0753944053, 809292.0753944053, 809292.0753944053, 810324.0, 810324.0, 810324.0, 810324.0, 810324.0, 810324.0, 810324.0, 810324.0, 810324.0, 810324.0, 810324.0, 810324.0, 810324.0, 810324.0, 810324.0, 810324.0, 810324.0, 810324.0, 810324.0, 810324.0, 810324.0, 810324.0, 810324.0, 810324.0, 810324.0, 810324.0, 810324.0, 810324.0, 810324.0, 810324.0, 810324.0, 810324.0, 810324.0, 810324.0, 810324.0, 810324.0, 810324.0, 810324.0, 810324.0, 810324.0, 810324.0, 810324.0, 810324.0, 810324.0, 810324.0, 810324.0, 810324.0, 810324.0, 810324.0, 810324.0, 810324.0, 810324.0, 810324.0, 810324.0, 810324.0, 810324.0, 810324.0, 810324.0, 810324.0, 810324.0, 810324.0, 810324.0, 810324.0, 810324.0, 810324.0, 810324.0, 810324.0, 810324.0, 810324.0, 810324.0, 810324.0, 810324.0, 810324.0, 810324.0, 810324.0, 810324.0, 810324.0, 810324.0, 810324.0, 810324.0, 810324.0, 810324.0, 810324.0, 810324.0, 810324.0, 810324.0, 810324.0, 810324.0, 810324.0, 810324.0, 810324.0, 810324.0, 810324.0, 810324.0, 810324.0, 810324.0, 810324.0, 810324.0, 810324.0, 810324.0, 810324.0, 810324.0, 810324.0, 810324.0, 810324.0, 810324.0, 810324.0, 810324.0, 810324.0, 810324.0, 810324.0, 810324.0, 810324.0, 810324.0, 810324.0, 810324.0, 810324.0, 810324.0, 810324.0, 810324.0, 810324.0, 810324.0, 810324.0, 810324.0, 810324.0, 810324.0, 810324.0, 810324.0, 810324.0, 810324.0, 810324.0, 810324.0, 810324.0, 810324.0, 810324.0, 810324.0, 810324.0, 810324.0, 
31707.95219336811, 31707.95219336811, 23542.532221341295, 16103.96200171759, 13496.832169360388, 13496.832169360388, 12104.016270560136, 7663.458908258553, 7663.458908258553, 7663.458908258553, 5165.0555808918525, 5063.01607632255, 4675.382471910667, 4675.382471910667, 3380.9742762280193, 2074.744987407531, 2074.744987407531, 2074.744987407531, 1753.3290236042844, 1753.3290236042844, 760.7822398998934, 760.7822398998934, 760.7822398998934, 760.7822398998934, 575.0139448497637, 575.0139448497637, 575.0139448497637, 575.0139448497637, 575.0139448497637, 575.0139448497637, 484.730190174098, 412.40779917057193, 412.40779917057193, 306.5042703040042, 212.06375207471686, 212.06375207471686, 209.98442251078936, 209.98442251078936, 209.98442251078936, 209.98442251078936, 179.76055534624066, 127.4471071628084, 127.4471071628084, 127.4471071628084, 127.4471071628084, 127.4471071628084, 127.4471071628084, 105.38032299477518, 59.23349320673368, 59.23349320673368, 56.37870557159339, 56.37870557159339, 56.37870557159339, 56.37870557159339, 45.54868178979977, 44.53404777043095, 44.53404777043095, 44.53404777043095, 44.53404777043095, 44.53404777043095, 44.53404777043095, 44.53404777043095, 31.43382975827786, 31.43382975827786, 31.43382975827786, 31.43382975827786, 31.43382975827786, 31.43382975827786, 25.338431925183304, 25.338431925183304, 25.338431925183304, 24.089888734718347, 24.089888734718347, 24.089888734718347, 24.089888734718347, 24.089888734718347, 24.089888734718347, 24.089888734718347, 24.089888734718347, 17.195971202021774, 17.195971202021774, 17.195971202021774, 17.195971202021774, 16.41738614084802, 16.41738614084802, 16.41738614084802, 16.41738614084802, 15.027322321083885, 15.027322321083885, 14.66651996091848, 14.66651996091848, 148774.14930188516, 207490.6460254843, 207490.6460254843, 207490.6460254843, 207490.6460254843, 207490.6460254843, 317485.4055166536, 250553.1133721606, 327251.4642983473, 380734.42084150034, 380734.42084150034, 474572.75075120886, 474572.75075120886, 536909.176027849, 527556.0897966411, 527556.0897966411, 600020.3531367551, 603239.5017089269, 603239.5017089269, 603239.5017089269, 603239.5017089269, 713367.1819699047, 720345.2811144746, 720345.2811144746, 720345.2811144746, 720345.2811144746, 720345.2811144746, 771377.6905921521, 771377.6905921521, 771377.6905921521, 771377.6905921521, 793726.2867211911, 793726.2867211911, 806982.3445279014, 806982.3445279014, 806982.3445279014, 807033.5266316163, 807033.5266316163, 807033.5266316163, 807033.5266316163, 807033.5266316163, 807033.5266316163, 808442.8475444302, 808442.8475444302, 808442.8475444302, 808442.8475444302, 808442.8475444302, 808442.8475444302, 808442.8475444302, 808442.8475444302, 808442.8475444302, 808442.8475444302, 808442.8475444302, 808442.8475444302, 808442.8475444302, 808442.8475444302, 808442.8475444302, 808442.8475444302, 808442.8475444302, 808442.8475444302, 808442.8475444302, 808442.8475444302, 808442.8475444302, 808442.8475444302, 808442.8475444302, 808442.8475444302, 808442.8475444302, 808442.8475444302, 808442.8475444302, 808442.8475444302, 808442.8475444302, 808442.8475444302, 808442.8475444302, 808442.8475444302, 808442.8475444302, 808442.8475444302, 808442.8475444302, 810071.1884963792, 810071.1884963792, 810236.2984644755, 810236.2984644755, 810236.2984644755, 810324.0, 810324.0, 810324.0, 810324.0, 810324.0, 810324.0, 810324.0, 810324.0, 810324.0, 810324.0, 810324.0, 810324.0, 810324.0, 810324.0, 810324.0, 810324.0, 810324.0, 810324.0, 810324.0, 810324.0, 810324.0, 810324.0, 810324.0, 810324.0, 810324.0, 810324.0, 810324.0, 810324.0, 810324.0, 810324.0, 810324.0, 810324.0, 810324.0, 810324.0, 810324.0, 810324.0, 810324.0, 810324.0, 810324.0, 810324.0, 810324.0, 810324.0, 810324.0, 810324.0, 810324.0, 810324.0, 810324.0, 810324.0, 810324.0, 810324.0, 810324.0, 810324.0, 810324.0, 810324.0, 810324.0, 810324.0, 810324.0, 810324.0, 810324.0, 810324.0, 810324.0, 810324.0, 810324.0, 810324.0, 810324.0, 810324.0, 810324.0, 810324.0, 810324.0, 810324.0, 810324.0, 810324.0, 810324.0, 810324.0, 810324.0, 810324.0, 810324.0, 810324.0, 810324.0, 810324.0, 810324.0, 810324.0, 810324.0, 810324.0, 810324.0, 810324.0, 810324.0, 810324.0, 810324.0, 810324.0, 810324.0, 810324.0, 810324.0, 810324.0, 810324.0, 810324.0, 810324.0, 810324.0, 810324.0, 810324.0, 810324.0, 810324.0, 810324.0, 810324.0, 810324.0, 810324.0, 810324.0, 810324.0, 810324.0, 810324.0, 810324.0, 810324.0, 810324.0, 810324.0, 810324.0, 810324.0, 810324.0, 810324.0, 810324.0, 810324.0, 810324.0, 810324.0, 810324.0, 810324.0, 810324.0, 810324.0, 810324.0, 810324.0, 810324.0, 810324.0, 810324.0, 810324.0, 810324.0, 810324.0, 810324.0, 810324.0, 810324.0, 810324.0, 810324.0, 810324.0, 810324.0, 810324.0, 810324.0, 810324.0, 810324.0, 810324.0, 810324.0, 810324.0, 810324.0, 810324.0, 810324.0, 810324.0, 810324.0, 810324.0, 810324.0, 810324.0, 810324.0, 810324.0, 810324.0, 810324.0, 810324.0, 810324.0, 810324.0, 810324.0, 810324.0, 810324.0, 810324.0, 810324.0, 810324.0, 810324.0, 810324.0, 810324.0, 810324.0, 810324.0, 810324.0, 810324.0, 810324.0, 810324.0, 810324.0, 810324.0, 810324.0, 810324.0, 810324.0, 810324.0, 810324.0, 810324.0, 810324.0, 810324.0, 810324.0, 810324.0, 810324.0, 810324.0, 810324.0, 810324.0, 810324.0, 810324.0, 810324.0, 810324.0, 810324.0, 810324.0, 810324.0, 810324.0, 810324.0, 810324.0, 810324.0, 810324.0, 810324.0, 810324.0, 810324.0, 810324.0, 810324.0, 810324.0, 810324.0, 810324.0, 810324.0, 810324.0, 810324.0, 810324.0, 810324.0, 810324.0, 810324.0, 810324.0, 810324.0, 810324.0, 810324.0, 810324.0, 810324.0, 810324.0, 810324.0, 810324.0, 810324.0, 810324.0, 810324.0, 810324.0, 810324.0, 810324.0, 810324.0, 810324.0, 810324.0, 810324.0, 810324.0, 810324.0, 810324.0, 810324.0, 810324.0, 810324.0, 810324.0, 810324.0, 810324.0, 810324.0, 810324.0, 810324.0, 810324.0, 810324.0, 810324.0, 810324.0, 810324.0, 810324.0, 810324.0, 810324.0, 810324.0, 810324.0, 810324.0, 810324.0, 810324.0, 810324.0, 810324.0, 810324.0, 810324.0, 810324.0, 810324.0, 810324.0, 810324.0, 810324.0, 810324.0, 810324.0, 810324.0, 810324.0, 810324.0, 810324.0, 810324.0, 810324.0, 810324.0, 810324.0, 810324.0, 810324.0, 810324.0, 810324.0, 810324.0, 810324.0, 810324.0, 810324.0, 810324.0, 810324.0, 810324.0, 810324.0, 810324.0, 810324.0, 810324.0, 810324.0, 810324.0, 810324.0, 810324.0, 810324.0, 810324.0, 810324.0, 810324.0, 810324.0, 810324.0, 810324.0, 810324.0, 810324.0, 810324.0, 810324.0, 810324.0, 810324.0, 810324.0, 810324.0, 810324.0, 810324.0, 810324.0, 810324.0, 810324.0, 810324.0, 810324.0, 810324.0, 810324.0, 810324.0, 810324.0, 810324.0, 810324.0, 810324.0, 810324.0, 810324.0, 810324.0, 810324.0, 810324.0, 810324.0, 810324.0, 810324.0, 810324.0, 810324.0, 810324.0, 810324.0, 810324.0, 810324.0, 810324.0, 810324.0, 810324.0, 810324.0, 810324.0, 810324.0, 810324.0, 810324.0, 810324.0, 810324.0, 810324.0, 810324.0, 810324.0, 810324.0, 810324.0, 810324.0, 810324.0, 810324.0, 810324.0, 810324.0, 810324.0, 810324.0, 810324.0, 810324.0, 810324.0, 810324.0, 810324.0, 810324.0, 810324.0, 810324.0, 810324.0, 810324.0, 810324.0, 810324.0, 810324.0, 810324.0, 810324.0, 810324.0, 810324.0, 810324.0, 810324.0, 810324.0, 810324.0, 810324.0, 810324.0, 810324.0, 810324.0, 810324.0, 810324.0, 810324.0, 810324.0, 810324.0, 810324.0, 810324.0, 810324.0, 810324.0, 810324.0, 810324.0, 810324.0, 810324.0, 810324.0, 810324.0, 810324.0, 810324.0, 810324.0, 810324.0, 810324.0, 810324.0, 810324.0, 810324.0, 810324.0, 808546.9459109608, 808546.9459109608, 808546.9459109608, 808546.9459109608, 808546.9459109608, 808546.9459109608, 808546.9459109608, 808546.9459109608, 808546.9459109608, 808546.9459109608, 808546.9459109608, 808546.9459109608, 808546.9459109608, 808546.9459109608, 808546.9459109608, 808546.9459109608, 808546.9459109608, 808546.9459109608, 808546.9459109608, 808546.9459109608, 808546.9459109608, 808546.9459109608, 808546.9459109608, 808546.9459109608, 808546.9459109608, 808546.9459109608, 808546.9459109608, 808546.9459109608, 808546.9459109608, 808546.9459109608, 808546.9459109608, 808546.9459109608, 808546.9459109608, 808546.9459109608, 808546.9459109608, 808546.9459109608, 808546.9459109608, 808546.9459109608, 808546.9459109608, 808546.9459109608, 808546.9459109608, 808546.9459109608, 808546.9459109608, 808546.9459109608, 808767.606130029, 810123.3761672727, 810123.3761672727, 810123.3761672727, 810123.3761672727, 810123.3761672727, 810123.3761672727, 810123.3761672727, 810123.3761672727, 810123.3761672727, 810123.3761672727, 810123.3761672727, 810123.3761672727, 810123.3761672727, 810123.3761672727, 810123.3761672727, 810123.3761672727, 810123.3761672727, 810123.3761672727, 810123.3761672727, 810123.3761672727, 810123.3761672727, 810123.3761672727, 810123.3761672727, 810123.3761672727, 810123.3761672727, 810123.3761672727, 810123.3761672727, 810123.3761672727, 810123.3761672727, 810123.3761672727, 810123.3761672727, 810123.3761672727, 810123.3761672727, 810123.3761672727, 810123.3761672727, 810123.3761672727, 810123.3761672727, 810123.3761672727, 810123.3761672727, 810123.3761672727, 810123.3761672727, 810123.3761672727, 810123.3761672727, 810123.3761672727, 810123.3761672727, 810123.3761672727, 758009.6388741031, 758009.6388741031, 758009.6388741031, 758009.6388741031, 758009.6388741031, 758009.6388741031, 758009.6388741031, 758009.6388741031, 758009.6388741031, 758009.6388741031, 758009.6388741031, 758009.6388741031, 758009.6388741031, 758009.6388741031, 758009.6388741031, 758009.6388741031, 758009.6388741031, 758009.6388741031, 758009.6388741031, 758009.6388741031, 758009.6388741031, 758009.6388741031, 758009.6388741031, 758009.6388741031, 758009.6388741031, 758009.6388741031, 758009.6388741031, 758009.6388741031, 758009.6388741031, 772201.6899316077, 772201.6899316077, 772201.6899316077, 780847.6968079112, 780847.6968079112, 792940.337147563, 798485.2143117094, 798485.2143117094, 803786.5682443177, 808831.9159812111, 808831.9159812111, 808831.9159812111, 808831.9159812111, 809639.2859844901, 810324.0, 810324.0, 810324.0, 810324.0, 810324.0, 810324.0, 810324.0, 810324.0, 810324.0, 810324.0, 810324.0, 810324.0, 810324.0, 810324.0, 810324.0, 810324.0, 810324.0, 810324.0, 810324.0, 810324.0, 810324.0, 810324.0, 810324.0, 810324.0, 810324.0, 810324.0, 810324.0, 810324.0, 810324.0, 810324.0, 810324.0, 810324.0, 810324.0, 810324.0, 810324.0, 810324.0, 810324.0, 810324.0, 810324.0, 810324.0, 810324.0, 810324.0, 810324.0, 810324.0, 810324.0, 810324.0, 810324.0, 810324.0, 810324.0, 810324.0, 810324.0, 810324.0, 810324.0, 810324.0, 810324.0, 810324.0, 810324.0, 810324.0, 810324.0, 810324.0, 810324.0, 810324.0, 810324.0, 810324.0, 810324.0, 810324.0, 810324.0, 810324.0, 810324.0, 810324.0, 810324.0, 810324.0, 810324.0, 810324.0, 810324.0, 810324.0, 810324.0, 810324.0, 810324.0, 810324.0, 810324.0, 810324.0, 810324.0, 810324.0, 810324.0, 810324.0, 810324.0, 810324.0, 810324.0, 810324.0, 810324.0, 810324.0, 810324.0, 810324.0, 810324.0, 810324.0, 810324.0, 810324.0, 810324.0, 810324.0, 810324.0, 810324.0, 810324.0, 810324.0, 810324.0, 810324.0, 810324.0, 810324.0, 810324.0, 810324.0, 810324.0, 810324.0, 810324.0, 810324.0, 810324.0, 810324.0, 810324.0, 810324.0, 810324.0, 810324.0, 810324.0, 810324.0, 810324.0, 810324.0, 810324.0, 810324.0, 810324.0, 810324.0, 810324.0, 810324.0, 810324.0, 810324.0, 810324.0, 810324.0, 810324.0, 810324.0, 810324.0, 810324.0, 810324.0, 810324.0, 810324.0, 810324.0, 810324.0, 810324.0, 810324.0, 810324.0, 810324.0, 810324.0, 810324.0, 810324.0, 810324.0, 810324.0, 810324.0, 810324.0, 810324.0, 810324.0, 810324.0, 810324.0, 810324.0, 810324.0, 810324.0, 810324.0, 810324.0, 810324.0, 810324.0, 810324.0, 810324.0, 810324.0, 810324.0, 810324.0, 810324.0, 810324.0, 810324.0, 810324.0, 810324.0, 810324.0, 810324.0, 810324.0, 810324.0, 810324.0, 810324.0, 810324.0, 810324.0, 810324.0, 810324.0, 810324.0, 810324.0, 810324.0, 810324.0, 810324.0, 810324.0, 810324.0, 810324.0, 810324.0, 810324.0, 810324.0, 810324.0, 810324.0, 810324.0, 810324.0, 810324.0, 810324.0, 810324.0, 810324.0, 810324.0, 810324.0, 810324.0, 810324.0, 810324.0, 810324.0, 810324.0, 810324.0, 810324.0, 810324.0, 810324.0, 810324.0, 810324.0, 810324.0, 810324.0, 810324.0, 810324.0, 810324.0, 810324.0, 810324.0, 810324.0, 810324.0, 810324.0, 810324.0, 810324.0, 809726.7696391424, 809726.7696391424, 809726.7696391424, 809726.7696391424, 809726.7696391424, 809726.7696391424, 809726.7696391424, 809726.7696391424, 809726.7696391424, 809726.7696391424, 809726.7696391424, 809726.7696391424, 809726.7696391424, 809726.7696391424, 809726.7696391424, 809726.7696391424, 809726.7696391424, 809726.7696391424, 809726.7696391424, 809726.7696391424, 809726.7696391424, 809726.7696391424, 809726.7696391424, 809726.7696391424, 809726.7696391424, 809726.7696391424, 809726.7696391424, 809726.7696391424, 809726.7696391424, 810324.0, 810324.0, 810324.0, 810324.0, 810324.0, 810324.0, 810324.0, 810324.0, 810324.0, 810324.0, 810324.0, 810324.0, 810324.0, 810324.0, 810324.0, 810324.0, 810324.0, 810324.0, 810324.0, 810324.0, 810324.0, 810324.0, 810324.0, 810324.0, 810324.0, 810324.0, 810324.0, 810324.0, 810324.0, 810324.0, 810324.0, 810324.0, 810324.0, 810324.0, 810324.0, 810324.0, 810324.0, 810324.0, 810324.0, 810324.0, 810324.0, 810324.0, 810324.0, 810324.0, 810324.0, 810324.0, 810324.0, 810324.0, 810324.0, 810324.0, 810324.0, 810324.0, 810324.0, 810324.0, 810324.0, 810324.0, 810324.0, 810324.0, 810324.0, 810324.0, 810324.0, 810324.0, 810324.0, 810324.0, 810324.0, 810324.0, 810324.0, 810324.0, 810324.0, 810324.0, 810324.0, 810324.0, 810324.0, 810324.0, 810324.0, 810324.0, 810324.0, 810324.0, 810324.0, 810324.0, 810324.0, 810324.0, 810324.0, 810324.0, 810324.0, 810324.0, 810324.0, 810324.0, 810324.0, 810324.0, 810324.0, 810324.0, 810324.0, 810324.0, 810324.0, 810324.0, 810324.0, 810324.0, 810324.0, 810324.0, 810324.0, 810324.0, 810324.0, 810324.0, 810324.0, 810324.0, 810324.0, 810324.0, 810324.0, 810324.0, 810324.0, 810324.0, 810324.0, 810324.0, 810324.0, 810324.0, 810324.0, 810324.0, 810324.0, 810324.0, 810324.0, 810324.0, 810324.0, 810324.0, 810324.0, 810324.0, 810324.0, 810324.0, 810324.0, 810324.0, 810324.0, 810324.0, 810324.0, 810324.0, 810324.0, 810324.0, 810324.0, 810324.0, 810324.0, 810324.0, 810324.0, 810324.0, 810324.0, 810324.0, 810324.0, 810324.0, 810324.0, 810324.0, 810324.0, 810324.0, 810324.0, 810324.0, 810324.0, 810324.0, 810324.0, 810324.0, 810324.0, 810324.0, 810324.0, 810324.0, 810324.0, 810324.0, 810324.0, 810324.0, 810324.0, 810324.0, 810324.0, 810324.0, 810324.0, 810324.0, 810324.0, 810324.0, 810324.0, 810324.0, 810324.0, 810324.0, 810324.0, 810324.0, 810324.0, 810324.0, 810324.0, 810324.0, 810324.0, 810324.0, 810324.0, 810324.0, 810324.0, 810324.0, 810324.0, 810324.0, 810324.0, 810324.0, 810324.0, 810324.0, 810324.0, 810324.0, 810324.0, 810324.0, 810324.0, 810324.0, 810324.0, 810324.0, 810324.0, 810324.0, 810324.0, 810324.0, 810324.0, 810324.0, 810324.0, 810324.0, 810324.0, 810324.0, 810324.0, 810324.0, 810324.0, 810324.0, 810324.0, 810324.0, 810324.0, 810324.0, 810324.0, 810324.0, 810324.0, 810324.0, 810324.0, 810324.0, 810324.0, 810324.0, 810324.0, 810324.0, 810324.0, 810324.0, 810324.0, 810324.0, 810324.0, 810324.0, 810324.0, 810324.0, 810324.0, 810324.0, 810324.0, 810324.0, 810324.0, 810324.0, 810324.0, 810324.0, 810324.0, 810324.0, 810324.0, 810324.0, 810324.0, 810324.0, 810324.0, 810324.0, 810324.0, 810324.0, 810324.0, 810324.0, 810324.0, 810324.0, 810324.0, 810324.0, 810324.0, 810324.0, 810324.0, 810324.0, 810324.0, 810324.0, 810324.0, 810324.0, 810324.0, 810324.0, 810324.0, 810324.0, 810324.0, 810324.0, 810324.0, 810324.0, 810324.0, 810324.0, 810324.0, 810324.0, 810324.0, 810324.0, 810324.0, 810324.0, 810324.0, 810324.0, 810324.0, 810324.0, 810324.0, 810324.0, 810324.0, 810324.0, 810324.0, 810324.0, 810324.0, 810324.0, 810324.0, 810324.0, 810324.0, 810324.0, 810324.0, 810324.0, 810324.0, 810324.0, 810324.0, 810324.0, 810324.0, 810324.0, 810324.0, 810324.0, 810324.0, 810324.0, 810324.0, 810324.0, 810324.0, 810324.0, 810324.0, 810324.0, 810324.0, 810324.0, 810324.0, 810324.0, 810324.0, 810324.0, 810324.0, 810324.0, 810324.0, 810324.0, 810324.0, 810324.0, 810324.0, 810324.0, 810324.0, 810324.0, 810324.0, 810324.0, 810324.0, 810324.0, 810324.0, 810324.0, 810324.0, 810324.0, 810324.0, 810324.0, 810324.0, 810324.0, 810324.0, 810324.0, 810324.0, 810324.0, 810324.0, 810324.0, 810324.0, 810324.0, 810324.0, 810324.0, 810324.0, 810324.0, 810324.0, 810324.0, 810324.0, 810324.0, 810324.0, 810324.0, 810324.0, 810324.0, 810324.0, 810324.0, 810324.0, 810324.0, 810324.0, 810324.0, 810324.0, 810324.0, 810324.0, 810324.0, 810324.0, 810324.0, 810324.0, 810324.0, 810324.0, 810324.0, 810324.0, 810324.0, 810324.0, 810324.0, 810324.0, 810324.0, 810324.0, 810324.0, 810324.0, 810324.0, 810324.0, 810324.0, 810324.0, 810324.0, 810324.0, 810324.0, 810324.0, 810324.0, 810324.0, 810324.0, 810324.0, 810324.0, 810324.0, 810324.0, 810324.0, 810324.0, 810324.0, 810324.0, 810324.0, 810324.0, 810324.0, 810324.0, 810324.0, 810324.0, 810324.0, 810324.0, 810324.0, 810324.0, 810324.0, 810324.0, 810324.0, 810324.0, 810324.0, 810324.0, 810324.0, 810324.0, 810324.0, 810324.0, 810324.0, 810324.0, 810324.0, 810324.0, 810324.0, 810324.0, 810324.0, 810324.0, 810324.0, 810324.0, 810324.0, 810324.0, 810324.0, 810324.0, 810324.0, 810324.0, 810324.0, 810324.0, 810324.0, 810324.0, 810324.0, 810324.0, 810324.0, 810324.0, 810324.0, 810324.0, 810324.0, 810324.0, 810324.0, 810324.0, 810324.0, 810324.0, 810324.0, 810324.0, 810324.0, 810324.0, 810324.0, 810324.0, 810324.0, 810324.0, 810324.0, 810324.0, 810324.0, 810324.0, 810324.0, 810324.0, 810324.0, 810324.0, 810324.0, 810324.0, 810324.0, 810324.0, 810324.0, 810324.0, 810324.0, 810324.0, 810324.0, 810324.0, 810324.0, 810324.0, 810324.0, 810324.0, 810324.0, 810324.0, 810324.0, 810324.0, 810324.0, 810324.0, 810324.0, 810324.0, 810324.0, 810324.0, 810324.0, 810324.0, 810324.0, 810324.0, 810324.0, 810324.0, 810324.0, 810324.0, 810324.0, 810324.0, 810324.0, 810324.0, 810324.0, 810324.0, 810324.0, 810324.0, 810324.0, 810324.0, 810324.0, 810324.0, 810324.0, 810324.0, 810324.0, 810324.0, 810324.0, 810324.0, 810324.0, 810324.0, 810324.0, 810324.0, 810324.0, 810324.0, 810324.0, 810324.0, 810324.0, 810324.0, 810324.0, 810324.0, 810324.0, 810324.0, 810324.0, 810324.0, 810324.0, 810324.0, 810324.0, 810324.0, 810324.0, 810324.0, 810324.0, 810324.0, 810324.0, 810324.0, 810324.0, 810324.0, 810324.0, 810324.0, 810324.0, 810324.0, 810324.0, 810324.0, 810324.0, 810324.0, 810324.0, 810324.0, 810324.0, 810324.0, 810324.0, 810324.0, 810324.0, 810324.0, 810324.0, 810324.0, 810324.0, 810324.0, 810324.0, 810324.0, 810324.0, 810324.0, 810324.0, 810324.0, 810324.0, 810324.0, 810324.0, 810324.0, 810324.0, 810324.0, 810324.0, 810324.0, 810324.0, 810324.0, 810324.0, 810324.0, 810324.0, 810324.0, 810324.0, 810324.0, 810324.0, 810324.0, 810324.0, 810324.0, 810324.0, 810324.0, 810324.0, 810324.0, 810324.0, 810324.0, 810324.0, 810324.0, 810324.0, 810324.0, 810324.0, 810324.0, 810324.0, 810324.0, 810324.0, 810324.0, 810324.0, 810324.0, 810324.0, 810324.0, 810324.0, 810324.0, 810324.0, 810324.0, 810324.0, 810324.0, 810324.0, 810324.0, 810324.0, 810324.0, 810324.0, 810324.0, 810324.0, 810324.0, 810324.0, 810324.0, 810324.0, 810324.0, 810324.0, 810324.0, 810324.0, 810324.0, 810324.0, 810324.0, 810324.0, 810324.0, 810324.0, 810324.0, 810324.0, 810324.0, 810324.0, 810324.0, 810324.0, 810324.0, 810324.0, 810324.0, 810324.0, 810324.0, 810324.0, 810324.0, 810324.0, 810324.0, 810324.0, 810324.0, 810324.0, 810324.0, 810324.0, 810324.0, 810324.0, 810324.0, 810324.0, 810324.0, 810324.0, 810324.0, 810324.0, 810324.0, 810324.0, 810324.0, 810324.0, 810324.0, 810324.0, 810324.0, 810324.0, 810324.0, 810324.0, 810324.0, 810324.0, 810324.0, 810324.0, 810324.0, 810324.0, 810324.0, 810324.0, 810324.0, 810324.0, 810324.0, 810324.0, 810324.0, 810324.0, 810324.0, 810324.0, 810324.0, 810324.0, 810324.0, 810324.0, 810324.0, 810324.0, 810324.0, 810324.0, 810324.0, 810324.0, 810324.0, 810324.0, 810324.0, 810324.0, 810324.0, 810324.0, 810324.0, 810324.0, 810324.0, 810324.0, 810324.0, 810324.0, 810324.0, 810324.0, 810324.0, 810324.0, 810324.0, 810324.0, 810324.0, 810324.0, 810324.0, 810324.0, 810324.0, 810324.0, 810324.0, 810324.0, 810324.0, 810324.0, 810324.0, 810324.0, 810324.0, 810324.0, 810324.0, 810324.0, 810324.0, 810324.0, 810324.0, 810324.0, 810324.0, 810324.0, 810324.0, 810324.0, 810324.0, 810324.0, 810324.0, 810324.0, 810324.0, 810324.0, 810324.0, 810324.0, 810324.0, 810324.0, 810324.0, 810324.0, 810324.0, 810324.0, 810324.0, 810324.0, 810324.0, 810324.0, 810324.0, 810324.0, 810324.0, 810324.0, 810324.0, 810324.0, 810324.0, 810324.0, 810324.0, 810324.0, 810324.0, 810324.0, 810324.0, 810324.0, 810324.0, 810324.0, 810324.0, 810324.0, 810324.0, 810324.0, 810324.0, 810324.0, 810324.0, 810324.0, 810324.0, 810324.0, 810324.0, 810324.0, 810324.0, 810324.0, 810324.0, 810324.0, 810324.0, 810324.0, 810324.0, 810324.0, 810324.0, 810324.0, 810324.0, 810324.0, 810324.0, 810324.0, 810324.0, 810324.0, 810324.0, 810324.0, 810324.0, 810324.0, 810324.0, 810324.0, 810324.0, 810324.0, 810324.0, 810324.0, 810324.0, 810324.0, 810324.0, 810324.0, 810324.0, 810324.0, 810324.0, 810324.0, 810324.0, 810324.0, 810324.0, 810324.0, 810324.0, 810324.0, 810324.0, 810324.0, 810324.0, 810324.0, 810324.0, 810324.0, 810324.0, 810324.0, 810324.0, 810324.0, 810324.0, 810324.0, 810324.0, 810324.0, 810324.0, 810324.0, 810324.0, 810324.0, 810324.0, 810324.0, 810324.0, 810324.0, 810324.0, 810324.0, 810324.0, 810324.0, 810324.0, 810324.0, 810324.0, 810324.0, 810324.0, 810324.0, 810324.0, 810324.0, 810324.0, 810324.0, 810324.0, 810324.0, 810324.0, 810324.0, 810324.0, 810324.0, 810324.0, 810324.0, 810324.0, 810324.0, 810324.0, 810324.0, 810324.0, 810324.0, 810324.0, 810324.0, 810324.0, 810324.0, 810324.0, 810324.0, 810324.0, 810324.0, 810324.0, 810324.0, 810324.0, 810324.0, 810324.0, 810324.0, 810324.0, 810324.0, 810324.0, 810324.0, 810324.0, 810324.0, 810324.0, 810324.0, 810324.0, 810324.0, 810324.0, 810324.0, 810324.0, 810324.0, 810324.0, 810324.0, 810324.0, 810324.0, 810324.0, 810324.0, 810324.0, 810324.0, 810324.0, 810324.0, 810324.0, 810324.0, 810324.0, 810324.0, 810324.0, 810324.0, 810324.0, 810324.0, 810324.0, 810324.0, 810324.0, 810324.0, 810324.0, 810324.0, 810324.0, 810324.0, 810324.0, 810324.0, 810324.0, 810324.0, 810324.0, 810324.0, 810324.0, 810324.0, 810324.0, 810324.0, 810324.0, 810324.0, 810324.0, 810324.0, 810324.0, 810324.0, 810324.0, 810324.0, 810324.0, 810324.0, 810324.0, 810324.0, 810324.0, 810324.0, 810324.0, 810324.0, 810324.0, 810324.0, 810324.0, 810324.0, 810324.0, 810324.0, 810324.0, 810324.0, 810324.0, 810324.0, 810324.0, 810324.0, 810324.0, 810324.0, 810324.0, 810324.0, 810324.0, 810324.0, 810324.0, 810324.0, 810324.0, 810324.0, 810324.0, 810324.0, 810324.0, 810324.0, 810324.0, 810324.0, 810324.0, 810324.0, 810324.0, 810324.0, 810324.0, 810324.0, 810324.0, 810324.0, 810324.0, 810324.0, 810324.0, 810324.0, 810324.0, 810324.0, 810324.0, 810324.0, 810324.0, 810324.0, 810324.0, 810324.0, 810324.0, 810324.0, 810324.0, 810324.0, 810324.0, 810324.0, 810324.0, 810324.0, 810324.0, 810324.0, 810324.0, 810324.0, 810324.0, 810324.0, 810324.0, 810324.0, 810324.0, 810324.0, 810324.0, 810324.0, 810324.0, 810324.0, 810324.0, 810324.0, 810324.0, 810324.0, 810324.0, 810324.0, 810324.0, 810324.0, 810324.0, 810324.0, 810324.0, 810324.0, 810324.0, 810324.0, 810324.0, 810324.0, 810324.0, 810324.0, 810324.0, 810324.0, 810324.0, 810324.0, 810324.0, 810324.0, 810324.0, 810324.0, 810324.0, 810324.0, 810324.0, 810324.0, 810324.0, 810324.0, 810324.0, 810324.0, 810324.0, 810324.0, 810324.0, 810324.0, 810324.0, 810324.0, 810324.0, 810324.0, 810324.0, 810324.0, 810324.0, 810324.0, 810324.0, 810324.0, 810324.0, 810324.0, 810324.0, 810324.0, 810324.0, 810324.0, 810324.0, 810324.0, 810324.0, 810324.0, 810324.0, 810324.0, 810324.0, 810324.0, 810324.0, 810324.0, 810324.0, 810324.0, 810324.0, 810324.0, 810324.0, 810324.0, 810324.0, 810324.0, 810324.0, 810324.0, 810324.0, 810324.0, 810324.0, 810324.0, 810324.0, 810324.0, 810324.0, 810324.0, 810324.0, 810324.0, 810324.0, 810324.0, 810324.0, 810324.0, 810324.0, 810324.0, 810324.0, 810324.0, 810324.0, 810324.0, 810324.0, 810324.0, 810324.0, 810324.0, 810324.0, 810324.0, 810324.0, 810324.0, 810324.0, 810324.0, 810324.0, 810324.0, 810324.0, 810324.0, 810324.0, 810324.0, 810324.0, 810324.0, 810324.0, 810324.0, 810324.0, 810324.0, 810324.0, 810324.0, 810324.0, 810324.0, 810324.0, 810324.0, 810324.0, 810324.0, 810324.0, 810324.0, 810324.0, 810324.0, 810324.0, 810324.0, 810324.0, 810324.0, 810324.0, 810324.0, 810324.0, 810324.0, 810324.0, 810324.0, 810324.0, 810324.0, 810324.0, 810324.0, 810324.0, 810324.0, 810324.0, 810324.0, 810324.0, 810324.0, 810324.0, 810324.0, 810324.0, 810324.0, 810324.0, 810324.0, 810324.0, 810324.0, 810324.0, 810324.0, 810324.0, 810324.0, 810324.0, 810324.0, 810324.0, 810324.0, 810324.0, 810324.0, 810324.0, 810324.0, 810324.0, 810324.0, 810324.0, 810324.0, 810324.0, 810324.0, 810324.0, 810324.0, 810324.0, 810324.0, 810324.0, 810324.0, 810324.0, 810324.0, 810324.0, 810324.0, 810324.0, 810324.0, 810324.0, 810324.0, 810324.0, 810324.0, 810324.0, 810324.0, 810324.0, 810324.0, 810324.0, 810324.0, 810324.0, 810324.0, 810324.0, 810324.0, 810324.0, 810324.0, 810324.0, 810324.0, 810324.0, 810324.0, 810324.0, 810324.0, 810324.0, 810324.0, 810324.0, 810324.0, 810324.0, 810324.0, 810324.0, 810324.0, 810324.0, 810324.0, 810324.0, 810324.0, 810324.0, 810324.0, 810324.0, 810324.0, 810324.0, 810324.0, 810324.0, 810324.0, 810324.0, 810324.0, 810324.0, 810324.0, 810324.0, 810324.0, 810324.0, 810324.0, 810324.0, 810324.0, 810324.0, 810324.0, 810324.0, 810324.0, 810324.0, 810324.0, 810324.0, 810324.0, 810324.0, 810324.0, 810324.0, 810324.0, 810324.0, 810324.0, 810324.0, 810324.0, 810324.0, 810324.0, 810324.0, 810324.0, 810324.0, 810324.0, 810324.0, 810324.0, 810324.0, 810324.0, 810324.0, 810324.0, 810324.0, 810324.0, 810324.0, 810324.0, 810324.0, 810324.0, 810324.0, 810324.0, 810324.0, 810324.0, 810324.0, 810324.0, 810324.0, 810324.0, 810324.0, 810324.0, 810324.0, 810324.0, 810324.0, 810324.0, 810324.0, 810324.0, 810324.0, 810324.0, 810324.0, 810324.0, 810324.0, 810324.0, 810324.0, 810324.0, 810324.0, 810324.0, 810324.0, 810324.0, 810324.0, 810324.0, 810324.0, 810324.0, 810324.0, 810324.0, 810324.0, 810324.0, 810324.0, 810324.0, 810324.0, 810324.0, 810324.0, 810324.0, 810324.0, 810324.0, 810324.0, 810324.0, 810324.0, 810324.0, 810324.0, 810324.0, 810324.0, 810324.0, 810324.0, 810324.0, 810324.0, 810324.0, 810324.0, 810324.0, 810324.0, 810324.0, 810324.0, 810324.0, 810324.0, 810324.0, 810324.0, 810324.0, 810324.0, 810324.0, 810324.0, 810324.0, 810324.0, 810324.0, 810324.0, 810324.0, 810324.0, 810324.0, 810324.0, 810324.0, 810324.0, 810324.0, 810324.0, 810324.0, 810324.0, 810324.0, 810324.0, 810324.0, 810324.0, 810324.0, 810324.0, 810324.0, 810324.0, 810324.0, 810324.0, 810324.0, 810324.0, 810324.0, 810324.0, 810324.0, 810324.0, 810324.0, 810324.0, 810324.0, 810324.0, 810324.0, 810324.0, 810324.0, 810324.0, 810324.0, 810324.0, 810324.0, 810324.0, 810324.0, 810324.0, 810324.0, 810324.0, 810324.0, 810324.0, 810324.0, 810324.0, 810324.0, 810324.0, 810324.0, 810324.0, 810324.0, 810324.0, 810324.0, 810324.0, 810324.0, 810324.0, 810324.0, 810324.0, 810324.0, 810324.0, 810324.0, 810324.0, 810324.0, 810324.0, 810324.0, 810324.0, 810324.0, 810324.0, 810324.0, 810324.0, 810324.0, 810324.0, 810324.0, 810324.0, 810324.0, 810324.0, 810324.0, 810324.0, 810324.0, 810324.0, 810324.0, 810324.0, 810324.0, 810324.0, 810324.0, 810324.0, 810324.0, 810324.0, 810324.0, 810324.0, 810324.0, 810324.0, 810324.0, 810324.0, 810324.0, 810324.0, 810324.0, 810324.0, 810324.0, 810324.0, 810324.0, 810324.0, 810324.0, 810324.0, 810324.0, 810324.0, 810324.0, 810324.0, 810324.0, 810324.0, 810324.0, 810324.0, 810324.0, 810324.0, 810324.0, 810324.0, 810324.0, 810324.0, 810324.0, 810324.0, 810324.0, 810324.0, 810324.0, 810324.0, 810324.0, 810324.0, 810324.0, 810324.0, 810324.0, 810324.0, 810324.0, 810324.0, 810324.0, 810324.0, 810324.0, 810324.0, 810324.0, 810324.0, 810324.0, 810324.0, 810324.0, 810324.0, 810324.0, 810324.0, 810324.0, 810324.0, 810324.0, 810324.0, 810324.0, 810324.0, 810324.0, 810324.0, 810324.0, 810324.0, 810324.0, 810324.0, 810324.0, 810324.0, 810324.0, 810324.0, 810324.0, 810324.0, 810324.0, 810324.0, 810324.0, 810324.0, 810324.0, 810324.0, 810324.0, 810324.0, 810324.0, 810324.0, 810324.0, 810324.0, 810324.0, 810324.0, 810324.0, 810324.0, 810324.0, 810324.0, 810324.0, 810324.0, 810324.0, 810324.0, 810324.0, 810324.0, 810324.0, 810324.0, 810324.0, 810324.0, 810324.0, 810324.0, 810324.0, 810324.0, 810324.0, 810324.0, 810324.0, 810324.0, 810324.0, 810324.0, 810324.0, 810324.0, 810324.0, 810324.0, 810324.0, 810324.0, 810324.0, 810324.0, 810324.0, 810324.0, 810324.0, 810324.0, 810324.0, 810324.0, 810324.0, 810324.0, 810324.0, 810324.0, 810324.0, 810324.0, 810324.0, 810324.0, 810324.0, 810324.0, 810324.0, 810324.0, 810324.0, 810324.0, 810324.0, 810324.0, 810324.0, 810324.0, 810324.0, 810324.0, 810324.0, 810324.0, 810324.0, 810324.0, 810324.0, 810324.0, 810324.0, 810324.0, 810324.0, 810324.0, 810324.0, 810324.0, 810324.0, 810324.0, 810324.0, 810324.0, 810324.0, 810324.0, 810324.0, 810324.0, 810324.0, 810324.0, 810324.0, 810324.0, 810324.0, 810324.0, 810324.0, 810324.0, 810324.0, 810324.0, 810324.0, 810324.0, 810324.0, 810324.0, 810324.0, 810324.0, 810324.0, 810324.0, 810324.0, 810324.0, 810324.0, 810324.0, 810324.0, 810324.0, 810324.0, 810324.0, 810324.0, 810324.0, 810324.0, 810324.0, 810324.0, 810324.0, 810324.0, 810324.0, 810324.0, 810324.0, 810324.0, 810324.0, 810324.0, 810324.0, 810324.0, 810324.0, 810324.0, 810324.0, 810324.0, 810324.0, 810324.0, 810324.0, 810324.0, 810324.0, 810324.0, 810324.0, 810324.0, 810324.0, 810324.0, 810324.0, 810324.0, 810324.0, 810324.0, 810324.0, 810324.0, 810324.0, 810324.0, 810324.0, 810324.0, 810324.0, 810324.0, 810324.0, 810324.0, 810324.0, 810324.0, 810324.0, 810324.0, 810324.0, 810324.0, 810324.0, 810324.0, 810324.0, 810324.0, 810324.0, 810324.0, 810324.0, 810324.0, 810324.0, 810324.0, 810324.0, 810324.0, 810324.0, 810324.0, 810324.0, 810324.0, 810324.0, 810324.0, 810324.0, 810324.0, 810324.0, 810324.0, 810324.0, 810324.0, 810324.0, 810324.0, 810324.0, 810324.0, 810324.0, 810324.0, 810324.0, 810324.0, 810324.0, 810324.0, 810324.0, 810324.0, 810324.0, 810324.0, 810324.0, 810324.0, 810324.0, 810324.0, 810324.0, 810324.0, 810324.0, 810324.0, 810324.0, 810324.0, 810324.0, 810324.0, 810324.0, 810324.0, 810324.0, 810324.0, 810324.0, 810324.0, 810324.0, 810324.0, 810324.0, 810324.0, 810324.0, 810324.0, 810324.0, 810324.0, 810324.0, 810324.0, 810324.0, 810324.0, 810324.0, 810324.0, 810324.0, 810204.1415476463, 810204.1415476463, 810204.1415476463, 810204.1415476463, 810204.1415476463, 810204.1415476463, 810204.1415476463, 810204.1415476463, 810204.1415476463, 810204.1415476463, 810204.1415476463, 810204.1415476463, 810204.1415476463, 810204.1415476463, 810204.1415476463, 810204.1415476463, 810204.1415476463, 810204.1415476463, 810204.1415476463, 810204.1415476463, 810204.1415476463, 810204.1415476463, 810204.1415476463, 810204.1415476463, 810204.1415476463, 810204.1415476463, 810204.1415476463, 810204.1415476463, 810204.1415476463, 810204.1415476463, 810204.1415476463, 810204.1415476463, 810204.1415476463, 810204.1415476463, 810204.1415476463, 810204.1415476463, 810204.1415476463, 810204.1415476463, 810204.1415476463, 810204.1415476463, 810204.1415476463, 810204.1415476463, 810204.1415476463, 810204.1415476463, 810204.1415476463, 810204.1415476463, 810204.1415476463, 810204.1415476463, 810204.1415476463, 810204.1415476463, 810204.1415476463, 810204.1415476463, 810204.1415476463, 810204.1415476463, 810204.1415476463, 810204.1415476463, 810204.1415476463, 810204.1415476463, 810204.1415476463, 810204.1415476463, 810204.1415476463, 810204.1415476463, 810204.1415476463, 810204.1415476463, 810204.1415476463, 810204.1415476463, 810204.1415476463, 810204.1415476463, 810204.1415476463, 810204.1415476463, 810204.1415476463, 810204.1415476463, 810204.1415476463, 810204.1415476463, 810204.1415476463, 810204.1415476463, 810204.1415476463, 810204.1415476463, 810204.1415476463, 810204.1415476463, 810204.1415476463, 810204.1415476463, 810204.1415476463, 810204.1415476463, 810204.1415476463, 810204.1415476463, 810204.1415476463, 810204.1415476463, 810324.0, 810324.0, 810324.0, 810324.0, 810324.0, 810324.0, 810324.0, 810324.0, 810324.0, 810324.0, 810324.0, 810324.0, 810324.0, 810324.0, 810324.0, 810324.0, 810324.0, 810324.0, 810324.0, 810324.0, 810324.0, 810324.0, 810324.0, 810324.0, 810324.0, 810324.0, 810324.0, 810324.0, 810324.0, 810324.0, 810324.0, 810324.0, 810324.0, 810324.0, 810324.0, 810324.0, 810324.0, 810324.0, 810324.0, 810324.0, 810324.0, 810324.0, 810324.0, 810324.0, 810324.0, 810324.0, 810324.0, 810324.0, 810324.0, 810324.0, 810324.0, 810324.0, 810324.0, 810324.0, 810324.0, 810324.0, 810324.0, 810324.0, 810324.0, 810324.0, 810324.0, 810324.0, 810324.0, 810324.0, 810324.0, 810324.0, 810324.0, 810324.0, 810324.0, 810324.0, 810324.0, 810324.0, 810324.0, 810324.0, 810324.0, 810324.0, 810324.0, 810324.0, 810324.0, 810324.0, 810324.0, 810324.0, 810324.0, 810324.0, 810324.0, 810324.0, 810324.0, 810324.0, 810324.0, 810324.0, 810324.0, 810324.0, 810324.0, 810191.0847452052, 810191.0847452052, 810191.0847452052, 810191.0847452052, 810191.0847452052, 810191.0847452052, 810191.0847452052, 810191.0847452052, 810191.0847452052, 810191.0847452052, 810191.0847452052, 810191.0847452052, 810191.0847452052, 810191.0847452052, 810191.0847452052, 810191.0847452052, 810191.0847452052, 810191.0847452052, 810191.0847452052, 810191.0847452052, 810191.0847452052, 810191.0847452052, 810191.0847452052, 810191.0847452052, 810191.0847452052, 810191.0847452052, 810191.0847452052, 810191.0847452052, 810191.0847452052, 810191.0847452052, 810191.0847452052, 810191.0847452052, 810191.0847452052, 810191.0847452052, 810191.0847452052, 810191.0847452052, 810191.0847452052, 810191.0847452052, 810191.0847452052, 810191.0847452052, 810191.0847452052, 810191.0847452052, 810191.0847452052, 810191.0847452052, 810191.0847452052, 810191.0847452052, 792316.697821357, 792316.697821357, 792316.697821357, 792316.697821357, 792316.697821357, 792316.697821357, 792316.697821357, 792316.697821357, 792316.697821357, 792316.697821357, 792316.697821357, 792316.697821357, 792316.697821357, 792316.697821357, 792316.697821357, 792316.697821357, 792316.697821357, 792316.697821357, 792316.697821357, 792316.697821357, 792316.697821357, 792316.697821357, 792316.697821357, 792316.697821357, 792316.697821357, 792316.697821357, 792316.697821357, 792316.697821357, 792316.697821357, 792316.697821357, 792316.697821357, 792316.697821357, 792316.697821357, 792316.697821357, 792316.697821357, 792316.697821357, 806067.4425425979, 806067.4425425979, 806067.4425425979, 806067.4425425979, 806067.4425425979, 806067.4425425979, 806067.4425425979, 804536.1811901064, 805451.4948924711, 810324.0, 810324.0, 810324.0, 810324.0, 810324.0, 810324.0, 810324.0, 810324.0, 810324.0, 810324.0, 810324.0, 810324.0, 810324.0, 810324.0, 810324.0, 810324.0, 810324.0, 810324.0, 810324.0, 810324.0, 810324.0, 810324.0, 810324.0, 810324.0, 810324.0, 810324.0, 810324.0, 810324.0, 810324.0, 810324.0, 810324.0, 810324.0, 810324.0, 810324.0, 810324.0, 810324.0, 810324.0, 810324.0, 810324.0, 810324.0, 810324.0, 810324.0, 810324.0, 810324.0, 810324.0, 810324.0, 810324.0, 810324.0, 810324.0, 810324.0, 810324.0, 810324.0, 810324.0, 810324.0, 810324.0, 810324.0, 810324.0, 810324.0, 810324.0, 810324.0, 810324.0, 810324.0, 810324.0, 810324.0, 810324.0, 810324.0, 810324.0, 810324.0, 810324.0, 810324.0, 810324.0, 810324.0, 810324.0, 810324.0, 810324.0, 810324.0, 810324.0, 810324.0, 810324.0, 810324.0, 810324.0, 810324.0, 810324.0, 810324.0, 810324.0, 810324.0, 810324.0, 810324.0, 810324.0, 810324.0, 810324.0, 810324.0, 810324.0, 810324.0, 810324.0, 810324.0, 810324.0, 810324.0, 810324.0, 810324.0, 810324.0, 810324.0, 810324.0, 810324.0, 810324.0, 810324.0, 810324.0, 810324.0, 810324.0, 810324.0, 810324.0, 810324.0, 810324.0, 810324.0, 810324.0, 810324.0, 810324.0, 810324.0, 810324.0, 810324.0, 810324.0, 810324.0, 810324.0, 810324.0, 810324.0, 810324.0, 810324.0, 810324.0, 810324.0, 810324.0, 810324.0, 810324.0, 810324.0, 810324.0, 810324.0, 810324.0, 810324.0, 810324.0, 810324.0, 810324.0, 810324.0, 810324.0, 810324.0, 810324.0, 810324.0, 810324.0, 810324.0, 810324.0, 810324.0, 810324.0, 810324.0, 810324.0, 810324.0, 810324.0, 810324.0, 810324.0, 810324.0, 810324.0, 810324.0, 810324.0, 810324.0, 810324.0, 810324.0, 810324.0, 810324.0, 810324.0, 810324.0, 810324.0, 810324.0, 810324.0, 810324.0, 810324.0, 810324.0, 810324.0, 810324.0, 810324.0, 810324.0, 810324.0, 810324.0, 810324.0, 810324.0, 810324.0, 810324.0, 810324.0, 810324.0, 810324.0, 810324.0, 810324.0, 810324.0, 810324.0, 810324.0, 810324.0, 810324.0, 810324.0, 810324.0, 810324.0, 810324.0, 810324.0, 810324.0, 810324.0, 810324.0, 810324.0, 810324.0, 810324.0, 810324.0, 810324.0, 810324.0, 810324.0, 810324.0, 810324.0, 810324.0, 810324.0, 810324.0, 810324.0, 810324.0, 810324.0, 810324.0, 810324.0, 810324.0, 810324.0, 810324.0, 810324.0, 810324.0, 810324.0, 810324.0, 810324.0, 810324.0, 810324.0, 810324.0, 810324.0, 810324.0, 810324.0, 810324.0, 810324.0, 810324.0, 810324.0, 810324.0, 810324.0, 810324.0, 810324.0, 810324.0, 810324.0, 810324.0, 810324.0, 810324.0, 810324.0, 810324.0, 810324.0, 810324.0, 810324.0, 810324.0, 810324.0, 810324.0, 810324.0, 810324.0, 810324.0, 810324.0, 810324.0, 810324.0, 810324.0, 810324.0, 810324.0, 810324.0, 810324.0, 810324.0, 810324.0, 810324.0, 810324.0, 810324.0, 810324.0, 810324.0, 810324.0, 810324.0, 810324.0, 810324.0, 810324.0, 810324.0, 810324.0, 810324.0, 810324.0, 810324.0, 810324.0, 810324.0, 810324.0, 810324.0, 810324.0, 810324.0, 810324.0, 810324.0, 810324.0, 810324.0, 810324.0, 810324.0, 810324.0, 810324.0, 810324.0, 810324.0, 810324.0, 810324.0, 810324.0, 810324.0, 810324.0, 810324.0, 810324.0, 810324.0, 810324.0, 810324.0, 810324.0, 810324.0, 810324.0, 810324.0, 810324.0, 810324.0, 810324.0, 810324.0, 810324.0, 810324.0, 810324.0, 810324.0, 810324.0, 810324.0, 810324.0, 810324.0, 810324.0, 810324.0, 810324.0, 810324.0, 810324.0, 810324.0, 810324.0, 810324.0, 810324.0, 810324.0, 810324.0, 810324.0, 810324.0, 810324.0, 810324.0, 810324.0, 810324.0, 810324.0, 810324.0, 810324.0, 810324.0, 810324.0, 810324.0, 810324.0, 810324.0, 810324.0, 810324.0, 810324.0, 810324.0, 810324.0, 810324.0, 810324.0, 810324.0, 810324.0, 810324.0, 810324.0, 810324.0, 810324.0, 810324.0, 810324.0, 810091.6832100494, 810091.6832100494, 810091.6832100494, 810091.6832100494, 810091.6832100494, 810091.6832100494, 810091.6832100494, 810091.6832100494, 810091.6832100494, 810091.6832100494, 810091.6832100494, 810091.6832100494, 810091.6832100494, 810091.6832100494, 810091.6832100494, 810091.6832100494, 810091.6832100494, 810091.6832100494, 810091.6832100494, 810091.6832100494, 810091.6832100494, 810091.6832100494, 810091.6832100494, 810091.6832100494, 810091.6832100494, 810091.6832100494, 810091.6832100494, 810091.6832100494, 810091.6832100494, 810091.6832100494, 810091.6832100494, 810091.6832100494, 810091.6832100494, 810091.6832100494, 810091.6832100494, 810091.6832100494, 810091.6832100494, 810091.6832100494, 810091.6832100494, 810091.6832100494, 810091.6832100494, 810091.6832100494, 810091.6832100494, 810091.6832100494, 810324.0, 810324.0, 810324.0, 810324.0, 810324.0, 810324.0, 810324.0, 810324.0, 810324.0, 810324.0, 810324.0, 810324.0, 810324.0, 810324.0, 810324.0, 810324.0, 810324.0, 810324.0, 810324.0, 810324.0, 810324.0, 810324.0, 810324.0, 810324.0, 810324.0, 810324.0, 810324.0, 810324.0, 810324.0, 810324.0, 810324.0, 810324.0, 810324.0, 810324.0, 810324.0, 810324.0, 810324.0, 810324.0, 810324.0, 810324.0, 810324.0, 810324.0, 810324.0, 810324.0, 810324.0, 810324.0, 810324.0, 810324.0, 810324.0, 810324.0, 810324.0, 810324.0, 810324.0, 810324.0, 810324.0, 810324.0, 810324.0, 810324.0, 810324.0, 810324.0, 810324.0, 810324.0, 810324.0, 810324.0, 810324.0, 810324.0, 810324.0, 810324.0, 810324.0, 810324.0, 810324.0, 810324.0, 810324.0, 810324.0, 810324.0, 810324.0, 810324.0, 810324.0, 810324.0, 810324.0, 810324.0, 810324.0, 810324.0, 810324.0, 810324.0, 810324.0, 810324.0, 810324.0, 810324.0, 810324.0, 810324.0, 810324.0, 810324.0, 810324.0, 810324.0, 810324.0, 810324.0, 810324.0, 810324.0, 810324.0, 810324.0, 810324.0, 810324.0, 810324.0, 810324.0, 810324.0, 810324.0, 810324.0, 810324.0, 810324.0, 810324.0, 810324.0, 810324.0, 810324.0, 810324.0, 810324.0, 810324.0, 810324.0, 810324.0, 810324.0, 810324.0, 810324.0, 810324.0, 810324.0, 810324.0, 810324.0, 810324.0, 810324.0, 810324.0, 810324.0, 810324.0, 810324.0, 810324.0, 810324.0, 810324.0, 810324.0, 810324.0, 810324.0, 810324.0, 810324.0, 810324.0, 810324.0, 810324.0, 810324.0, 810324.0, 810324.0, 810324.0, 810324.0, 810324.0, 810324.0, 810324.0, 810324.0, 810324.0, 810324.0, 810324.0, 810324.0, 810324.0, 810324.0, 810324.0, 810324.0, 810324.0, 810324.0, 810324.0, 810324.0, 810324.0, 810324.0, 810324.0, 810324.0, 810324.0, 810324.0, 810324.0, 810324.0, 810324.0, 810324.0, 810324.0, 810324.0, 810324.0, 810324.0, 810324.0, 810324.0, 810324.0, 810324.0, 810324.0, 797015.7155046816, 797015.7155046816, 797015.7155046816, 797015.7155046816, 797015.7155046816, 797015.7155046816, 797015.7155046816, 797015.7155046816, 797015.7155046816, 797015.7155046816, 797015.7155046816, 797015.7155046816, 797015.7155046816, 797015.7155046816, 797015.7155046816, 797015.7155046816, 797015.7155046816, 797015.7155046816, 797015.7155046816, 797015.7155046816, 797015.7155046816, 797015.7155046816, 797015.7155046816, 797015.7155046816, 797015.7155046816, 797015.7155046816, 797015.7155046816, 797015.7155046816, 797015.7155046816, 797015.7155046816, 800235.6539747689, 806156.179774954, 806156.179774954, 806413.679305366, 806413.679305366, 806413.679305366, 806413.679305366, 810324.0, 810324.0, 810324.0, 810324.0, 810324.0, 810324.0, 810324.0, 810324.0, 810324.0, 809883.1447539332, 809883.1447539332, 809883.1447539332, 809883.1447539332, 809883.1447539332, 809883.1447539332, 809883.1447539332, 809883.1447539332, 809883.1447539332, 809883.1447539332, 809883.1447539332, 809883.1447539332, 809883.1447539332, 809883.1447539332, 809883.1447539332, 809883.1447539332, 809883.1447539332, 809883.1447539332, 809883.1447539332, 809883.1447539332, 809883.1447539332, 809883.1447539332, 809883.1447539332, 809883.1447539332, 809883.1447539332, 809883.1447539332, 809883.1447539332, 809883.1447539332, 809883.1447539332, 809883.1447539332, 809883.1447539332, 809883.1447539332, 809883.1447539332, 809883.1447539332, 809883.1447539332, 809883.1447539332, 809883.1447539332, 809883.1447539332, 810324.0, 810324.0, 810324.0, 810324.0, 810324.0, 810324.0, 810324.0, 810324.0, 810324.0, 810324.0, 810324.0, 810324.0, 810324.0, 810324.0, 810324.0, 810324.0, 810324.0, 810324.0, 810324.0, 810324.0, 810324.0, 810324.0, 810324.0, 810324.0, 810324.0, 810324.0, 810324.0, 810324.0, 810324.0, 810324.0, 810324.0, 810324.0, 810324.0, 810324.0, 810324.0, 810324.0, 810324.0, 810324.0, 810324.0, 810324.0, 810324.0, 810324.0, 810324.0, 810324.0, 810324.0, 810324.0, 810324.0, 810324.0, 810324.0, 810324.0, 810324.0, 810324.0, 810324.0, 810324.0, 810324.0, 810324.0, 810324.0, 810324.0, 810324.0, 810324.0, 810324.0, 810324.0, 810324.0, 810324.0, 810324.0, 810324.0, 810324.0, 810324.0, 810324.0, 810324.0, 810324.0, 810324.0, 810324.0, 810324.0, 810324.0, 810324.0, 810324.0, 810324.0, 810324.0, 810324.0, 810324.0, 810324.0, 810324.0, 810324.0, 810324.0, 810324.0, 810324.0, 810324.0, 810324.0, 810324.0, 810324.0, 810324.0, 810324.0, 810324.0, 810324.0, 810324.0, 810324.0, 810324.0, 792965.3611081602, 792965.3611081602, 792965.3611081602, 792965.3611081602, 792965.3611081602, 792965.3611081602, 792965.3611081602, 792965.3611081602, 792965.3611081602, 792965.3611081602, 792965.3611081602, 792965.3611081602, 792965.3611081602, 792965.3611081602, 792965.3611081602, 792965.3611081602, 792965.3611081602, 792965.3611081602, 792965.3611081602, 792965.3611081602, 792965.3611081602, 792965.3611081602, 792965.3611081602, 792965.3611081602, 792965.3611081602, 792965.3611081602, 792965.3611081602, 792965.3611081602, 792965.3611081602, 792965.3611081602, 792965.3611081602, 792965.3611081602, 792965.3611081602, 792965.3611081602, 792965.3611081602, 798413.3988464337, 805759.27938159, 806212.6647191502, 806212.6647191502, 810324.0, 810324.0, 810324.0, 810324.0, 810324.0, 810324.0, 809135.6085211961, 809135.6085211961, 809135.6085211961, 809135.6085211961, 809135.6085211961, 809135.6085211961, 809135.6085211961, 809135.6085211961, 809135.6085211961, 809135.6085211961, 809135.6085211961, 809135.6085211961, 809135.6085211961, 809135.6085211961, 809135.6085211961, 809135.6085211961, 809135.6085211961, 809135.6085211961, 809135.6085211961, 809135.6085211961, 809135.6085211961, 809135.6085211961, 809135.6085211961, 809135.6085211961, 809135.6085211961, 809135.6085211961, 809135.6085211961, 809135.6085211961, 809135.6085211961, 809135.6085211961, 809135.6085211961, 809135.6085211961, 806159.5681008946, 806159.5681008946, 806159.5681008946, 806159.5681008946, 806159.5681008946, 806945.5087061614, 806945.5087061614, 810324.0, 810324.0, 810324.0, 810324.0, 810324.0, 810324.0, 810324.0, 810324.0, 810324.0, 810324.0, 810324.0, 810324.0, 810324.0, 810324.0, 810324.0, 810324.0, 810324.0, 810324.0, 810324.0, 810324.0, 810324.0, 810324.0, 810324.0, 810324.0, 810324.0, 810324.0, 810324.0, 810324.0, 810324.0, 810324.0, 810324.0, 810324.0, 810324.0, 810324.0, 810324.0, 810324.0, 810324.0, 810324.0, 810324.0, 810324.0, 810324.0, 810324.0, 810324.0, 810324.0, 810324.0, 810324.0, 810324.0, 810324.0, 810324.0, 810324.0, 810324.0, 810324.0, 810324.0, 810324.0, 810324.0, 810324.0, 810324.0, 810324.0, 810324.0, 810324.0, 810324.0, 810324.0, 810324.0, 810324.0, 810324.0, 810324.0, 810324.0, 810324.0, 810324.0, 810324.0, 810324.0, 810324.0, 810324.0, 810324.0, 810324.0, 810324.0, 810324.0, 810324.0, 810324.0, 810324.0, 810324.0, 810324.0, 810324.0, 810324.0, 810324.0, 810324.0, 810324.0, 810324.0, 810324.0, 810324.0, 810324.0, 810324.0, 810324.0, 810324.0, 810324.0, 810324.0, 810324.0, 810324.0, 810324.0, 810324.0, 810324.0, 810324.0, 810324.0, 810324.0, 810324.0, 810324.0, 810324.0, 810324.0, 810324.0, 810324.0, 810324.0, 810324.0, 810324.0, 810324.0, 810324.0, 810324.0, 810324.0, 810324.0, 810324.0, 810324.0, 810324.0, 810324.0, 810324.0, 810324.0, 810324.0, 810324.0, 810324.0, 810324.0, 810324.0, 810324.0, 810324.0, 810324.0, 810324.0, 810324.0, 810324.0, 810324.0, 810324.0, 810324.0, 810324.0, 810324.0, 810324.0, 810324.0, 810324.0, 810324.0, 810324.0, 810324.0, 810324.0, 810324.0, 810324.0, 810324.0, 810324.0, 810324.0, 810324.0, 810324.0, 810324.0, 810324.0, 810324.0, 810324.0, 810324.0, 810324.0, 810324.0, 810324.0, 810324.0, 810324.0, 810324.0, 810324.0, 810324.0, 810324.0, 810324.0, 810324.0, 810324.0, 810324.0, 810324.0, 810324.0, 810324.0, 810324.0, 810324.0, 810324.0, 810324.0, 810324.0, 810324.0, 810324.0, 810324.0, 810324.0, 810324.0, 810324.0, 810324.0, 810324.0, 807220.9094000924, 807220.9094000924, 807220.9094000924, 807220.9094000924, 807220.9094000924, 807220.9094000924, 807220.9094000924, 807220.9094000924, 807220.9094000924, 807220.9094000924, 807220.9094000924, 807220.9094000924, 807220.9094000924, 807220.9094000924, 807220.9094000924, 807220.9094000924, 807220.9094000924, 807220.9094000924, 807220.9094000924, 807220.9094000924, 807220.9094000924, 807220.9094000924, 807220.9094000924, 807220.9094000924, 807220.9094000924, 807220.9094000924, 807220.9094000924, 807220.9094000924, 807220.9094000924, 807220.9094000924, 807220.9094000924, 807220.9094000924, 807220.9094000924, 807220.9094000924, 807220.9094000924, 807220.9094000924, 807220.9094000924, 807220.9094000924, 807220.9094000924, 807220.9094000924, 807220.9094000924, 807220.9094000924, 807220.9094000924, 807220.9094000924, 807220.9094000924, 807220.9094000924, 807220.9094000924, 807220.9094000924, 807220.9094000924, 807220.9094000924, 807220.9094000924, 807220.9094000924, 807220.9094000924, 807220.9094000924, 807220.9094000924, 807220.9094000924, 807220.9094000924, 807220.9094000924, 807220.9094000924, 807220.9094000924, 807220.9094000924, 807220.9094000924, 807220.9094000924, 807220.9094000924, 807220.9094000924, 807649.9491942395, 807649.9491942395, 807649.9491942395, 807649.9491942395, 807649.9491942395, 807649.9491942395, 807649.9491942395, 807649.9491942395, 807649.9491942395, 807682.3388622158, 807682.3388622158, 807682.3388622158, 807682.3388622158, 809939.4922143982, 809939.4922143982, 810324.0, 810324.0, 810324.0, 810324.0, 810324.0, 810324.0, 810324.0, 810324.0, 810324.0, 810324.0, 810324.0, 810324.0, 810324.0, 810324.0, 810324.0, 810324.0, 810324.0, 810324.0, 810324.0, 810324.0, 810324.0, 810324.0, 810324.0, 810324.0, 810324.0, 810324.0, 810324.0, 810324.0, 810324.0, 810324.0, 810324.0, 810324.0, 810324.0, 810324.0, 810324.0, 810324.0, 810324.0, 810324.0, 810324.0, 810324.0, 810324.0, 810324.0, 810324.0, 810324.0, 810324.0, 810324.0, 810324.0, 810324.0, 810324.0, 810324.0, 810324.0, 810324.0, 810324.0, 810324.0, 810324.0, 810324.0, 810324.0, 810324.0, 810324.0, 810324.0, 810324.0, 810324.0, 810324.0, 810324.0, 810324.0, 810324.0, 810324.0, 810324.0, 810324.0, 810324.0, 810324.0, 810324.0, 810324.0, 810324.0, 810324.0, 810324.0, 810324.0, 810324.0, 810324.0, 810324.0, 810324.0, 810324.0, 810324.0, 810324.0, 810324.0, 810324.0, 810324.0, 810324.0, 810324.0, 810324.0, 810324.0, 810324.0, 810324.0, 810324.0, 810324.0, 810324.0, 810324.0, 810324.0, 810324.0, 810324.0, 810324.0, 810324.0, 804911.2333312288, 804911.2333312288, 804911.2333312288, 804911.2333312288, 804911.2333312288, 804911.2333312288, 804911.2333312288, 804911.2333312288, 804911.2333312288, 804911.2333312288, 804911.2333312288, 804911.2333312288, 804911.2333312288, 804911.2333312288, 804911.2333312288, 804911.2333312288, 804911.2333312288, 804911.2333312288, 804911.2333312288, 804911.2333312288, 804911.2333312288, 804911.2333312288, 804911.2333312288, 804911.2333312288, 804911.2333312288, 804911.2333312288, 804911.2333312288, 804911.2333312288, 804911.2333312288, 804911.2333312288, 804911.2333312288, 804911.2333312288, 804911.2333312288, 804911.2333312288, 804911.2333312288, 804911.2333312288, 804911.2333312288, 808548.9376609202, 808548.9376609202, 808548.9376609202, 808548.9376609202, 808548.9376609202, 808548.9376609202, 808548.9376609202, 808548.9376609202, 809803.7007477921, 809803.7007477921, 809803.7007477921, 809803.7007477921, 809803.7007477921, 809803.7007477921, 809803.7007477921, 809803.7007477921, 809803.7007477921, 809803.7007477921, 809803.7007477921, 809803.7007477921, 809803.7007477921, 809803.7007477921, 809803.7007477921, 809803.7007477921, 809803.7007477921, 809803.7007477921, 809803.7007477921, 809803.7007477921, 809803.7007477921, 809803.7007477921, 809803.7007477921, 809803.7007477921, 809803.7007477921, 809803.7007477921, 809803.7007477921, 809803.7007477921, 809803.7007477921, 809803.7007477921, 809803.7007477921, 809803.7007477921, 809803.7007477921, 809803.7007477921, 809803.7007477921, 810324.0, 810324.0, 810324.0, 810324.0, 810324.0, 810324.0, 810324.0, 810324.0, 810324.0, 810324.0, 810324.0, 810324.0, 810324.0, 810324.0, 810324.0, 810324.0, 810324.0, 810324.0, 810324.0, 810324.0, 810324.0, 810324.0, 810324.0, 810324.0, 810324.0, 810324.0, 810324.0, 810324.0, 810324.0, 810324.0, 810324.0, 810324.0, 810324.0, 810324.0, 810324.0, 810324.0, 810324.0, 810324.0, 810324.0, 810324.0, 810324.0, 810324.0, 810324.0, 810324.0, 810324.0, 810324.0, 810324.0, 810324.0, 810324.0, 810324.0, 810324.0, 810324.0, 810324.0, 810324.0, 810324.0, 810324.0, 810324.0, 810324.0, 810324.0, 810324.0, 810324.0, 810324.0, 810324.0, 810324.0, 810324.0, 810324.0, 810324.0, 810324.0, 810324.0, 810324.0, 810324.0, 810324.0, 810324.0, 810324.0, 810324.0, 810324.0, 810324.0, 810324.0, 810324.0, 810324.0, 810324.0, 810324.0, 810324.0, 810324.0, 810324.0, 810324.0, 810324.0, 810324.0, 810324.0, 810324.0, 810324.0, 810324.0, 810324.0, 810324.0, 810324.0, 810324.0, 810324.0, 810324.0, 810324.0, 810324.0, 810324.0, 810324.0, 810324.0, 810324.0, 810324.0, 810324.0, 810324.0, 810324.0, 810324.0, 810324.0, 810324.0, 810324.0, 810324.0, 810324.0, 810324.0, 810324.0, 810324.0, 810324.0, 810324.0, 810324.0, 810324.0, 810324.0, 810324.0, 810324.0, 810324.0, 810324.0, 810324.0, 810324.0, 810324.0, 810324.0, 810324.0, 810324.0, 810324.0, 810324.0, 810324.0, 810324.0, 810324.0, 810324.0, 810324.0, 810324.0, 810324.0, 810324.0, 810324.0, 810324.0, 810324.0, 810324.0, 810324.0, 810324.0, 810324.0, 810324.0, 810324.0, 810324.0, 810324.0, 810324.0, 810324.0, 810324.0, 810324.0, 810324.0, 810324.0, 810324.0, 810324.0, 810324.0, 810324.0, 810324.0, 810324.0, 810324.0, 810324.0, 810324.0, 810324.0, 810324.0, 810324.0, 810324.0, 810324.0, 810324.0, 810324.0, 810324.0, 810324.0, 810324.0, 810324.0, 810324.0, 810324.0, 810324.0, 810324.0, 810324.0, 810324.0, 810324.0, 810324.0, 810324.0, 810324.0, 810324.0, 810324.0, 810324.0, 810324.0, 810324.0, 810324.0, 810324.0, 810324.0, 810324.0, 810324.0, 810324.0, 810324.0, 810324.0, 810324.0, 810324.0, 810324.0, 810324.0, 810324.0, 810324.0, 810324.0, 810324.0, 810324.0, 810324.0, 810324.0, 810324.0, 810324.0, 810324.0, 810324.0, 810324.0, 810324.0, 810324.0, 810324.0, 810324.0, 810324.0, 810324.0, 810324.0, 810324.0, 810324.0, 810324.0, 810324.0, 810324.0, 810324.0, 810324.0, 810324.0, 810324.0, 810324.0, 810324.0, 810324.0, 810324.0, 810324.0, 
33277.503567207845, 33277.503567207845, 25771.09780627904, 25771.09780627904, 21271.955105264165, 21271.955105264165, 19200.399835707718, 13353.954665567013, 13353.954665567013, 7910.3935339165055, 6055.640784990962, 4346.432653369627, 4346.432653369627, 3928.815697268119, 3928.815697268119, 2548.540485733724, 1304.7623179658278, 1304.7623179658278, 1304.7623179658278, 1304.7623179658278, 1304.7623179658278, 1280.1884992699606, 872.9959876029593, 872.9959876029593, 523.0718813927083, 523.0718813927083, 523.0718813927083, 523.0718813927083, 523.0718813927083, 389.14354928871893, 298.4311229645398, 298.4311229645398, 222.9765111023014, 165.03606557656235, 165.03606557656235, 165.03606557656235, 128.36853134657687, 128.36853134657687, 128.36853134657687, 128.36853134657687, 128.36853134657687, 128.36853134657687, 128.36853134657687, 128.36853134657687, 120.98126558461274, 120.98126558461274, 120.98126558461274, 113.8795409818075, 97.03634358981019, 75.31481709457283, 75.31481709457283, 75.31481709457283, 75.31481709457283, 75.31481709457283, 75.31481709457283, 65.72186904865347, 51.30620578359794, 51.30620578359794, 51.30620578359794, 51.30620578359794, 51.30620578359794, 51.30620578359794, 51.30620578359794, 51.30620578359794, 51.30620578359794, 51.30620578359794, 51.30620578359794, 50.49883885494904, 50.49883885494904, 50.49883885494904, 50.49883885494904, 50.49883885494904, 49.36399126208451, 40.934744394976065, 40.154406534855426, 40.154406534855426, 40.154406534855426, 40.154406534855426, 40.154406534855426, 40.154406534855426, 36.38683733094413, 31.316064553668802, 28.402305209633205, 28.402305209633205, 28.402305209633205, 28.402305209633205, 28.402305209633205, 28.402305209633205, 28.402305209633205, 28.402305209633205, 28.125515427945103, 208747.97572452846, 208747.97572452846, 247843.0273042418, 213252.00115484773, 213252.00115484773, 379587.03979954927, 280820.95507097564, 280820.95507097564, 280820.95507097564, 594914.9859402002, 594914.9859402002, 562718.9646623849, 639316.5615999105, 639316.5615999105, 664506.0083613984, 664506.0083613984, 664506.0083613984, 664506.0083613984, 664506.0083613984, 709058.4026546053, 709058.4026546053, 709058.4026546053, 709058.4026546053, 753632.766899549, 806765.6613791374, 810324.0, 810324.0, 810324.0, 810324.0, 810324.0, 810324.0, 810324.0, 810324.0, 810324.0, 810324.0, 810324.0, 810324.0, 810324.0, 810324.0, 810324.0, 810324.0, 810324.0, 810324.0, 810324.0, 810324.0, 810324.0, 810324.0, 810324.0, 810324.0, 810324.0, 810324.0, 810324.0, 810324.0, 810324.0, 810324.0, 810324.0, 810324.0, 810324.0, 810324.0, 810324.0, 810324.0, 810324.0, 810324.0, 810324.0, 810324.0, 810324.0, 810324.0, 810324.0, 810324.0, 810324.0, 810324.0, 810324.0, 810324.0, 810324.0, 810324.0, 810324.0, 810324.0, 810324.0, 810324.0, 810324.0, 810324.0, 810324.0, 810324.0, 810324.0, 810324.0, 810324.0, 810324.0, 810324.0, 810324.0, 810324.0, 810324.0, 810324.0, 810324.0, 810324.0, 810324.0, 810324.0, 810324.0, 810324.0, 810324.0, 810324.0, 810324.0, 810324.0, 810324.0, 810324.0, 810324.0, 810324.0, 810324.0, 810324.0, 810324.0, 810324.0, 810324.0, 810324.0, 810324.0, 810324.0, 810324.0, 810324.0, 810324.0, 810324.0, 810324.0, 810324.0, 810324.0, 810324.0, 810324.0, 810324.0, 810324.0, 810324.0, 810324.0, 810324.0, 810324.0, 810324.0, 810324.0, 810324.0, 810324.0, 810324.0, 810324.0, 810324.0, 810324.0, 810324.0, 810324.0, 810324.0, 810324.0, 810324.0, 810324.0, 810324.0, 810324.0, 810324.0, 810324.0, 810324.0, 810324.0, 810324.0, 810324.0, 810324.0, 810324.0, 810324.0, 810324.0, 810324.0, 810324.0, 810324.0, 810324.0, 810324.0, 810324.0, 810324.0, 810324.0, 810324.0, 810324.0, 810324.0, 810324.0, 810324.0, 810324.0, 810324.0, 810324.0, 810324.0, 810324.0, 810324.0, 810324.0, 810324.0, 810324.0, 810324.0, 810324.0, 810324.0, 810324.0, 810324.0, 810324.0, 810324.0, 810324.0, 810324.0, 810324.0, 810324.0, 810324.0, 810324.0, 810324.0, 810324.0, 810324.0, 810324.0, 810324.0, 810324.0, 810324.0, 810324.0, 810324.0, 810324.0, 810324.0, 810324.0, 810324.0, 810324.0, 810324.0, 810324.0, 810324.0, 810324.0, 810324.0, 810324.0, 810324.0, 810324.0, 810324.0, 810324.0, 810324.0, 810324.0, 810324.0, 810324.0, 810324.0, 810324.0, 810324.0, 810324.0, 810324.0, 810324.0, 810324.0, 810324.0, 810324.0, 810324.0, 810324.0, 810324.0, 810324.0, 810324.0, 810324.0, 810324.0, 810324.0, 810324.0, 810324.0, 810324.0, 810324.0, 810324.0, 810324.0, 810324.0, 810324.0, 810324.0, 810324.0, 810324.0, 810324.0, 810324.0, 810324.0, 810324.0, 810324.0, 810324.0, 810324.0, 810324.0, 810324.0, 810324.0, 810324.0, 810324.0, 810324.0, 810324.0, 810324.0, 810324.0, 810324.0, 810324.0, 810324.0, 810324.0, 810324.0, 810324.0, 810324.0, 810324.0, 810324.0, 810324.0, 810324.0, 810324.0, 810324.0, 810324.0, 810324.0, 810324.0, 810324.0, 810324.0, 810324.0, 810324.0, 810324.0, 810324.0, 810324.0, 810324.0, 810324.0, 810324.0, 810324.0, 810324.0, 810324.0, 810324.0, 810324.0, 810324.0, 810324.0, 810324.0, 810324.0, 810324.0, 810324.0, 810324.0, 810324.0, 810324.0, 810324.0, 810324.0, 810324.0, 810324.0, 810324.0, 810324.0, 810324.0, 810324.0, 810324.0, 810324.0, 810324.0, 810324.0, 810324.0, 810324.0, 810324.0, 810324.0, 810324.0, 810324.0, 810324.0, 810324.0, 810324.0, 810324.0, 810324.0, 810324.0, 810324.0, 810324.0, 810324.0, 810324.0, 810324.0, 810324.0, 810324.0, 810324.0, 810324.0, 810324.0, 810324.0, 810324.0, 810324.0, 810324.0, 810324.0, 810324.0, 810324.0, 810324.0, 810324.0, 810324.0, 810324.0, 810324.0, 810324.0, 810324.0, 810324.0, 810324.0, 810324.0, 810324.0, 810324.0, 810324.0, 810324.0, 810324.0, 810324.0, 810324.0, 810324.0, 810324.0, 810324.0, 810324.0, 810324.0, 810324.0, 810324.0, 810324.0, 810324.0, 810324.0, 810324.0, 810324.0, 810324.0, 810324.0, 810324.0, 810324.0, 810324.0, 810324.0, 810324.0, 810324.0, 810324.0, 810324.0, 810324.0, 810324.0, 810324.0, 810324.0, 810324.0, 810324.0, 810324.0, 810324.0, 810324.0, 810324.0, 810324.0, 810324.0, 810324.0, 810324.0, 810324.0, 810324.0, 810324.0, 810324.0, 810324.0, 810324.0, 810324.0, 810324.0, 810324.0, 810324.0, 810324.0, 810324.0, 810324.0, 810324.0, 810324.0, 810324.0, 810324.0, 810324.0, 810324.0, 810324.0, 810324.0, 810324.0, 810324.0, 810324.0, 810324.0, 810324.0, 810324.0, 810324.0, 810324.0, 810324.0, 810324.0, 810324.0, 810324.0, 810324.0, 810324.0, 810324.0, 810324.0, 810324.0, 810324.0, 810324.0, 810324.0, 810324.0, 810324.0, 810324.0, 810324.0, 810324.0, 810324.0, 810324.0, 810324.0, 810324.0, 810324.0, 810324.0, 810324.0, 810324.0, 810324.0, 810324.0, 810324.0, 810324.0, 810324.0, 810324.0, 810324.0, 810324.0, 810324.0, 810324.0, 810324.0, 810324.0, 810324.0, 810324.0, 810324.0, 810324.0, 810324.0, 810324.0, 810324.0, 810324.0, 810324.0, 810324.0, 810324.0, 810324.0, 810324.0, 810324.0, 810324.0, 810324.0, 810324.0, 810324.0, 810324.0, 810324.0, 810324.0, 810324.0, 810324.0, 810324.0, 810324.0, 810324.0, 810324.0, 810324.0, 810324.0, 810324.0, 810324.0, 810324.0, 810324.0, 810324.0, 810324.0, 810324.0, 810324.0, 807687.6972511943, 807687.6972511943, 807687.6972511943, 807687.6972511943, 807687.6972511943, 807687.6972511943, 807687.6972511943, 807687.6972511943, 807687.6972511943, 807687.6972511943, 807687.6972511943, 807687.6972511943, 807687.6972511943, 807687.6972511943, 807687.6972511943, 807687.6972511943, 807687.6972511943, 807687.6972511943, 807687.6972511943, 807687.6972511943, 807687.6972511943, 807687.6972511943, 807687.6972511943, 807687.6972511943, 807687.6972511943, 807687.6972511943, 807687.6972511943, 807687.6972511943, 807687.6972511943, 807687.6972511943, 807687.6972511943, 807687.6972511943, 807687.6972511943, 807687.6972511943, 807687.6972511943, 807687.6972511943, 807687.6972511943, 807687.6972511943, 807687.6972511943, 807687.6972511943, 807687.6972511943, 808518.6755510481, 808518.6755510481, 808518.6755510481, 808518.6755510481, 808518.6755510481, 808518.6755510481, 808518.6755510481, 808518.6755510481, 808518.6755510481, 808518.6755510481, 808518.6755510481, 808518.6755510481, 808518.6755510481, 808518.6755510481, 808518.6755510481, 808518.6755510481, 808518.6755510481, 808518.6755510481, 808518.6755510481, 808518.6755510481, 808518.6755510481, 808518.6755510481, 808518.6755510481, 808518.6755510481, 808518.6755510481, 808518.6755510481, 808518.6755510481, 808518.6755510481, 808518.6755510481, 808518.6755510481, 808518.6755510481, 808518.6755510481, 808518.6755510481, 808518.6755510481, 808518.6755510481, 808518.6755510481, 808518.6755510481, 808518.6755510481, 808518.6755510481, 808518.6755510481, 808518.6755510481, 808518.6755510481, 808518.6755510481, 808518.6755510481, 808518.6755510481, 808518.6755510481, 808518.6755510481, 809699.1333687739, 809699.1333687739, 809699.1333687739, 803752.3678858972, 803752.3678858972, 803752.3678858972, 803752.3678858972, 803752.3678858972, 803752.3678858972, 803752.3678858972, 803752.3678858972, 803752.3678858972, 803752.3678858972, 803752.3678858972, 803752.3678858972, 803752.3678858972, 803752.3678858972, 803752.3678858972, 803752.3678858972, 803752.3678858972, 803752.3678858972, 803752.3678858972, 803752.3678858972, 803752.3678858972, 803752.3678858972, 803752.3678858972, 803752.3678858972, 803752.3678858972, 803752.3678858972, 803752.3678858972, 803752.3678858972, 803752.3678858972, 803752.3678858972, 803752.3678858972, 803752.3678858972, 803752.3678858972, 803752.3678858972, 803752.3678858972, 803752.3678858972, 803752.3678858972, 810324.0, 810324.0, 810324.0, 810324.0, 810324.0, 810324.0, 810324.0, 810324.0, 810324.0, 810324.0, 810324.0, 810324.0, 810324.0, 810324.0, 810324.0, 810324.0, 810324.0, 810324.0, 810324.0, 810324.0, 810324.0, 810324.0, 810324.0, 810324.0, 810324.0, 810324.0, 810324.0, 810324.0, 810324.0, 810324.0, 810324.0, 810324.0, 810324.0, 810324.0, 810324.0, 810324.0, 810324.0, 810324.0, 810324.0, 810324.0, 810324.0, 810324.0, 810324.0, 810324.0, 810324.0, 810324.0, 810324.0, 810324.0, 810324.0, 810324.0, 810324.0, 810324.0, 810324.0, 810324.0, 810324.0, 810324.0, 810324.0, 810324.0, 810324.0, 810324.0, 810324.0, 810324.0, 810324.0, 810324.0, 810324.0, 810324.0, 810324.0, 810324.0, 810324.0, 810324.0, 810324.0, 810324.0, 810324.0, 810324.0, 810324.0, 810324.0, 810324.0, 810324.0, 810324.0, 810324.0, 810324.0, 810324.0, 810324.0, 810324.0, 810324.0, 810324.0, 810324.0, 810324.0, 810324.0, 810324.0, 810324.0, 810324.0, 810324.0, 810324.0, 810324.0, 810324.0, 810324.0, 810324.0, 810324.0, 810324.0, 810324.0, 810324.0, 810324.0, 810324.0, 810324.0, 810324.0, 810324.0, 810324.0, 810324.0, 810324.0, 810324.0, 810324.0, 810324.0, 810324.0, 810324.0, 810324.0, 810324.0, 810324.0, 810324.0, 810324.0, 810324.0, 810324.0, 810324.0, 810324.0, 810324.0, 810324.0, 810324.0, 810324.0, 810324.0, 810324.0, 810324.0, 810324.0, 810324.0, 810324.0, 810324.0, 810324.0, 810324.0, 810324.0, 810324.0, 810324.0, 810324.0, 810324.0, 810324.0, 810324.0, 810324.0, 810324.0, 810324.0, 810324.0, 810324.0, 810324.0, 810324.0, 810324.0, 810324.0, 810324.0, 810324.0, 810324.0, 810324.0, 810324.0, 810324.0, 810324.0, 810324.0, 810324.0, 810324.0, 810324.0, 810324.0, 810324.0, 810324.0, 810324.0, 810324.0, 810324.0, 810324.0, 810324.0, 810324.0, 810324.0, 810324.0, 810324.0, 810324.0, 810324.0, 810324.0, 810324.0, 810324.0, 810324.0, 810324.0, 810324.0, 810324.0, 810324.0, 810324.0, 810324.0, 810324.0, 810324.0, 810324.0, 810324.0, 810324.0, 810324.0, 810324.0, 810324.0, 810324.0, 810324.0, 810324.0, 810324.0, 810324.0, 810324.0, 810324.0, 810324.0, 810324.0, 810324.0, 810324.0, 810324.0, 810324.0, 810324.0, 810324.0, 810324.0, 810324.0, 810324.0, 810324.0, 810324.0, 810324.0, 810324.0, 810324.0, 810324.0, 810324.0, 810324.0, 810324.0, 810324.0, 810324.0, 810324.0, 810324.0, 810324.0, 810324.0, 810324.0, 810324.0, 810324.0, 810324.0, 810324.0, 810324.0, 808194.7805793675, 808194.7805793675, 808194.7805793675, 808194.7805793675, 808194.7805793675, 808194.7805793675, 808194.7805793675, 808194.7805793675, 808194.7805793675, 808194.7805793675, 808194.7805793675, 808194.7805793675, 808194.7805793675, 808194.7805793675, 808194.7805793675, 808194.7805793675, 808194.7805793675, 808194.7805793675, 808194.7805793675, 808194.7805793675, 808194.7805793675, 808194.7805793675, 808194.7805793675, 808194.7805793675, 808194.7805793675, 808194.7805793675, 808194.7805793675, 808194.7805793675, 808194.7805793675, 808194.7805793675, 808194.7805793675, 808194.7805793675, 808194.7805793675, 808194.7805793675, 808194.7805793675, 808194.7805793675, 808194.7805793675, 808194.7805793675, 808194.7805793675, 808194.7805793675, 808194.7805793675, 809031.0492806758, 809031.0492806758, 809031.0492806758, 809031.0492806758, 809031.0492806758, 805384.7301036115, 805384.7301036115, 805384.7301036115, 805384.7301036115, 805384.7301036115, 805384.7301036115, 805384.7301036115, 805384.7301036115, 805384.7301036115, 805384.7301036115, 805384.7301036115, 805384.7301036115, 805384.7301036115, 805384.7301036115, 805384.7301036115, 805384.7301036115, 805384.7301036115, 805384.7301036115, 805384.7301036115, 805384.7301036115, 805384.7301036115, 805384.7301036115, 805384.7301036115, 805384.7301036115, 805384.7301036115, 805384.7301036115, 805384.7301036115, 805384.7301036115, 805384.7301036115, 805384.7301036115, 805384.7301036115, 805384.7301036115, 805384.7301036115, 805384.7301036115, 805384.7301036115, 805384.7301036115, 805384.7301036115, 805384.7301036115, 807557.4880068414, 807795.8975113763, 807795.8975113763, 807795.8975113763, 809078.5774067179, 809078.5774067179, 810324.0, 810324.0, 810324.0, 810324.0, 810324.0, 810324.0, 810324.0, 810324.0, 810324.0, 810324.0, 810324.0, 810324.0, 810324.0, 810324.0, 810324.0, 810324.0, 810324.0, 810324.0, 810324.0, 810324.0, 810324.0, 810324.0, 810324.0, 810324.0, 810324.0, 810324.0, 810324.0, 810324.0, 810324.0, 810324.0, 810324.0, 810324.0, 810324.0, 810324.0, 810324.0, 810324.0, 810324.0, 810324.0, 810324.0, 810324.0, 810324.0, 810324.0, 810324.0, 810324.0, 810324.0, 810324.0, 810324.0, 810324.0, 810324.0, 810324.0, 810324.0, 810324.0, 810324.0, 810324.0, 810324.0, 810324.0, 810324.0, 810324.0, 810324.0, 810324.0, 810324.0, 810324.0, 810324.0, 810324.0, 810324.0, 810324.0, 810324.0, 810324.0, 810324.0, 810324.0, 810324.0, 810324.0, 810324.0, 810324.0, 810324.0, 810324.0, 810324.0, 810324.0, 810324.0, 810324.0, 810324.0, 810324.0, 810324.0, 810324.0, 810324.0, 810324.0, 810324.0, 810324.0, 810324.0, 810324.0, 810324.0, 810324.0, 810324.0, 810324.0, 810324.0, 810324.0, 810324.0, 810324.0, 810324.0, 810324.0, 810324.0, 810324.0, 810324.0, 810324.0, 810324.0, 810324.0, 810324.0, 810324.0, 810324.0, 810324.0, 810324.0, 810324.0, 810324.0, 810324.0, 810324.0, 810324.0, 810324.0, 810324.0, 810324.0, 810324.0, 810324.0, 810324.0, 810324.0, 810324.0, 810324.0, 810324.0, 810324.0, 810324.0, 810324.0, 810324.0, 810324.0, 810324.0, 810324.0, 810324.0, 810324.0, 810324.0, 810324.0, 810324.0, 810324.0, 810324.0, 810324.0, 810324.0, 810324.0, 810324.0, 810324.0, 810324.0, 810324.0, 810324.0, 810324.0, 810324.0, 810324.0, 810324.0, 810324.0, 810324.0, 810324.0, 810324.0, 810324.0, 810324.0, 810324.0, 810324.0, 810324.0, 810324.0, 810324.0, 810324.0, 810324.0, 810324.0, 810324.0, 810324.0, 810324.0, 810324.0, 810324.0, 810324.0, 810324.0, 810324.0, 810324.0, 810324.0, 810324.0, 810324.0, 810324.0, 810324.0, 810324.0, 810324.0, 810324.0, 810324.0, 810324.0, 810324.0, 810324.0, 810324.0, 810324.0, 810324.0, 810324.0, 810324.0, 810324.0, 810324.0, 810324.0, 810324.0, 810324.0, 810324.0, 810324.0, 810324.0, 810324.0, 810324.0, 810324.0, 810324.0, 810324.0, 810324.0, 810324.0, 810324.0, 810324.0, 810324.0, 810324.0, 810324.0, 810324.0, 810324.0, 810324.0, 810324.0, 810324.0, 810324.0, 810324.0, 810324.0, 810324.0, 810324.0, 810324.0, 810324.0, 810324.0, 810324.0, 810324.0, 810324.0, 810324.0, 810324.0, 810324.0, 810324.0, 810324.0, 810324.0, 810324.0, 810324.0, 810324.0, 810324.0, 810324.0, 810324.0, 810324.0, 810324.0, 810324.0, 810324.0, 810324.0, 810324.0, 810324.0, 810324.0, 810324.0, 810324.0, 810324.0, 810324.0, 810324.0, 810324.0, 810324.0, 810324.0, 810324.0, 810324.0, 810324.0, 810324.0, 810324.0, 810324.0, 810324.0, 810324.0, 810324.0, 810324.0, 810324.0, 810324.0, 810324.0, 810324.0, 810324.0, 810324.0, 810324.0, 810324.0, 810324.0, 810324.0, 810324.0, 810324.0, 810324.0, 810324.0, 810324.0, 810324.0, 810324.0, 810324.0, 810324.0, 810324.0, 810324.0, 810324.0, 810324.0, 810324.0, 810324.0, 810324.0, 810324.0, 810324.0, 810324.0, 810324.0, 810324.0, 810324.0, 810324.0, 810324.0, 810324.0, 810324.0, 810324.0, 810324.0, 810324.0, 810324.0, 810324.0, 810324.0, 810324.0, 810324.0, 810324.0, 810324.0, 810324.0, 810324.0, 810324.0, 810324.0, 810324.0, 810324.0, 810324.0, 810324.0, 810324.0, 810324.0, 810324.0, 810324.0, 810324.0, 810324.0, 810324.0, 810324.0, 810324.0, 810324.0, 810324.0, 810324.0, 810324.0, 810324.0, 810324.0, 810324.0, 810324.0, 810324.0, 810324.0, 810324.0, 810324.0, 810324.0, 810324.0, 810324.0, 810324.0, 810324.0, 810324.0, 810324.0, 810324.0, 810324.0, 810324.0, 810324.0, 810324.0, 810324.0, 810324.0, 810324.0, 810324.0, 810324.0, 810324.0, 810324.0, 810324.0, 810324.0, 810324.0, 810324.0, 810324.0, 810324.0, 810324.0, 810324.0, 810324.0, 810324.0, 810324.0, 810324.0, 810324.0, 810324.0, 810324.0, 810324.0, 810324.0, 810324.0, 810324.0, 810324.0, 810324.0, 810324.0, 810324.0, 810324.0, 810324.0, 810324.0, 810324.0, 810324.0, 810324.0, 810324.0, 810324.0, 810324.0, 810324.0, 810324.0, 810324.0, 810324.0, 810324.0, 810324.0, 810324.0, 810324.0, 810324.0, 810324.0, 810324.0, 810324.0, 810324.0, 810324.0, 810324.0, 810324.0, 810324.0, 810324.0, 810324.0, 810324.0, 810324.0, 810324.0, 810324.0, 810324.0, 810324.0, 810324.0, 810324.0, 810324.0, 810324.0, 810324.0, 810324.0, 810324.0, 810324.0, 810324.0, 810324.0, 810324.0, 810324.0, 810324.0, 810324.0, 810324.0, 810324.0, 810324.0, 810324.0, 810324.0, 810324.0, 810324.0, 810324.0, 810324.0, 810324.0, 810324.0, 810324.0, 810324.0, 810324.0, 810324.0, 810324.0, 810324.0, 810324.0, 810324.0, 810324.0, 810324.0, 810324.0, 810324.0, 810324.0, 810324.0, 810324.0, 810324.0, 810324.0, 810324.0, 810324.0, 810324.0, 810324.0, 810324.0, 810324.0, 810324.0, 810324.0, 810324.0, 810324.0, 810324.0, 810324.0, 810324.0, 810324.0, 810324.0, 810324.0, 810324.0, 810324.0, 810324.0, 810324.0, 810324.0, 810324.0, 810324.0, 810324.0, 810324.0, 810324.0, 810324.0, 810324.0, 810324.0, 810324.0, 810324.0, 810324.0, 810324.0, 810324.0, 810324.0, 810324.0, 810324.0, 810324.0, 810324.0, 810324.0, 810324.0, 810324.0, 810324.0, 810324.0, 810324.0, 810324.0, 810324.0, 810324.0, 810324.0, 810324.0, 810324.0, 810324.0, 810324.0, 810324.0, 810324.0, 810324.0, 810324.0, 810324.0, 810324.0, 810324.0, 810324.0, 810324.0, 810324.0, 810324.0, 810324.0, 810324.0, 810324.0, 810324.0, 810324.0, 810324.0, 810324.0, 810324.0, 810324.0, 810324.0, 810324.0, 810324.0, 810324.0, 810324.0, 810324.0, 810324.0, 810324.0, 810324.0, 810324.0, 810324.0, 810324.0, 810324.0, 810324.0, 810324.0, 810324.0, 810324.0, 810324.0, 810324.0, 810324.0, 810324.0, 810324.0, 810324.0, 810324.0, 810324.0, 810324.0, 810324.0, 810324.0, 810324.0, 810324.0, 810324.0, 810324.0, 810324.0, 810324.0, 810324.0, 810324.0, 810324.0, 810324.0, 810324.0, 810324.0, 810324.0, 810324.0, 810324.0, 810324.0, 810324.0, 810324.0, 810324.0, 810324.0, 810324.0, 810324.0, 810324.0, 810324.0, 810324.0, 810324.0, 810324.0, 810324.0, 810324.0, 810324.0, 810324.0, 810324.0, 810324.0, 810324.0, 810324.0, 810324.0, 810324.0, 810324.0, 810324.0, 810324.0, 810324.0, 810324.0, 810324.0, 810324.0, 810324.0, 810324.0, 810324.0, 810324.0, 810324.0, 810324.0, 810324.0, 810324.0, 810324.0, 810324.0, 810324.0, 810324.0, 810324.0, 810324.0, 810324.0, 810324.0, 810324.0, 810324.0, 810324.0, 810324.0, 810324.0, 810324.0, 810324.0, 810324.0, 810324.0, 810324.0, 810324.0, 810324.0, 810324.0, 810324.0, 810324.0, 810324.0, 810324.0, 810324.0, 810324.0, 810324.0, 810324.0, 810324.0, 810324.0, 810324.0, 810324.0, 810324.0, 810324.0, 810324.0, 810324.0, 810324.0, 810324.0, 810324.0, 810324.0, 810324.0, 810324.0, 810324.0, 810324.0, 810324.0, 810324.0, 810324.0, 810324.0, 810324.0, 810324.0, 810324.0, 810324.0, 810324.0, 810324.0, 810324.0, 810324.0, 810324.0, 810324.0, 810324.0, 810324.0, 810324.0, 810324.0, 810324.0, 810324.0, 810324.0, 810324.0, 810324.0, 810324.0, 810324.0, 810324.0, 810324.0, 810324.0, 810324.0, 810324.0, 810324.0, 810324.0, 810324.0, 810324.0, 810324.0, 810324.0, 810324.0, 810324.0, 810324.0, 810324.0, 810324.0, 810324.0, 810324.0, 810324.0, 810324.0, 810324.0, 810324.0, 810324.0, 810324.0, 810324.0, 810324.0, 810324.0, 810324.0, 810324.0, 810324.0, 810324.0, 810324.0, 810324.0, 810324.0, 810324.0, 810324.0, 810324.0, 810324.0, 810324.0, 810324.0, 810324.0, 810324.0, 810324.0, 810324.0, 810324.0, 810324.0, 810324.0, 810324.0, 810324.0, 810324.0, 810324.0, 810324.0, 810324.0, 810324.0, 810324.0, 810324.0, 810324.0, 810324.0, 810324.0, 810324.0, 810324.0, 810324.0, 810324.0, 810324.0, 810324.0, 810324.0, 810324.0, 810324.0, 810324.0, 810324.0, 810324.0, 810324.0, 810324.0, 810324.0, 810324.0, 810324.0, 810324.0, 810324.0, 810324.0, 810324.0, 810324.0, 810324.0, 810324.0, 810324.0, 810324.0, 810324.0, 810324.0, 810324.0, 810324.0, 810324.0, 810324.0, 810324.0, 810324.0, 810324.0, 810324.0, 810324.0, 810324.0, 810324.0, 810324.0, 810324.0, 810324.0, 810324.0, 810324.0, 810324.0, 810324.0, 810324.0, 810324.0, 810324.0, 810324.0, 810324.0, 810324.0, 810324.0, 810324.0, 810324.0, 810324.0, 810324.0, 810324.0, 810324.0, 810324.0, 810324.0, 810324.0, 810324.0, 810324.0, 810324.0, 810324.0, 810324.0, 810324.0, 810324.0, 810324.0, 810324.0, 810324.0, 810324.0, 810324.0, 810324.0, 810324.0, 810324.0, 810324.0, 810324.0, 810324.0, 810324.0, 810324.0, 810324.0, 810324.0, 810324.0, 810324.0, 810324.0, 810324.0, 810324.0, 810324.0, 810324.0, 810324.0, 810324.0, 810324.0, 810324.0, 810324.0, 810324.0, 810324.0, 810324.0, 810324.0, 810324.0, 810324.0, 810324.0, 810324.0, 810324.0, 810324.0, 810324.0, 810324.0, 810324.0, 810324.0, 810324.0, 810324.0, 810324.0, 810324.0, 810324.0, 810324.0, 810324.0, 810324.0, 810324.0, 810324.0, 810324.0, 810324.0, 810324.0, 810324.0, 810324.0, 810324.0, 810324.0, 810324.0, 810324.0, 810324.0, 810324.0, 810324.0, 810324.0, 810324.0, 810324.0, 810324.0, 810324.0, 810324.0, 810324.0, 810324.0, 810324.0, 810324.0, 810324.0, 810324.0, 810324.0, 810324.0, 810324.0, 810324.0, 810324.0, 810324.0, 810324.0, 810324.0, 810324.0, 810324.0, 810324.0, 810324.0, 810324.0, 810324.0, 810324.0, 810324.0, 810324.0, 810324.0, 810324.0, 810324.0, 810324.0, 810324.0, 810324.0, 810324.0, 810324.0, 810324.0, 810324.0, 810324.0, 810324.0, 810324.0, 810324.0, 810324.0, 810324.0, 810324.0, 810324.0, 810324.0, 810324.0, 810324.0, 810324.0, 810324.0, 810324.0, 810324.0, 810324.0, 810324.0, 810324.0, 810324.0, 810324.0, 810324.0, 810324.0, 810324.0, 810324.0, 810324.0, 810324.0, 810324.0, 810324.0, 810324.0, 810324.0, 810324.0, 810324.0, 810324.0, 810324.0, 810324.0, 810324.0, 810324.0, 810324.0, 810324.0, 810324.0, 810324.0, 810324.0, 810324.0, 810324.0, 810324.0, 810324.0, 810324.0, 810324.0, 810324.0, 810324.0, 810324.0, 810324.0, 810324.0, 810324.0, 810324.0, 810324.0, 810324.0, 810324.0, 810324.0, 810324.0, 810324.0, 810324.0, 810324.0, 810324.0, 810324.0, 810324.0, 810324.0, 810324.0, 810324.0, 810324.0, 810324.0, 810324.0, 810324.0, 810324.0, 810324.0, 810324.0, 810324.0, 810324.0, 810324.0, 810324.0, 810324.0, 810324.0, 810324.0, 810324.0, 810324.0, 810324.0, 810324.0, 810324.0, 810324.0, 810324.0, 810324.0, 810324.0, 810324.0, 810324.0, 810324.0, 810324.0, 810324.0, 810324.0, 810324.0, 810324.0, 810324.0, 810324.0, 810324.0, 810324.0, 810324.0, 810324.0, 810324.0, 810324.0, 810324.0, 810324.0, 810324.0, 810324.0, 810324.0, 810324.0, 810324.0, 810324.0, 810324.0, 810324.0, 810324.0, 810324.0, 810324.0, 810324.0, 810324.0, 810324.0, 810324.0, 810324.0, 810324.0, 810324.0, 810324.0, 810324.0, 810324.0, 810324.0, 810324.0, 810324.0, 810324.0, 810324.0, 810324.0, 810324.0, 810324.0, 810324.0, 810324.0, 810324.0, 810324.0, 810324.0, 810324.0, 810324.0, 810324.0, 810324.0, 810324.0, 810324.0, 810324.0, 810324.0, 810324.0, 810324.0, 810324.0, 810324.0, 810324.0, 810324.0, 810324.0, 810324.0, 810324.0, 810324.0, 810324.0, 810324.0, 810324.0, 810324.0, 810324.0, 810324.0, 810324.0, 810324.0, 810324.0, 810324.0, 810324.0, 810324.0, 810324.0, 810324.0, 810324.0, 810324.0, 810324.0, 810324.0, 810324.0, 810324.0, 810324.0, 810324.0, 810324.0, 810324.0, 810324.0, 810324.0, 810324.0, 810324.0, 810324.0, 810324.0, 810324.0, 810324.0, 810324.0, 810324.0, 810324.0, 810324.0, 810324.0, 810324.0, 810324.0, 810324.0, 810324.0, 810324.0, 810324.0, 810324.0, 810324.0, 810324.0, 810324.0, 810324.0, 810324.0, 810324.0, 810324.0, 810324.0, 810324.0, 810324.0, 810324.0, 810324.0, 810324.0, 810324.0, 810324.0, 810324.0, 810324.0, 810324.0, 810324.0, 810324.0, 810324.0, 810324.0, 810324.0, 810324.0, 810324.0, 810324.0, 810324.0, 810324.0, 810324.0, 810324.0, 810324.0, 810324.0, 810324.0, 810324.0, 810324.0, 810324.0, 810324.0, 810324.0, 810324.0, 810324.0, 810324.0, 810324.0, 810324.0, 810324.0, 810324.0, 810324.0, 810324.0, 810324.0, 810324.0, 810324.0, 810324.0, 810324.0, 810324.0, 810324.0, 810324.0, 810324.0, 810324.0, 810324.0, 810324.0, 810324.0, 810324.0, 810324.0, 810324.0, 810324.0, 810324.0, 810324.0, 810324.0, 810324.0, 810324.0, 810324.0, 810324.0, 810324.0, 810324.0, 810324.0, 810324.0, 810324.0, 810324.0, 810324.0, 810324.0, 810324.0, 810324.0, 810324.0, 810324.0, 810324.0, 810324.0, 810324.0, 810324.0, 810324.0, 810324.0, 810324.0, 810324.0, 810324.0, 810324.0, 810324.0, 810324.0, 810324.0, 810324.0, 810324.0, 810324.0, 810324.0, 810324.0, 810324.0, 810324.0, 810324.0, 810324.0, 810324.0, 810324.0, 810324.0, 810324.0, 810324.0, 810324.0, 810324.0, 810324.0, 810324.0, 810324.0, 810324.0, 810324.0, 810324.0, 810324.0, 810324.0, 810324.0, 810324.0, 810324.0, 810324.0, 810324.0, 810324.0, 810324.0, 810324.0, 810324.0, 810324.0, 810324.0, 810324.0, 810324.0, 810324.0, 810324.0, 810324.0, 810324.0, 810324.0, 810324.0, 810324.0, 810324.0, 810324.0, 810324.0, 810324.0, 810324.0, 810324.0, 810324.0, 810324.0, 810324.0, 810324.0, 810324.0, 810324.0, 810324.0, 810324.0, 810324.0, 810324.0, 810324.0, 810324.0, 810324.0, 810324.0, 810324.0, 810324.0, 810324.0, 810324.0, 810324.0, 810324.0, 810324.0, 810324.0, 810324.0, 810324.0, 810324.0, 810324.0, 810324.0, 810324.0, 810324.0, 810324.0, 810324.0, 810324.0, 810324.0, 810324.0, 810324.0, 810324.0, 810324.0, 810324.0, 810324.0, 810324.0, 810324.0, 810324.0, 810324.0, 810324.0, 810324.0, 810324.0, 810324.0, 810324.0, 810324.0, 810324.0, 810324.0, 810324.0, 810324.0, 810324.0, 810324.0, 810324.0, 810324.0, 810324.0, 810324.0, 810324.0, 810324.0, 810324.0, 810324.0, 810324.0, 810324.0, 810324.0, 810324.0, 810324.0, 810324.0, 810324.0, 810324.0, 810324.0, 810324.0, 810324.0, 810324.0, 810324.0, 810324.0, 810324.0, 810324.0, 810324.0, 810324.0, 810324.0, 810324.0, 810324.0, 810324.0, 810324.0, 810324.0, 810324.0, 810324.0, 810324.0, 810324.0, 810324.0, 810324.0, 810324.0, 810324.0, 810324.0, 810324.0, 810324.0, 810324.0, 810324.0, 810324.0, 810324.0, 810324.0, 810324.0, 810324.0, 810324.0, 810324.0, 810324.0, 810324.0, 810324.0, 810324.0, 810324.0, 810324.0, 810324.0, 810324.0, 810324.0, 810324.0, 810324.0, 810324.0, 810324.0, 810324.0, 810324.0, 810324.0, 810324.0, 810324.0, 810324.0, 810324.0, 810324.0, 810324.0, 810324.0, 810324.0, 810324.0, 810324.0, 810324.0, 810324.0, 810324.0, 810324.0, 810324.0, 810324.0, 810324.0, 810324.0, 810324.0, 810324.0, 810324.0, 810324.0, 810324.0, 810324.0, 810324.0, 810324.0, 810324.0, 810324.0, 810324.0, 810324.0, 810324.0, 810324.0, 810324.0, 810324.0, 810324.0, 810324.0, 810324.0, 810324.0, 810324.0, 810324.0, 810324.0, 810324.0, 810324.0, 810324.0, 810324.0, 810324.0, 810324.0, 810324.0, 810324.0, 810324.0, 810324.0, 810324.0, 810324.0, 810324.0, 810324.0, 810324.0, 810324.0, 810324.0, 810324.0, 810324.0, 810324.0, 810324.0, 810324.0, 810324.0, 810324.0, 810324.0, 810324.0, 810324.0, 810324.0, 810324.0, 810324.0, 810324.0, 810324.0, 810324.0, 810324.0, 810324.0, 810324.0, 810324.0, 810324.0, 810324.0, 810324.0, 810324.0, 810324.0, 810324.0, 810324.0, 810324.0, 810324.0, 810324.0, 810324.0, 810324.0, 810324.0, 810324.0, 810324.0, 810324.0, 810324.0, 810324.0, 810324.0, 810324.0, 810324.0, 810324.0, 810324.0, 810324.0, 810324.0, 810324.0, 810324.0, 810324.0, 810324.0, 810324.0, 810324.0, 810324.0, 810324.0, 810324.0, 810324.0, 810324.0, 810324.0, 810324.0, 810324.0, 810324.0, 810324.0, 810324.0, 810324.0, 810324.0, 810324.0, 810324.0, 810324.0, 810324.0, 810324.0, 810324.0, 810324.0, 810324.0, 810324.0, 810324.0, 810324.0, 810324.0, 810324.0, 810324.0, 810324.0, 810324.0, 810324.0, 810324.0, 810324.0, 810324.0, 810324.0, 810324.0, 810324.0, 810324.0, 810324.0, 810324.0, 810324.0, 810324.0, 810324.0, 810324.0, 810324.0, 810324.0, 810324.0, 810324.0, 810324.0, 810324.0, 810324.0, 810324.0, 810324.0, 810324.0, 810324.0, 810324.0, 810324.0, 810324.0, 810324.0, 810324.0, 810324.0, 810324.0, 810324.0, 810324.0, 810324.0, 810324.0, 810324.0, 810324.0, 810324.0, 810324.0, 810324.0, 810324.0, 810324.0, 810324.0, 810324.0, 810324.0, 810324.0, 810324.0, 810324.0, 810324.0, 810324.0, 810324.0, 810324.0, 810324.0, 810324.0, 810324.0, 810324.0, 810324.0, 810324.0, 810324.0, 810324.0, 810324.0, 810324.0, 810324.0, 810324.0, 810324.0, 810324.0, 810324.0, 810324.0, 810324.0, 810324.0, 810324.0, 810324.0, 810324.0, 810324.0, 810324.0, 810324.0, 810324.0, 810324.0, 810324.0, 810324.0, 810324.0, 810324.0, 810324.0, 810324.0, 810324.0, 810324.0, 810324.0, 810324.0, 810324.0, 810324.0, 810324.0, 810324.0, 810324.0, 810324.0, 810324.0, 810324.0, 810324.0, 810324.0, 810324.0, 810324.0, 810324.0, 810324.0, 810324.0, 810324.0, 810324.0, 810324.0, 810324.0, 810324.0, 810324.0, 810324.0, 810324.0, 810324.0, 810324.0, 810324.0, 810324.0, 810324.0, 810324.0, 810324.0, 810324.0, 810324.0, 810324.0, 810324.0, 810324.0, 810324.0, 810324.0, 810324.0, 810324.0, 810324.0, 810324.0, 810324.0, 810324.0, 810324.0, 810324.0, 810324.0, 810324.0, 810324.0, 810324.0, 810324.0, 810324.0, 810324.0, 810324.0, 810324.0, 810324.0, 810324.0, 810324.0, 810324.0, 810324.0, 810324.0, 810324.0, 810324.0, 810324.0, 810324.0, 810324.0, 810324.0, 810324.0, 810324.0, 810324.0, 810324.0, 810324.0, 810324.0, 810324.0, 810324.0, 810324.0, 810324.0, 810324.0, 810324.0, 810324.0, 810324.0, 810324.0, 810324.0, 810324.0, 810324.0, 810324.0, 810324.0, 810324.0, 810324.0, 810324.0, 810324.0, 810324.0, 810324.0, 810324.0, 810324.0, 810324.0, 810324.0, 810324.0, 810324.0, 810324.0, 810324.0, 810324.0, 810324.0, 810324.0, 810324.0, 810324.0, 810324.0, 810324.0, 810324.0, 810324.0, 810324.0, 810324.0, 810324.0, 810324.0, 810324.0, 810324.0, 810324.0, 810324.0, 810324.0, 810324.0, 810324.0, 810324.0, 810324.0, 810324.0, 810324.0, 810324.0, 810324.0, 810324.0, 810324.0, 810324.0, 810324.0, 810324.0, 810324.0, 810324.0, 810324.0, 810324.0, 810324.0, 810324.0, 810324.0, 810324.0, 810324.0, 810324.0, 810324.0, 810324.0, 810324.0, 810324.0, 810324.0, 810324.0, 810324.0, 810324.0, 810324.0, 810324.0, 810324.0, 810324.0, 810324.0, 810324.0, 810324.0, 810324.0, 810324.0, 810324.0, 810324.0, 810324.0, 810324.0, 810324.0, 810324.0, 810324.0, 810324.0, 810324.0, 810324.0, 810324.0, 810324.0, 810324.0, 810324.0, 810324.0, 810324.0, 810324.0, 810324.0, 810324.0, 810324.0, 810324.0, 810324.0, 810324.0, 810324.0, 810324.0, 810324.0, 810324.0, 810324.0, 810324.0, 810324.0, 810324.0, 810324.0, 810324.0, 810324.0, 810324.0, 810324.0, 810324.0, 810324.0, 810324.0, 810324.0, 810324.0, 810324.0, 810324.0, 810324.0, 810324.0, 810324.0, 810324.0, 810324.0, 810324.0, 810324.0, 810324.0, 810324.0, 810324.0, 810324.0, 810324.0, 810324.0, 810324.0, 810324.0, 810324.0, 810324.0, 810324.0, 810324.0, 810324.0, 810324.0, 810324.0, 810324.0, 810324.0, 810324.0, 810324.0, 810324.0, 810324.0, 810324.0, 810324.0, 810324.0, 810324.0, 810324.0, 810324.0, 810324.0, 810324.0, 810324.0, 810324.0, 810324.0, 810324.0, 810324.0, 810324.0, 810324.0, 810324.0, 810324.0, 810324.0, 810324.0, 810324.0, 810324.0, 810324.0, 810324.0, 810324.0, 810324.0, 810324.0, 810324.0, 810324.0, 810324.0, 810324.0, 810324.0, 810324.0, 810324.0, 810324.0, 810324.0, 810324.0, 810324.0, 810324.0, 810324.0, 810324.0, 810324.0, 810324.0, 810324.0, 810324.0, 810324.0, 810324.0, 810324.0, 810324.0, 810324.0, 810324.0, 810324.0, 810324.0, 810324.0, 810324.0, 810324.0, 810324.0, 810324.0, 810324.0, 810324.0, 810324.0, 810324.0, 810324.0, 810324.0, 810324.0, 810324.0, 810011.5292511248, 810011.5292511248, 810011.5292511248, 810011.5292511248, 810011.5292511248, 810011.5292511248, 810011.5292511248, 810011.5292511248, 810011.5292511248, 810011.5292511248, 810011.5292511248, 810011.5292511248, 810011.5292511248, 810011.5292511248, 810011.5292511248, 810011.5292511248, 810011.5292511248, 810011.5292511248, 810011.5292511248, 810011.5292511248, 810011.5292511248, 810011.5292511248, 810011.5292511248, 810011.5292511248, 810011.5292511248, 810011.5292511248, 810011.5292511248, 810011.5292511248, 810011.5292511248, 810011.5292511248, 810011.5292511248, 810011.5292511248, 810011.5292511248, 810011.5292511248, 810011.5292511248, 810324.0, 810324.0, 810324.0, 810324.0, 810324.0, 810324.0, 810324.0, 810324.0, 810324.0, 810324.0, 810324.0, 810324.0, 810324.0, 810324.0, 810324.0, 810324.0, 810324.0, 810324.0, 810324.0, 810324.0, 810324.0, 810324.0, 810324.0, 810324.0, 810324.0, 810324.0, 810324.0, 810324.0, 810324.0, 810324.0, 810324.0, 810324.0, 810324.0, 810324.0, 810324.0, 810324.0, 810324.0, 810324.0, 810324.0, 810324.0, 810324.0, 810324.0, 810324.0, 810324.0, 810324.0, 810324.0, 810324.0, 810324.0, 810324.0, 810324.0, 810324.0, 810324.0, 810324.0, 810324.0, 810324.0, 810324.0, 810324.0, 810324.0, 810324.0, 810324.0, 810324.0, 810324.0, 810324.0, 810324.0, 810324.0, 810324.0, 810324.0, 810324.0, 810324.0, 810324.0, 810324.0, 810324.0, 810324.0, 810324.0, 810324.0, 810324.0, 810324.0, 810324.0, 810324.0, 810324.0, 810324.0, 810324.0, 810324.0, 810324.0, 810324.0, 810324.0, 810324.0, 810324.0, 810324.0, 810324.0, 810324.0, 810324.0, 810324.0, 810324.0, 810324.0, 810324.0, 810324.0, 810324.0, 810324.0, 810324.0, 810324.0, 810324.0, 810324.0, 810324.0, 810324.0, 810324.0, 810324.0, 810324.0, 810324.0, 810324.0, 810324.0, 810324.0, 810324.0, 810324.0, 810324.0, 810324.0, 810324.0, 810324.0, 810324.0, 810324.0, 810324.0, 810324.0, 810324.0, 810324.0, 810324.0, 810324.0, 810324.0, 810324.0, 810324.0, 810324.0, 810324.0, 810324.0, 810324.0, 810324.0, 810324.0, 810324.0, 810324.0, 810324.0, 810324.0, 810324.0, 810324.0, 810324.0, 810324.0, 810324.0, 810324.0, 810324.0, 810324.0, 810324.0, 810324.0, 810324.0, 810324.0, 810324.0, 810324.0, 810324.0, 810324.0, 810324.0, 810324.0, 810324.0, 810324.0, 810324.0, 810324.0, 810324.0, 810324.0, 810324.0, 810324.0, 810324.0, 810324.0, 810324.0, 810324.0, 810324.0, 810324.0, 810324.0, 810324.0, 810324.0, 810324.0, 810324.0, 810324.0, 810324.0, 810324.0, 810324.0, 810324.0, 810324.0, 810324.0, 810324.0, 810324.0, 810324.0, 810324.0, 810324.0, 810324.0, 810324.0, 810324.0, 810324.0, 810324.0, 810324.0, 810324.0, 810324.0, 810324.0, 810324.0, 810324.0, 810324.0, 810324.0, 810324.0, 810324.0, 810324.0, 810324.0, 810324.0, 810324.0, 810324.0, 810324.0, 810324.0, 810324.0, 810324.0, 810324.0, 810324.0, 810324.0, 810324.0, 810324.0, 810324.0, 810324.0, 810324.0, 810324.0, 810324.0, 810324.0, 810324.0, 810324.0, 810324.0, 810324.0, 810324.0, 810324.0, 810324.0, 810324.0, 810324.0, 810324.0, 810324.0, 810324.0, 810324.0, 810324.0, 810324.0, 810324.0, 810324.0, 810324.0, 810324.0, 810324.0, 810324.0, 810324.0, 810324.0, 810324.0, 810324.0, 810324.0, 810324.0, 810324.0, 810324.0, 810324.0, 810324.0, 810324.0, 810324.0, 810324.0, 810324.0, 810324.0, 810324.0, 810324.0, 810324.0, 810324.0, 810324.0, 810324.0, 810324.0, 810324.0, 810324.0, 810324.0, 810324.0, 810324.0, 810324.0, 810324.0, 810324.0, 810324.0, 810324.0, 810324.0, 810324.0, 810324.0, 810324.0, 810324.0, 810324.0, 810324.0, 810324.0, 810324.0, 810324.0, 810324.0, 810324.0, 810324.0, 810324.0, 810324.0, 810324.0, 810324.0, 810324.0, 810324.0, 810324.0, 810324.0, 810324.0, 810324.0, 810324.0, 810324.0, 810324.0, 810324.0, 810324.0, 810324.0, 810324.0, 810324.0, 810324.0, 810324.0, 810324.0, 810324.0, 810324.0, 810324.0, 810324.0, 810324.0, 810324.0, 810324.0, 810324.0, 810324.0, 810324.0, 810324.0, 810324.0, 810324.0, 810324.0, 810324.0, 810324.0, 810324.0, 810324.0, 810324.0, 810324.0, 810324.0, 810324.0, 810324.0, 810324.0, 810324.0, 810324.0, 810324.0, 810324.0, 810324.0, 810324.0, 810324.0, 810324.0, 810324.0, 810324.0, 810324.0, 810324.0, 810324.0, 810324.0, 810324.0, 810324.0, 810324.0, 810324.0, 810324.0, 810324.0, 810324.0, 810324.0, 810324.0, 810324.0, 810324.0, 810324.0, 810324.0, 810324.0, 810324.0, 810324.0, 810324.0, 810324.0, 810324.0, 810324.0, 810324.0, 810324.0, 810324.0, 810324.0, 810324.0, 810324.0, 810324.0, 810324.0, 810324.0, 810324.0, 810324.0, 810324.0, 810324.0, 810324.0, 810324.0, 810324.0, 810324.0, 810324.0, 810324.0, 810324.0, 810324.0, 810324.0, 810324.0, 810324.0, 810324.0, 810324.0, 810324.0, 810324.0, 810324.0, 810324.0, 810324.0, 810324.0, 810324.0, 810324.0, 810324.0, 810324.0, 810324.0, 810324.0, 810324.0, 810324.0, 810324.0, 810324.0, 810324.0, 810324.0, 810324.0, 810324.0, 810324.0, 810324.0, 810324.0, 810324.0, 810324.0, 810324.0, 810324.0, 810324.0, 810324.0, 810324.0, 810324.0, 810324.0, 810324.0, 810324.0, 810324.0, 810324.0, 810324.0, 810324.0, 810324.0, 810324.0, 810324.0, 810324.0, 810324.0, 810324.0, 810324.0, 810324.0, 810324.0, 810324.0, 810324.0, 810324.0, 810324.0, 810324.0, 810324.0, 810324.0, 810324.0, 810324.0, 810324.0, 810324.0, 810324.0, 810324.0, 810324.0, 810324.0, 810324.0, 810324.0, 810324.0, 810324.0, 810324.0, 810324.0, 810324.0, 810324.0, 810324.0, 810324.0, 810324.0, 810324.0, 810324.0, 810324.0, 810324.0, 810324.0, 810324.0, 810324.0, 810324.0, 810324.0, 810324.0, 810324.0, 810324.0, 810324.0, 810324.0, 810324.0, 810324.0, 810324.0, 810324.0, 810324.0, 810324.0, 810324.0, 810324.0, 810324.0, 810324.0, 810324.0, 810324.0, 810324.0, 810324.0, 810324.0, 810324.0, 810324.0, 810324.0, 810324.0, 810324.0, 810324.0, 810324.0, 810324.0, 810324.0, 810324.0, 810324.0, 810324.0, 810324.0, 810324.0, 810324.0, 810324.0, 810324.0, 810324.0, 810324.0, 810324.0, 810324.0, 810324.0, 810324.0, 810324.0, 810324.0, 810324.0, 810324.0, 810324.0, 810324.0, 810324.0, 810324.0, 810324.0, 810324.0, 810324.0, 810324.0, 810324.0, 810324.0, 810324.0, 810324.0, 810324.0, 810324.0, 810324.0, 810324.0, 810324.0, 810324.0, 810324.0, 810324.0, 810324.0, 810324.0, 810324.0, 810324.0, 810324.0, 810324.0, 810324.0, 810324.0, 810324.0, 810324.0, 810324.0, 810324.0, 810324.0, 810324.0, 810324.0, 810324.0, 810324.0, 810324.0, 810324.0, 810324.0, 810324.0, 810324.0, 810324.0, 810324.0, 810324.0, 810324.0, 810324.0, 810324.0, 810324.0, 810324.0, 810324.0, 810324.0, 810324.0, 810324.0, 810324.0, 810324.0, 810324.0, 810324.0, 810324.0, 810324.0, 810324.0, 810324.0, 810324.0, 810324.0, 810324.0, 810324.0, 810324.0, 810324.0, 810324.0, 810324.0, 810324.0, 810324.0, 810324.0, 810324.0, 810324.0, 810324.0, 810324.0, 810324.0, 810324.0, 810324.0, 810324.0, 810324.0, 810324.0, 810324.0, 810324.0, 810324.0, 810324.0, 810324.0, 810324.0, 810324.0, 810324.0, 810324.0, 810324.0, 810324.0, 810324.0, 810324.0, 810324.0, 810324.0, 810324.0, 810324.0, 810324.0, 810324.0, 810324.0, 810324.0, 810324.0, 810324.0, 810324.0, 810324.0, 810324.0, 810324.0, 810324.0, 810324.0, 810324.0, 810324.0, 810324.0, 810324.0, 810324.0, 810324.0, 810324.0, 810324.0, 810324.0, 810324.0, 810324.0, 810324.0, 810324.0, 810324.0, 810324.0, 810324.0, 810324.0, 810324.0, 810324.0, 810324.0, 810324.0, 810324.0, 810324.0, 810324.0, 810324.0, 810324.0, 810324.0, 810324.0, 810324.0, 810324.0, 810324.0, 810324.0, 810324.0, 810324.0, 810324.0, 810324.0, 810324.0, 810324.0, 810324.0, 810324.0, 810324.0, 810324.0, 810324.0, 810324.0, 810324.0, 810324.0, 810324.0, 810324.0, 810324.0, 810324.0, 810324.0, 810324.0, 810324.0, 810324.0, 810324.0, 810324.0, 810324.0, 809204.2772287887, 809204.2772287887, 809204.2772287887, 809204.2772287887, 809204.2772287887, 809204.2772287887, 809204.2772287887, 809204.2772287887, 809204.2772287887, 809204.2772287887, 809204.2772287887, 809204.2772287887, 809204.2772287887, 809204.2772287887, 809204.2772287887, 809204.2772287887, 809204.2772287887, 809204.2772287887, 809204.2772287887, 809204.2772287887, 809204.2772287887, 809204.2772287887, 809204.2772287887, 809204.2772287887, 809204.2772287887, 809204.2772287887, 809204.2772287887, 809204.2772287887, 809204.2772287887, 809204.2772287887, 809204.2772287887, 809204.2772287887, 809204.2772287887, 809204.2772287887, 809204.2772287887, 809204.2772287887, 809204.2772287887, 809308.4580884464, 809308.4580884464, 810025.4491835797, 810025.4491835797, 810025.4491835797, 810025.4491835797, 810025.4491835797, 810025.4491835797, 810025.4491835797, 810025.4491835797, 810025.4491835797, 810025.4491835797, 810025.4491835797, 810025.4491835797, 810025.4491835797, 810025.4491835797, 810025.4491835797, 810025.4491835797, 810025.4491835797, 810025.4491835797, 810025.4491835797, 810025.4491835797, 810025.4491835797, 810025.4491835797, 810025.4491835797, 810025.4491835797, 810025.4491835797, 810025.4491835797, 810025.4491835797, 810025.4491835797, 810025.4491835797, 810025.4491835797, 810025.4491835797, 810025.4491835797, 810025.4491835797, 810025.4491835797, 810025.4491835797, 810025.4491835797, 810025.4491835797, 810025.4491835797, 810025.4491835797, 810025.4491835797, 810025.4491835797, 810025.4491835797, 810025.4491835797, 810025.4491835797, 810025.4491835797, 810025.4491835797, 810025.4491835797, 810025.4491835797, 810025.4491835797, 810025.4491835797, 810025.4491835797, 810025.4491835797, 810025.4491835797, 810025.4491835797, 810025.4491835797, 810025.4491835797, 810025.4491835797, 810025.4491835797, 810025.4491835797, 810025.4491835797, 810025.4491835797, 810025.4491835797, 810025.4491835797, 810025.4491835797, 810025.4491835797, 810025.4491835797, 810025.4491835797, 810025.4491835797, 810025.4491835797, 810025.4491835797, 810025.4491835797, 810025.4491835797, 810025.4491835797, 810025.4491835797, 810025.4491835797, 810025.4491835797, 810025.4491835797, 810025.4491835797, 810025.4491835797, 810025.4491835797, 810025.4491835797, 810025.4491835797, 810025.4491835797, 810025.4491835797, 810025.4491835797, 810025.4491835797, 810025.4491835797, 810025.4491835797, 810025.4491835797, 810025.4491835797, 810025.4491835797, 810025.4491835797, 810025.4491835797, 810025.4491835797, 810025.4491835797, 810025.4491835797, 810025.4491835797, 799063.3285724772, 799063.3285724772, 799063.3285724772, 799063.3285724772, 799063.3285724772, 799063.3285724772, 799063.3285724772, 799063.3285724772, 799063.3285724772, 799063.3285724772, 799063.3285724772, 799063.3285724772, 799063.3285724772, 799063.3285724772, 799063.3285724772, 799063.3285724772, 799063.3285724772, 799063.3285724772, 799063.3285724772, 799063.3285724772, 799063.3285724772, 799063.3285724772, 799063.3285724772, 799063.3285724772, 799063.3285724772, 799063.3285724772, 799063.3285724772, 799063.3285724772, 799063.3285724772, 799063.3285724772, 799063.3285724772, 799063.3285724772, 799063.3285724772, 799063.3285724772, 799063.3285724772, 799063.3285724772, 799063.3285724772, 799685.4901241394, 801471.2871635583, 801471.2871635583, 808275.7087304071, 810324.0, 810324.0, 810324.0, 810324.0, 805216.6710041685, 805216.6710041685, 805216.6710041685, 805216.6710041685, 805216.6710041685, 805216.6710041685, 805216.6710041685, 805216.6710041685, 805216.6710041685, 805216.6710041685, 805216.6710041685, 805216.6710041685, 805216.6710041685, 805216.6710041685, 805216.6710041685, 805216.6710041685, 805216.6710041685, 805216.6710041685, 805216.6710041685, 805216.6710041685, 805216.6710041685, 805216.6710041685, 805216.6710041685, 805216.6710041685, 805216.6710041685, 805216.6710041685, 805216.6710041685, 805216.6710041685, 805216.6710041685, 805216.6710041685, 805216.6710041685, 805216.6710041685, 805216.6710041685, 805216.6710041685, 809947.892366025, 809947.892366025, 809947.892366025, 809947.892366025, 810324.0, 810324.0, 810324.0, 810324.0, 810324.0, 810324.0, 810324.0, 810324.0, 810324.0, 810324.0, 810324.0, 810324.0, 810324.0, 810324.0, 810324.0, 810324.0, 810324.0, 810324.0, 810324.0, 810324.0, 810324.0, 810324.0, 810324.0, 810324.0, 810324.0, 810324.0, 810324.0, 810324.0, 810324.0, 810324.0, 810324.0, 810324.0, 810324.0, 810324.0, 810324.0, 810324.0, 810324.0, 810324.0, 810324.0, 810324.0, 810324.0, 810324.0, 810324.0, 810324.0, 810324.0, 810324.0, 810324.0, 810324.0, 810324.0, 810324.0, 810324.0, 810324.0, 810324.0, 810324.0, 810324.0, 810324.0, 810324.0, 810324.0, 810324.0, 810324.0, 810324.0, 810324.0, 810324.0, 810324.0, 810324.0, 810324.0, 810324.0, 810324.0, 810324.0, 810324.0, 810324.0, 810324.0, 810324.0, 810324.0, 810324.0, 810324.0, 810324.0, 810324.0, 810324.0, 810324.0, 810324.0, 810324.0, 810324.0, 810324.0, 810324.0, 810324.0, 810324.0, 810324.0, 810324.0, 810324.0, 810324.0, 810324.0, 810324.0, 810324.0, 810324.0, 810324.0, 810324.0, 810324.0, 810324.0, 810324.0, 810324.0, 810324.0, 810324.0, 810324.0, 810324.0, 810324.0, 810324.0, 810324.0, 810324.0, 810324.0, 810324.0, 810324.0, 810324.0, 810324.0, 810324.0, 810324.0, 810324.0, 810324.0, 810324.0, 810324.0, 810324.0, 810324.0, 810324.0, 810324.0, 810324.0, 810324.0, 810324.0, 810324.0, 810324.0, 810324.0, 810324.0, 810324.0, 810324.0, 810324.0, 810324.0, 810324.0, 810324.0, 810324.0, 810324.0, 810324.0, 810324.0, 810324.0, 810324.0, 810324.0, 810324.0, 810324.0, 810324.0, 810324.0, 810324.0, 810324.0, 810324.0, 810324.0, 810324.0, 810324.0, 810324.0, 810324.0, 810324.0, 810324.0, 810324.0, 810324.0, 810324.0, 810324.0, 810324.0, 810324.0, 810324.0, 810324.0, 810324.0, 810324.0, 810324.0, 810324.0, 810324.0, 810324.0, 810324.0, 810324.0, 810324.0, 810324.0, 810324.0, 810324.0, 810324.0, 810324.0, 810324.0, 810324.0, 810324.0, 810324.0, 810324.0, 810324.0, 810324.0, 810324.0, 810324.0, 808416.5995983189, 808416.5995983189, 808416.5995983189, 808416.5995983189, 808416.5995983189, 808416.5995983189, 808416.5995983189, 808416.5995983189, 808416.5995983189, 808416.5995983189, 808416.5995983189, 808416.5995983189, 808416.5995983189, 808416.5995983189, 808416.5995983189, 808416.5995983189, 808416.5995983189, 808416.5995983189, 808416.5995983189, 808416.5995983189, 808416.5995983189, 808416.5995983189, 808416.5995983189, 808416.5995983189, 808416.5995983189, 808416.5995983189, 808416.5995983189, 808416.5995983189, 808416.5995983189, 808416.5995983189, 808416.5995983189, 808416.5995983189, 808416.5995983189, 808416.5995983189, 808416.5995983189, 808416.5995983189, 808416.5995983189, 808416.5995983189, 808416.5995983189, 808416.5995983189, 808416.5995983189, 808416.5995983189, 808373.7115803292, 808373.7115803292, 808860.4739950348, 810299.306863643, 810299.306863643, 810299.306863643, 810299.306863643, 810299.306863643, 810299.306863643, 810299.306863643, 810299.306863643, 810299.306863643, 810299.306863643, 810299.306863643, 810299.306863643, 810299.306863643, 810299.306863643, 810299.306863643, 810299.306863643, 810299.306863643, 810299.306863643, 810299.306863643, 810299.306863643, 810299.306863643, 810299.306863643, 810299.306863643, 810299.306863643, 810299.306863643, 810299.306863643, 810299.306863643, 810299.306863643, 810299.306863643, 810299.306863643, 810299.306863643, 810299.306863643, 810299.306863643, 810299.306863643, 810299.306863643, 810299.306863643, 810299.306863643, 810299.306863643, 810299.306863643, 810299.306863643, 810299.306863643, 810299.306863643, 810299.306863643, 810299.306863643, 810299.306863643, 810299.306863643, 810308.9062238411, 810308.9062238411, 810308.9062238411, 810308.9062238411, 810308.9062238411, 810308.9062238411, 810308.9062238411, 810308.9062238411, 810308.9062238411, 810308.9062238411, 810308.9062238411, 810308.9062238411, 810308.9062238411, 810308.9062238411, 810308.9062238411, 810308.9062238411, 810308.9062238411, 810308.9062238411, 810308.9062238411, 810308.9062238411, 810308.9062238411, 810308.9062238411, 810308.9062238411, 810308.9062238411, 810308.9062238411, 810308.9062238411, 810308.9062238411, 810308.9062238411, 810308.9062238411, 810308.9062238411, 810308.9062238411, 810308.9062238411, 810308.9062238411, 810324.0, 810324.0, 810324.0, 810324.0, 810324.0, 810324.0, 810324.0, 810324.0, 810324.0, 810324.0, 810324.0, 810324.0, 810324.0, 810324.0, 810324.0, 810324.0, 810324.0, 810324.0, 810324.0, 810324.0, 810324.0, 810324.0, 810324.0, 810324.0, 810324.0, 810324.0, 810324.0, 810324.0, 810324.0, 810324.0, 810324.0, 810324.0, 810324.0, 810324.0, 810324.0, 810324.0, 810324.0, 810324.0, 810324.0, 810324.0, 810324.0, 810324.0, 810324.0, 810324.0, 810324.0, 810324.0, 810324.0, 810324.0, 810324.0, 810324.0, 810324.0, 810324.0, 810324.0, 810324.0, 810324.0, 810324.0, 810324.0, 810324.0, 810324.0, 810324.0, 810324.0, 810324.0, 810324.0, 810324.0, 810324.0, 810324.0, 810324.0, 810324.0, 810324.0, 810324.0, 810324.0, 810324.0, 810324.0, 810324.0, 810324.0, 810324.0, 810324.0, 810324.0, 810324.0, 810324.0, 810324.0, 810324.0, 810324.0, 810324.0, 810324.0, 810324.0, 810324.0, 810324.0, 810324.0, 810324.0, 810324.0, 810324.0, 810324.0, 810324.0, 810324.0, 810324.0, 810324.0, 810324.0, 810324.0, 810324.0, 810324.0, 810324.0, 810324.0, 810324.0, 810324.0, 810324.0, 810324.0, 810324.0, 810324.0, 810324.0, 810324.0, 810324.0, 810324.0, 810324.0, 810324.0, 810324.0, 810324.0, 810324.0, 810324.0, 810324.0, 810324.0, 810324.0, 810324.0, 810324.0, 810324.0, 810324.0, 810324.0, 810324.0, 810324.0, 810324.0, 810324.0, 810324.0, 810324.0, 810324.0, 810324.0, 810324.0, 810324.0, 810324.0, 810324.0, 810324.0, 810324.0, 810324.0, 810324.0, 810324.0, 810324.0, 810324.0, 810324.0, 810324.0, 810324.0, 809560.5936252708, 809560.5936252708, 809560.5936252708, 809560.5936252708, 809560.5936252708, 809560.5936252708, 809560.5936252708, 809560.5936252708, 809560.5936252708, 809560.5936252708, 809560.5936252708, 809560.5936252708, 809560.5936252708, 809560.5936252708, 809560.5936252708, 809560.5936252708, 809560.5936252708, 809560.5936252708, 809560.5936252708, 809560.5936252708, 809560.5936252708, 809560.5936252708, 809560.5936252708, 809560.5936252708, 809560.5936252708, 809560.5936252708, 809560.5936252708, 809560.5936252708, 809560.5936252708, 809560.5936252708, 809560.5936252708, 809560.5936252708, 809560.5936252708, 809560.5936252708, 809560.5936252708, 809560.5936252708, 809560.5936252708, 809560.5936252708, 810324.0, 810324.0, 810324.0, 810324.0, 810324.0, 810324.0, 810324.0, 810324.0, 810324.0, 810324.0, 810324.0, 810324.0, 810324.0, 810324.0, 810324.0, 810324.0, 810324.0, 810324.0, 810324.0, 810324.0, 810324.0, 810324.0, 810324.0, 810324.0, 810324.0, 810324.0, 810324.0, 810324.0, 810324.0, 810324.0, 810324.0, 810324.0, 810324.0, 810324.0, 810324.0, 810324.0, 810324.0, 810324.0, 810324.0, 810324.0, 810324.0, 810324.0, 810324.0, 810324.0, 810324.0, 810324.0, 810324.0, 810324.0, 810324.0, 810324.0, 810324.0, 810324.0, 810324.0, 810324.0, 810324.0, 810324.0, 810324.0, 810324.0, 810324.0, 810324.0, 810324.0, 810324.0, 810324.0, 810324.0, 810324.0, 810324.0, 810324.0, 810324.0, 810324.0, 810324.0, 810324.0, 810324.0, 810324.0, 810324.0, 810324.0, 810324.0, 810324.0, 810324.0, 810324.0, 810324.0, 810324.0, 810324.0, 810324.0, 810324.0, 810324.0, 810324.0, 810324.0, 810324.0, 810324.0, 810324.0, 810324.0, 810324.0, 810324.0, 810324.0, 810324.0, 810324.0, 810324.0, 810324.0, 807749.4002368678, 807749.4002368678, 807749.4002368678, 807749.4002368678, 807749.4002368678, 807749.4002368678, 807749.4002368678, 807749.4002368678, 807749.4002368678, 807749.4002368678, 807749.4002368678, 807749.4002368678, 807749.4002368678, 807749.4002368678, 807749.4002368678, 807749.4002368678, 807749.4002368678, 807749.4002368678, 807749.4002368678, 807749.4002368678, 807749.4002368678, 807749.4002368678, 807749.4002368678, 807749.4002368678, 807749.4002368678, 807749.4002368678, 807749.4002368678, 807749.4002368678, 807749.4002368678, 807749.4002368678, 807749.4002368678, 807749.4002368678, 807749.4002368678, 807749.4002368678, 810263.6992070557, 810263.6992070557, 810324.0, 810324.0, 810324.0, 810324.0, 810324.0, 810324.0, 810324.0, 810324.0, 810324.0, 810324.0, 810324.0, 810324.0, 810324.0, 810324.0, 810324.0, 810324.0, 810324.0, 810324.0, 810324.0, 810324.0, 810324.0, 810324.0, 810324.0, 810324.0, 810324.0, 810324.0, 810324.0, 810324.0, 810324.0, 810324.0, 810324.0, 810324.0, 810324.0, 810324.0, 810324.0, 810324.0, 810324.0, 810324.0, 810324.0, 810324.0, 810324.0, 810324.0, 810324.0, 810324.0, 810324.0, 810324.0, 810324.0, 810324.0, 810324.0, 810324.0, 810324.0, 810324.0, 810324.0, 810324.0, 810324.0, 810324.0, 
12159.10753327552, 11987.342777154248, 9900.745316623377, 9900.745316623377, 8303.907610931155, 3348.17156857002, 3348.17156857002, 1364.9261072971951, 1364.9261072971951, 1364.9261072971951, 1364.9261072971951, 1364.9261072971951, 1364.9261072971951, 1364.9261072971951, 1226.3774955104648, 1226.3774955104648, 1226.3774955104648, 1226.3774955104648, 1126.295838053662, 1126.295838053662, 944.4193987700185, 810.9434752819025, 560.020677022522, 438.4213320639737, 438.4213320639737, 438.4213320639737, 339.7902109955763, 339.7902109955763, 325.51525403033486, 223.98814061026604, 223.98814061026604, 223.98814061026604, 223.98814061026604, 223.98814061026604, 193.22730933619764, 193.22730933619764, 193.22730933619764, 193.22730933619764, 135.2190555360213, 135.2190555360213, 135.2190555360213, 135.2190555360213, 135.2190555360213, 110.45171529137338, 110.45171529137338, 110.45171529137338, 110.45171529137338, 110.45171529137338, 110.45171529137338, 110.45171529137338, 83.80154996399507, 83.80154996399507, 83.80154996399507, 82.05060372991292, 82.05060372991292, 82.05060372991292, 74.43655768503994, 66.08615915738476, 43.72906329249103, 43.72906329249103, 43.72906329249103, 43.72906329249103, 43.72906329249103, 43.72906329249103, 42.23550084991467, 36.29095775111607, 26.530220379511334, 26.530220379511334, 26.530220379511334, 26.530220379511334, 26.530220379511334, 26.530220379511334, 22.830889065571675, 18.3523551180504, 16.750200125701195, 16.750200125701195, 16.750200125701195, 16.750200125701195, 16.750200125701195, 16.750200125701195, 16.750200125701195, 16.702239184358227, 16.702239184358227, 16.702239184358227, 15.309185929576493, 15.309185929576493, 14.963744222315357, 14.963744222315357, 13.447119312749962, 13.447119312749962, 13.447119312749962, 199745.0527307539, 199745.0527307539, 265496.6494292249, 265496.6494292249, 137473.8809783842, 239338.74912125955, 297877.54666851193, 341254.16227869905, 342112.5397043903, 342112.5397043903, 467424.831367148, 538412.8851083725, 549138.902927024, 549138.902927024, 549138.902927024, 601324.5748699408, 592298.1498428384, 592298.1498428384, 607160.5869473132, 624001.6790046046, 674123.6263480538, 674123.6263480538, 672291.0335835669, 737967.1232583179, 737967.1232583179, 737967.1232583179, 737967.1232583179, 771873.3353857049, 771873.3353857049, 771873.3353857049, 771873.3353857049, 779167.6305453434, 809128.5160660573, 809128.5160660573, 809128.5160660573, 809128.5160660573, 809128.5160660573, 809128.5160660573, 809128.5160660573, 809128.5160660573, 810177.2524878164, 810177.2524878164, 810290.520136859, 810324.0, 810324.0, 810324.0, 810324.0, 810324.0, 810324.0, 810324.0, 810324.0, 810324.0, 810324.0, 810324.0, 810324.0, 810324.0, 810324.0, 810324.0, 810324.0, 810324.0, 810324.0, 810324.0, 810324.0, 810324.0, 810324.0, 810324.0, 810324.0, 810324.0, 810324.0, 810324.0, 810324.0, 810324.0, 810324.0, 810324.0, 810324.0, 810324.0, 810324.0, 810324.0, 810324.0, 810324.0, 810324.0, 810324.0, 810324.0, 810324.0, 810324.0, 810324.0, 810324.0, 810324.0, 810324.0, 810324.0, 810324.0, 810324.0, 810324.0, 810324.0, 810324.0, 810324.0, 810324.0, 810324.0, 810324.0, 810324.0, 810324.0, 810324.0, 810324.0, 810324.0, 810324.0, 810324.0, 810324.0, 810324.0, 810324.0, 810324.0, 810324.0, 810324.0, 810324.0, 810324.0, 810324.0, 810324.0, 810324.0, 810324.0, 810324.0, 810324.0, 810324.0, 810324.0, 810324.0, 810324.0, 810324.0, 810324.0, 810324.0, 810324.0, 810324.0, 810324.0, 810324.0, 810324.0, 810324.0, 810324.0, 810324.0, 810324.0, 810324.0, 810324.0, 810324.0, 810324.0, 810324.0, 810324.0, 810324.0, 810324.0, 810324.0, 810324.0, 810324.0, 810324.0, 810324.0, 810324.0, 810324.0, 810324.0, 810324.0, 810324.0, 810324.0, 810324.0, 810324.0, 810324.0, 810324.0, 810324.0, 810324.0, 810324.0, 810324.0, 810324.0, 810324.0, 810324.0, 810324.0, 810324.0, 810324.0, 810324.0, 810324.0, 810324.0, 810324.0, 810324.0, 810324.0, 810324.0, 810324.0, 810324.0, 810324.0, 810324.0, 810324.0, 810324.0, 810324.0, 810324.0, 810324.0, 810324.0, 810324.0, 810324.0, 810324.0, 810324.0, 810324.0, 810324.0, 810324.0, 810324.0, 810324.0, 810324.0, 810324.0, 810324.0, 810324.0, 810324.0, 810324.0, 810324.0, 810324.0, 810324.0, 810324.0, 810324.0, 810324.0, 810324.0, 810324.0, 810324.0, 810324.0, 810324.0, 810324.0, 810324.0, 810324.0, 810324.0, 810324.0, 810324.0, 810324.0, 810324.0, 810324.0, 810324.0, 810324.0, 810324.0, 810324.0, 810324.0, 810324.0, 810324.0, 810324.0, 810324.0, 810324.0, 810324.0, 810324.0, 810324.0, 810324.0, 810324.0, 810324.0, 810324.0, 810324.0, 810324.0, 810324.0, 810324.0, 810324.0, 810324.0, 810324.0, 810324.0, 810324.0, 810324.0, 810324.0, 810324.0, 810324.0, 810324.0, 810324.0, 810324.0, 810324.0, 810324.0, 810324.0, 810324.0, 810324.0, 810324.0, 810324.0, 810324.0, 810324.0, 810324.0, 810324.0, 810324.0, 810324.0, 810324.0, 810324.0, 810324.0, 810324.0, 810324.0, 810324.0, 810324.0, 810324.0, 810324.0, 810324.0, 810324.0, 810324.0, 810324.0, 810324.0, 810324.0, 810324.0, 810324.0, 810324.0, 810324.0, 810324.0, 810324.0, 810324.0, 810324.0, 810324.0, 810324.0, 810324.0, 810324.0, 810324.0, 810324.0, 810324.0, 810324.0, 810324.0, 810324.0, 810324.0, 810324.0, 810324.0, 810324.0, 810324.0, 810324.0, 810324.0, 810324.0, 810324.0, 810324.0, 810324.0, 810324.0, 810324.0, 810324.0, 810324.0, 810324.0, 810324.0, 810324.0, 810324.0, 810324.0, 810324.0, 810324.0, 810324.0, 810324.0, 810324.0, 810324.0, 810324.0, 810324.0, 810324.0, 810324.0, 810324.0, 810324.0, 810324.0, 810324.0, 810324.0, 810324.0, 810324.0, 810324.0, 810324.0, 810324.0, 810324.0, 810324.0, 810324.0, 810324.0, 810324.0, 810324.0, 810324.0, 810324.0, 810324.0, 810324.0, 810324.0, 810324.0, 810324.0, 810324.0, 810324.0, 810324.0, 810324.0, 810324.0, 810324.0, 810324.0, 810324.0, 810324.0, 810324.0, 810324.0, 810324.0, 810324.0, 810324.0, 810324.0, 810324.0, 810324.0, 810324.0, 810324.0, 810324.0, 810324.0, 810324.0, 810324.0, 810324.0, 810324.0, 810324.0, 810324.0, 810324.0, 810324.0, 810324.0, 810324.0, 810324.0, 810324.0, 810324.0, 810324.0, 810324.0, 810324.0, 810324.0, 810324.0, 810324.0, 810324.0, 810324.0, 810324.0, 810324.0, 810324.0, 810324.0, 810324.0, 810324.0, 810324.0, 810324.0, 810324.0, 810324.0, 810324.0, 810324.0, 810324.0, 810324.0, 810324.0, 810324.0, 810324.0, 810324.0, 810324.0, 810324.0, 810324.0, 810324.0, 810324.0, 810324.0, 810324.0, 810324.0, 810324.0, 810324.0, 810324.0, 810324.0, 810324.0, 810324.0, 810324.0, 810324.0, 810324.0, 810324.0, 810324.0, 810324.0, 810324.0, 810324.0, 810324.0, 810324.0, 810324.0, 810324.0, 810324.0, 810324.0, 810324.0, 810324.0, 810324.0, 810324.0, 810324.0, 810324.0, 810324.0, 810324.0, 810324.0, 810324.0, 810324.0, 810324.0, 810324.0, 810324.0, 810324.0, 810324.0, 810324.0, 810324.0, 810324.0, 810324.0, 810324.0, 810324.0, 810324.0, 810324.0, 810324.0, 810324.0, 810324.0, 810324.0, 810324.0, 810324.0, 810324.0, 810324.0, 810324.0, 810324.0, 810324.0, 810324.0, 810324.0, 810324.0, 810324.0, 810324.0, 810324.0, 810324.0, 810324.0, 810324.0, 810324.0, 810324.0, 810324.0, 810324.0, 810324.0, 810324.0, 810324.0, 810324.0, 810324.0, 810324.0, 810324.0, 810324.0, 810324.0, 810324.0, 808587.2488000443, 808587.2488000443, 808587.2488000443, 808587.2488000443, 808587.2488000443, 808587.2488000443, 808587.2488000443, 808587.2488000443, 808587.2488000443, 808587.2488000443, 808587.2488000443, 808587.2488000443, 808587.2488000443, 808587.2488000443, 808587.2488000443, 808587.2488000443, 808587.2488000443, 808587.2488000443, 808587.2488000443, 808587.2488000443, 808587.2488000443, 808587.2488000443, 808587.2488000443, 808587.2488000443, 808587.2488000443, 808587.2488000443, 808587.2488000443, 808587.2488000443, 808587.2488000443, 808587.2488000443, 808587.2488000443, 808587.2488000443, 808336.6068731863, 810324.0, 810324.0, 810324.0, 810324.0, 810324.0, 810324.0, 810324.0, 810324.0, 810324.0, 810324.0, 810324.0, 810324.0, 810324.0, 810324.0, 810324.0, 810324.0, 810324.0, 810324.0, 810324.0, 810324.0, 810324.0, 810324.0, 810324.0, 810324.0, 810324.0, 810324.0, 810324.0, 810324.0, 810324.0, 810324.0, 810324.0, 810324.0, 810324.0, 810324.0, 810324.0, 810324.0, 810324.0, 810324.0, 810324.0, 810324.0, 810324.0, 810324.0, 810324.0, 810324.0, 810324.0, 810324.0, 810324.0, 810324.0, 810324.0, 810324.0, 810324.0, 810324.0, 810324.0, 810324.0, 810324.0, 810324.0, 810324.0, 810324.0, 807462.7982636878, 807462.7982636878, 807462.7982636878, 807462.7982636878, 807462.7982636878, 807462.7982636878, 807462.7982636878, 807462.7982636878, 807462.7982636878, 807462.7982636878, 807462.7982636878, 807462.7982636878, 807462.7982636878, 807462.7982636878, 807462.7982636878, 807462.7982636878, 807462.7982636878, 807462.7982636878, 807462.7982636878, 807462.7982636878, 807462.7982636878, 807462.7982636878, 807462.7982636878, 807462.7982636878, 807462.7982636878, 807462.7982636878, 807462.7982636878, 807462.7982636878, 807462.7982636878, 807462.7982636878, 807462.7982636878, 807462.7982636878, 807462.7982636878, 807462.7982636878, 807462.7982636878, 807462.7982636878, 807462.7982636878, 807462.7982636878, 807462.7982636878, 807462.7982636878, 807462.7982636878, 807462.7982636878, 807462.7982636878, 807462.7982636878, 807462.7982636878, 807462.7982636878, 807462.7982636878, 807462.7982636878, 807462.7982636878, 807462.7982636878, 807462.7982636878, 807462.7982636878, 807462.7982636878, 807462.7982636878, 807462.7982636878, 807462.7982636878, 807462.7982636878, 807462.7982636878, 807462.7982636878, 807462.7982636878, 807462.7982636878, 807462.7982636878, 807462.7982636878, 807462.7982636878, 807462.7982636878, 807462.7982636878, 807462.7982636878, 807462.7982636878, 807462.7982636878, 807462.7982636878, 807462.7982636878, 807462.7982636878, 807462.7982636878, 807462.7982636878, 807462.7982636878, 807462.7982636878, 807462.7982636878, 807462.7982636878, 807462.7982636878, 807462.7982636878, 810324.0, 810324.0, 810324.0, 810324.0, 810324.0, 810324.0, 810324.0, 810324.0, 810324.0, 810324.0, 810324.0, 810324.0, 810324.0, 810324.0, 810324.0, 810324.0, 810324.0, 810324.0, 810324.0, 810324.0, 810324.0, 810324.0, 810324.0, 810324.0, 810324.0, 810324.0, 810324.0, 810324.0, 810324.0, 810324.0, 810324.0, 810324.0, 810324.0, 810324.0, 810324.0, 810324.0, 810324.0, 810324.0, 810324.0, 810324.0, 810324.0, 810324.0, 810324.0, 810324.0, 810324.0, 810324.0, 810324.0, 810324.0, 810324.0, 810324.0, 810324.0, 810324.0, 810324.0, 810324.0, 810324.0, 810324.0, 810324.0, 810324.0, 810324.0, 810324.0, 810324.0, 810324.0, 810324.0, 810324.0, 810324.0, 810324.0, 810324.0, 810324.0, 810324.0, 810324.0, 810324.0, 810324.0, 810324.0, 810324.0, 810324.0, 810324.0, 810324.0, 810324.0, 810324.0, 810324.0, 810324.0, 810324.0, 810324.0, 810324.0, 810324.0, 810324.0, 810324.0, 810324.0, 810324.0, 810324.0, 810324.0, 810324.0, 810324.0, 810324.0, 810324.0, 810324.0, 810324.0, 810324.0, 810324.0, 810324.0, 810324.0, 810324.0, 810324.0, 810324.0, 810324.0, 810324.0, 810324.0, 810324.0, 810324.0, 810324.0, 810324.0, 810324.0, 810324.0, 810324.0, 810324.0, 810324.0, 810324.0, 810324.0, 810324.0, 810324.0, 810324.0, 810324.0, 810324.0, 810324.0, 810324.0, 810324.0, 810324.0, 810324.0, 810324.0, 810324.0, 810324.0, 810324.0, 810324.0, 810324.0, 810324.0, 810324.0, 810324.0, 810324.0, 810324.0, 810324.0, 810324.0, 810324.0, 810324.0, 810324.0, 810324.0, 810324.0, 810324.0, 810324.0, 810324.0, 810324.0, 810324.0, 810324.0, 810324.0, 810324.0, 810324.0, 810324.0, 810324.0, 810324.0, 810324.0, 810324.0, 810324.0, 810324.0, 810324.0, 810324.0, 810324.0, 810324.0, 810324.0, 810324.0, 810324.0, 810324.0, 810324.0, 810324.0, 810324.0, 810324.0, 810324.0, 810324.0, 810324.0, 810324.0, 810324.0, 810324.0, 810324.0, 810324.0, 810324.0, 810324.0, 810324.0, 810324.0, 810324.0, 810324.0, 810324.0, 810324.0, 810324.0, 810324.0, 801253.2534010379, 801253.2534010379, 801253.2534010379, 801253.2534010379, 801253.2534010379, 801253.2534010379, 801253.2534010379, 801253.2534010379, 801253.2534010379, 801253.2534010379, 801253.2534010379, 801253.2534010379, 801253.2534010379, 801253.2534010379, 801253.2534010379, 801253.2534010379, 801253.2534010379, 801253.2534010379, 801253.2534010379, 801253.2534010379, 801253.2534010379, 801253.2534010379, 801253.2534010379, 801253.2534010379, 801253.2534010379, 801253.2534010379, 801253.2534010379, 801253.2534010379, 801253.2534010379, 801253.2534010379, 801253.2534010379, 801253.2534010379, 801253.2534010379, 801253.2534010379, 801253.2534010379, 801253.2534010379, 808101.888472846, 808101.888472846, 808101.888472846, 810324.0, 810324.0, 810324.0, 810324.0, 810324.0, 810324.0, 810324.0, 805406.0946174713, 805406.0946174713, 805406.0946174713, 805406.0946174713, 805406.0946174713, 805406.0946174713, 805406.0946174713, 805406.0946174713, 805406.0946174713, 805406.0946174713, 805406.0946174713, 805406.0946174713, 805406.0946174713, 805406.0946174713, 805406.0946174713, 805406.0946174713, 805406.0946174713, 805406.0946174713, 805406.0946174713, 805406.0946174713, 805406.0946174713, 805406.0946174713, 805406.0946174713, 805406.0946174713, 805406.0946174713, 808288.5317936108, 808288.5317936108, 808288.5317936108, 808288.5317936108, 808288.5317936108, 808288.5317936108, 808288.5317936108, 808288.5317936108, 808288.5317936108, 808288.5317936108, 808288.5317936108, 808288.5317936108, 810324.0, 810324.0, 810324.0, 810324.0, 810324.0, 810324.0, 810324.0, 810324.0, 810324.0, 810324.0, 810324.0, 810324.0, 810324.0, 810324.0, 810324.0, 810324.0, 810324.0, 810324.0, 810324.0, 810324.0, 810324.0, 810324.0, 810324.0, 810324.0, 810324.0, 810324.0, 810324.0, 810324.0, 810324.0, 810324.0, 810324.0, 810324.0, 810324.0, 810324.0, 810324.0, 810324.0, 810324.0, 810324.0, 810324.0, 810324.0, 810324.0, 810324.0, 810324.0, 810324.0, 810324.0, 810324.0, 810324.0, 810324.0, 810324.0, 810324.0, 810324.0, 810324.0, 810324.0, 810324.0, 810324.0, 810324.0, 810324.0, 810324.0, 810324.0, 810324.0, 810324.0, 810324.0, 810324.0, 810324.0, 810324.0, 810324.0, 810324.0, 810324.0, 810324.0, 810324.0, 810324.0, 810324.0, 810324.0, 810324.0, 810324.0, 810324.0, 810324.0, 810324.0, 810324.0, 810324.0, 810324.0, 810324.0, 810324.0, 810324.0, 810324.0, 810324.0, 810324.0, 810324.0, 810324.0, 810324.0, 810324.0, 810324.0, 810324.0, 810324.0, 810324.0, 810324.0, 810324.0, 810324.0, 810324.0, 810324.0, 810324.0, 810324.0, 810324.0, 810324.0, 810324.0, 810324.0, 810324.0, 810324.0, 810324.0, 810324.0, 810324.0, 810324.0, 810324.0, 810324.0, 810324.0, 810324.0, 810324.0, 810324.0, 810324.0, 810324.0, 810324.0, 810324.0, 810324.0, 810324.0, 810324.0, 810324.0, 810324.0, 810324.0, 810324.0, 810324.0, 810324.0, 810324.0, 810324.0, 810324.0, 810324.0, 810324.0, 810324.0, 810324.0, 810324.0, 810324.0, 810324.0, 810324.0, 810324.0, 810324.0, 810324.0, 810324.0, 810324.0, 810324.0, 810324.0, 810324.0, 810324.0, 810324.0, 810324.0, 810324.0, 810324.0, 810324.0, 810324.0, 810324.0, 810324.0, 810324.0, 810324.0, 810324.0, 810324.0, 810324.0, 810324.0, 810324.0, 810324.0, 810324.0, 810324.0, 810324.0, 810324.0, 810324.0, 810324.0, 810324.0, 810324.0, 810324.0, 810324.0, 810324.0, 810324.0, 810324.0, 810324.0, 810324.0, 810324.0, 810324.0, 810324.0, 810324.0, 810324.0, 810324.0, 810324.0, 810324.0, 810324.0, 810324.0, 810324.0, 810324.0, 810324.0, 810324.0, 810324.0, 810324.0, 810324.0, 810324.0, 810324.0, 810324.0, 810324.0, 810324.0, 810324.0, 810324.0, 810324.0, 810324.0, 810324.0, 810324.0, 810324.0, 810324.0, 810324.0, 810324.0, 810324.0, 810324.0, 810324.0, 810324.0, 810324.0, 810324.0, 810324.0, 810324.0, 810324.0, 810324.0, 810324.0, 810324.0, 810324.0, 810324.0, 810324.0, 810324.0, 810324.0, 810324.0, 810324.0, 810324.0, 810324.0, 810324.0, 810324.0, 810324.0, 810324.0, 810324.0, 810324.0, 810324.0, 810324.0, 810324.0, 810324.0, 810324.0, 810324.0, 810324.0, 810324.0, 810324.0, 810324.0, 810324.0, 810324.0, 810324.0, 810324.0, 810324.0, 810324.0, 810324.0, 810324.0, 810324.0, 810324.0, 810324.0, 810324.0, 810324.0, 810324.0, 810324.0, 810324.0, 810324.0, 810324.0, 810324.0, 810324.0, 810324.0, 810324.0, 810324.0, 810324.0, 810324.0, 810324.0, 810324.0, 810324.0, 810324.0, 810324.0, 810324.0, 810324.0, 810324.0, 810324.0, 810324.0, 810324.0, 810324.0, 810324.0, 810324.0, 810324.0, 810324.0, 810324.0, 810324.0, 810324.0, 810324.0, 810324.0, 810324.0, 810324.0, 810324.0, 810324.0, 810324.0, 810324.0, 810324.0, 810324.0, 810324.0, 810324.0, 810324.0, 810324.0, 810324.0, 810324.0, 810324.0, 810324.0, 810324.0, 810324.0, 810324.0, 810324.0, 810324.0, 810324.0, 810324.0, 810324.0, 810324.0, 810324.0, 810324.0, 810324.0, 810324.0, 810324.0, 810324.0, 810324.0, 810324.0, 810324.0, 810324.0, 810324.0, 810324.0, 810324.0, 810324.0, 810324.0, 810324.0, 810324.0, 810324.0, 810324.0, 810324.0, 810324.0, 810324.0, 810324.0, 810324.0, 810324.0, 810324.0, 810324.0, 810324.0, 810324.0, 810324.0, 810324.0, 810324.0, 810324.0, 810324.0, 810324.0, 810324.0, 810324.0, 810324.0, 810324.0, 810324.0, 810324.0, 810324.0, 810324.0, 810324.0, 810324.0, 810324.0, 810324.0, 810324.0, 810324.0, 810324.0, 810324.0, 810324.0, 810324.0, 810324.0, 810324.0, 810324.0, 810324.0, 810324.0, 810324.0, 810324.0, 810324.0, 810324.0, 810324.0, 810324.0, 810324.0, 810324.0, 810324.0, 810324.0, 810324.0, 810324.0, 810324.0, 810324.0, 810324.0, 810324.0, 810324.0, 810324.0, 810324.0, 810324.0, 810324.0, 810324.0, 810324.0, 810324.0, 810324.0, 810324.0, 810324.0, 810324.0, 810324.0, 810324.0, 810324.0, 810324.0, 810324.0, 810324.0, 810324.0, 810324.0, 810324.0, 810324.0, 810324.0, 810324.0, 810324.0, 810324.0, 810324.0, 810324.0, 810324.0, 810324.0, 810324.0, 810324.0, 810324.0, 810324.0, 810324.0, 810324.0, 810324.0, 810324.0, 810324.0, 810324.0, 810324.0, 810324.0, 810324.0, 810324.0, 810324.0, 810324.0, 810324.0, 810324.0, 810324.0, 810324.0, 810324.0, 810324.0, 810324.0, 810324.0, 810324.0, 810324.0, 810324.0, 810324.0, 810324.0, 810324.0, 810324.0, 810324.0, 810324.0, 810324.0, 810324.0, 810324.0, 810324.0, 810324.0, 810324.0, 810324.0, 810324.0, 810324.0, 810324.0, 810324.0, 810324.0, 810324.0, 810324.0, 810324.0, 810324.0, 810324.0, 810324.0, 810324.0, 810324.0, 810324.0, 810324.0, 810324.0, 810324.0, 810324.0, 810324.0, 810324.0, 810324.0, 810324.0, 810324.0, 810324.0, 810324.0, 810324.0, 810324.0, 810324.0, 810324.0, 810324.0, 810324.0, 810324.0, 810324.0, 810324.0, 810324.0, 810324.0, 810324.0, 810324.0, 810324.0, 810324.0, 810324.0, 810324.0, 810324.0, 810324.0, 810324.0, 810324.0, 810324.0, 810324.0, 810324.0, 810324.0, 810324.0, 810324.0, 810324.0, 810324.0, 810324.0, 810324.0, 810324.0, 810324.0, 810324.0, 810324.0, 810324.0, 810324.0, 810324.0, 810324.0, 810324.0, 810324.0, 810324.0, 810324.0, 810324.0, 810324.0, 810324.0, 810324.0, 810324.0, 810324.0, 810324.0, 810324.0, 810324.0, 810324.0, 810324.0, 810324.0, 810324.0, 810324.0, 810324.0, 810324.0, 810324.0, 810324.0, 810324.0, 810324.0, 810324.0, 810324.0, 810324.0, 810324.0, 810324.0, 810324.0, 810324.0, 810324.0, 810324.0, 810324.0, 810324.0, 810324.0, 810324.0, 810324.0, 810324.0, 810324.0, 810324.0, 810324.0, 810324.0, 810324.0, 810324.0, 810324.0, 810324.0, 810324.0, 810324.0, 810324.0, 810324.0, 810324.0, 810324.0, 810324.0, 810324.0, 810324.0, 810324.0, 810324.0, 810324.0, 810324.0, 810324.0, 810324.0, 810324.0, 810324.0, 810324.0, 810324.0, 810324.0, 810324.0, 810324.0, 810324.0, 810324.0, 810324.0, 810324.0, 810324.0, 810324.0, 810324.0, 810324.0, 810324.0, 810324.0, 810324.0, 810324.0, 810324.0, 810324.0, 810324.0, 810324.0, 810324.0, 810324.0, 810324.0, 810324.0, 810324.0, 810324.0, 810324.0, 810324.0, 810324.0, 810324.0, 810324.0, 810324.0, 810324.0, 810324.0, 810324.0, 810324.0, 810324.0, 810324.0, 810324.0, 810324.0, 810324.0, 810324.0, 810324.0, 810324.0, 810324.0, 810324.0, 810324.0, 810324.0, 810324.0, 810324.0, 810324.0, 810324.0, 810324.0, 810324.0, 810324.0, 810324.0, 810324.0, 810324.0, 810324.0, 810324.0, 810324.0, 810324.0, 810324.0, 810324.0, 810324.0, 810324.0, 810324.0, 810324.0, 810324.0, 810324.0, 810324.0, 810324.0, 810324.0, 810324.0, 810324.0, 810324.0, 810324.0, 810324.0, 810324.0, 810324.0, 810324.0, 810324.0, 810324.0, 810324.0, 810324.0, 810324.0, 810324.0, 810324.0, 810324.0, 810324.0, 810324.0, 810324.0, 810324.0, 810324.0, 810324.0, 810324.0, 810324.0, 810324.0, 810324.0, 810324.0, 810324.0, 810324.0, 810324.0, 810324.0, 810324.0, 810324.0, 810324.0, 810324.0, 810324.0, 810324.0, 810324.0, 810324.0, 810324.0, 810324.0, 810324.0, 810324.0, 810324.0, 810324.0, 810324.0, 810324.0, 810324.0, 810324.0, 810324.0, 810324.0, 810324.0, 810324.0, 810324.0, 810324.0, 810324.0, 810324.0, 810324.0, 810324.0, 810324.0, 810324.0, 810324.0, 810324.0, 810324.0, 810324.0, 810324.0, 810324.0, 810324.0, 810324.0, 810324.0, 810324.0, 810324.0, 810324.0, 810324.0, 810324.0, 810324.0, 810324.0, 810324.0, 810324.0, 810324.0, 810324.0, 810324.0, 810324.0, 810324.0, 810324.0, 810324.0, 810324.0, 810324.0, 810324.0, 810324.0, 810324.0, 810324.0, 810324.0, 810324.0, 810324.0, 810324.0, 810324.0, 810324.0, 810324.0, 810324.0, 810324.0, 810324.0, 810324.0, 810324.0, 810324.0, 810324.0, 810324.0, 810324.0, 810324.0, 810324.0, 810324.0, 810324.0, 810324.0, 810324.0, 810324.0, 810324.0, 810324.0, 810324.0, 810324.0, 810324.0, 810324.0, 810324.0, 810324.0, 810324.0, 810324.0, 810324.0, 810324.0, 810324.0, 810324.0, 810324.0, 810324.0, 810324.0, 810324.0, 810324.0, 810324.0, 810324.0, 810324.0, 810324.0, 810324.0, 810324.0, 810324.0, 810324.0, 810324.0, 810324.0, 810324.0, 810324.0, 810324.0, 810324.0, 810324.0, 810324.0, 810324.0, 810324.0, 810324.0, 810324.0, 810324.0, 810324.0, 810324.0, 790967.6365755416, 790967.6365755416, 790967.6365755416, 790967.6365755416, 790967.6365755416, 790967.6365755416, 790967.6365755416, 790967.6365755416, 790967.6365755416, 790967.6365755416, 790967.6365755416, 790967.6365755416, 790967.6365755416, 790967.6365755416, 790967.6365755416, 790967.6365755416, 790967.6365755416, 790967.6365755416, 790967.6365755416, 790967.6365755416, 790967.6365755416, 790967.6365755416, 790967.6365755416, 790967.6365755416, 790967.6365755416, 790967.6365755416, 790967.6365755416, 790967.6365755416, 790967.6365755416, 790967.6365755416, 790967.6365755416, 790967.6365755416, 794886.8752079546, 794886.8752079546, 798540.4604654431, 810324.0, 810324.0, 810324.0, 810324.0, 810324.0, 810324.0, 810324.0, 810324.0, 810324.0, 810324.0, 810324.0, 810324.0, 810324.0, 810324.0, 810324.0, 810324.0, 810324.0, 810324.0, 810324.0, 810324.0, 810324.0, 810324.0, 810324.0, 810324.0, 810324.0, 810324.0, 810324.0, 810324.0, 810324.0, 810324.0, 810324.0, 810324.0, 810324.0, 810324.0, 810324.0, 810324.0, 810324.0, 810324.0, 810324.0, 810324.0, 810324.0, 810324.0, 810324.0, 810324.0, 810324.0, 810324.0, 810324.0, 810324.0, 810324.0, 810324.0, 810324.0, 810324.0, 810324.0, 810324.0, 810324.0, 810324.0, 810324.0, 810324.0, 810324.0, 810324.0, 810324.0, 810324.0, 810324.0, 810324.0, 810324.0, 810324.0, 810324.0, 810324.0, 810324.0, 810324.0, 810324.0, 810324.0, 810324.0, 810324.0, 810324.0, 810324.0, 810324.0, 810324.0, 810324.0, 810324.0, 810324.0, 810324.0, 810324.0, 810324.0, 810324.0, 810324.0, 810324.0, 810324.0, 810324.0, 810324.0, 810324.0, 810324.0, 810324.0, 810324.0, 810324.0, 810324.0, 810324.0, 810324.0, 810324.0, 810324.0, 810324.0, 810324.0, 810324.0, 810324.0, 810324.0, 810324.0, 810324.0, 810324.0, 810324.0, 810324.0, 810324.0, 810324.0, 810324.0, 810324.0, 810324.0, 810324.0, 810324.0, 810324.0, 810324.0, 810324.0, 810324.0, 810324.0, 810324.0, 810324.0, 810324.0, 810324.0, 810324.0, 810324.0, 810324.0, 810324.0, 810324.0, 810324.0, 810324.0, 810324.0, 810324.0, 810324.0, 810324.0, 810324.0, 810324.0, 810324.0, 810324.0, 810324.0, 810324.0, 810324.0, 810324.0, 810324.0, 810324.0, 810324.0, 810324.0, 810324.0, 810324.0, 810324.0, 810324.0, 810324.0, 810324.0, 810324.0, 810324.0, 810324.0, 810324.0, 810324.0, 810324.0, 810324.0, 810324.0, 810324.0, 810324.0, 810324.0, 810324.0, 810324.0, 810324.0, 810324.0, 810324.0, 810324.0, 810324.0, 810324.0, 810324.0, 810324.0, 810324.0, 810324.0, 810324.0, 810324.0, 810324.0, 810324.0, 810324.0, 810324.0, 810324.0, 810324.0, 810324.0, 810324.0, 810324.0, 810324.0, 810324.0, 810324.0, 810324.0, 810324.0, 810324.0, 810324.0, 810324.0, 810324.0, 810324.0, 810324.0, 810324.0, 810324.0, 810324.0, 810324.0, 810324.0, 810324.0, 810324.0, 810324.0, 810324.0, 810324.0, 810324.0, 810324.0, 810324.0, 810324.0, 810324.0, 810324.0, 810324.0, 810324.0, 810324.0, 810324.0, 810324.0, 810324.0, 810324.0, 810324.0, 810324.0, 810324.0, 810324.0, 810324.0, 810324.0, 810324.0, 810324.0, 810324.0, 810324.0, 810324.0, 810324.0, 810324.0, 810324.0, 810324.0, 810324.0, 810324.0, 810324.0, 810324.0, 810324.0, 810324.0, 810324.0, 810324.0, 810324.0, 810324.0, 810324.0, 810324.0, 810324.0, 810324.0, 810324.0, 810324.0, 810324.0, 810324.0, 810324.0, 810324.0, 810324.0, 810324.0, 810324.0, 810324.0, 810324.0, 810324.0, 810324.0, 810324.0, 810324.0, 810324.0, 810324.0, 810324.0, 810324.0, 810324.0, 810324.0, 810324.0, 810324.0, 810324.0, 810324.0, 810324.0, 810324.0, 810324.0, 810324.0, 810324.0, 810324.0, 810324.0, 810324.0, 810324.0, 810324.0, 810324.0, 810324.0, 810324.0, 810324.0, 810324.0, 810324.0, 810324.0, 810324.0, 810324.0, 810324.0, 810324.0, 810324.0, 810324.0, 810324.0, 810324.0, 810324.0, 810324.0, 810324.0, 810324.0, 810324.0, 810324.0, 810324.0, 810324.0, 810324.0, 810324.0, 810324.0, 810324.0, 810324.0, 810324.0, 810324.0, 810324.0, 810324.0, 810324.0, 810324.0, 810324.0, 810324.0, 810324.0, 810324.0, 810324.0, 810324.0, 810324.0, 810324.0, 810324.0, 810324.0, 810324.0, 810324.0, 810324.0, 810324.0, 810324.0, 810324.0, 810324.0, 810324.0, 810324.0, 810324.0, 810324.0, 810324.0, 810324.0, 810324.0, 810324.0, 810324.0, 810324.0, 810324.0, 810324.0, 810324.0, 810324.0, 810324.0, 810324.0, 810324.0, 810324.0, 810324.0, 810324.0, 810324.0, 810324.0, 810324.0, 810324.0, 810324.0, 810324.0, 810324.0, 810324.0, 810324.0, 810324.0, 810324.0, 810324.0, 810324.0, 810324.0, 810324.0, 810324.0, 810324.0, 810324.0, 810324.0, 810324.0, 810324.0, 810324.0, 810324.0, 810324.0, 810324.0, 810324.0, 810324.0, 810324.0, 810324.0, 810324.0, 810324.0, 810324.0, 810324.0, 810324.0, 810324.0, 810324.0, 810324.0, 810324.0, 810324.0, 810324.0, 810324.0, 810324.0, 810324.0, 810324.0, 810324.0, 810324.0, 810324.0, 810324.0, 810324.0, 810324.0, 810324.0, 810324.0, 810324.0, 810324.0, 810324.0, 810324.0, 810324.0, 810324.0, 810324.0, 810324.0, 810324.0, 810324.0, 810324.0, 810324.0, 810324.0, 810324.0, 810324.0, 810324.0, 810324.0, 810324.0, 810324.0, 810324.0, 810324.0, 810324.0, 810324.0, 810324.0, 810324.0, 810324.0, 810324.0, 810324.0, 810324.0, 810324.0, 810324.0, 810324.0, 810324.0, 810324.0, 810324.0, 810324.0, 810324.0, 810324.0, 810324.0, 810324.0, 810324.0, 810324.0, 810324.0, 810324.0, 810324.0, 810324.0, 810324.0, 810324.0, 810324.0, 810324.0, 810324.0, 810324.0, 810324.0, 810324.0, 810324.0, 810324.0, 810324.0, 810324.0, 810324.0, 810324.0, 810324.0, 810324.0, 810324.0, 810324.0, 810324.0, 810324.0, 810324.0, 810324.0, 810324.0, 810324.0, 810324.0, 810324.0, 810324.0, 810324.0, 810324.0, 810324.0, 810324.0, 810324.0, 810324.0, 810324.0, 810324.0, 810324.0, 810324.0, 810324.0, 810324.0, 810324.0, 810324.0, 810324.0, 810324.0, 810324.0, 810324.0, 810324.0, 810324.0, 810324.0, 810324.0, 810324.0, 810324.0, 810324.0, 810324.0, 810324.0, 810324.0, 810324.0, 810324.0, 810324.0, 810324.0, 810324.0, 810324.0, 810324.0, 810324.0, 810324.0, 810324.0, 810324.0, 810324.0, 810324.0, 810324.0, 810324.0, 810324.0, 810324.0, 810324.0, 810324.0, 810324.0, 810324.0, 810324.0, 810324.0, 810324.0, 810324.0, 810324.0, 810324.0, 810324.0, 810324.0, 810324.0, 810324.0, 810324.0, 810324.0, 810324.0, 810324.0, 810324.0, 810324.0, 810324.0, 810324.0, 810324.0, 810324.0, 810324.0, 810324.0, 810324.0, 810324.0, 810324.0, 810324.0, 810324.0, 810324.0, 810324.0, 810324.0, 810324.0, 810324.0, 810324.0, 810324.0, 810324.0, 810324.0, 810324.0, 810324.0, 810324.0, 810324.0, 810324.0, 810324.0, 810324.0, 810324.0, 810324.0, 810324.0, 810324.0, 810324.0, 810324.0, 810324.0, 810324.0, 810324.0, 810324.0, 810324.0, 810324.0, 810324.0, 810324.0, 810324.0, 810324.0, 810324.0, 810324.0, 810324.0, 810324.0, 810324.0, 810324.0, 810324.0, 810324.0, 810324.0, 810324.0, 810324.0, 810324.0, 810324.0, 810324.0, 810324.0, 810324.0, 810324.0, 810324.0, 810324.0, 810324.0, 810324.0, 810324.0, 810324.0, 810324.0, 810324.0, 810324.0, 810324.0, 810324.0, 810324.0, 810324.0, 810324.0, 810324.0, 810324.0, 810324.0, 810324.0, 810324.0, 810324.0, 810324.0, 810324.0, 810324.0, 810324.0, 810324.0, 810324.0, 810324.0, 810324.0, 810324.0, 810324.0, 810324.0, 810324.0, 810324.0, 810324.0, 810324.0, 810324.0, 810324.0, 810324.0, 810324.0, 810324.0, 810324.0, 810324.0, 810324.0, 810324.0, 810324.0, 810324.0, 810324.0, 810324.0, 810324.0, 810324.0, 810324.0, 810324.0, 810324.0, 810324.0, 810324.0, 810324.0, 810324.0, 810324.0, 810324.0, 810324.0, 810324.0, 810324.0, 810324.0, 810324.0, 810324.0, 810324.0, 810324.0, 810324.0, 810324.0, 810324.0, 810324.0, 810324.0, 810324.0, 810324.0, 810324.0, 810324.0, 810324.0, 810324.0, 810324.0, 810324.0, 810324.0, 810324.0, 810324.0, 810324.0, 810324.0, 810324.0, 810324.0, 810324.0, 810324.0, 810324.0, 810324.0, 810324.0, 810324.0, 810324.0, 810324.0, 810324.0, 810324.0, 810324.0, 810324.0, 810324.0, 810324.0, 810324.0, 810324.0, 810324.0, 810324.0, 810324.0, 810324.0, 810324.0, 810324.0, 810324.0, 810324.0, 810324.0, 810324.0, 810324.0, 810324.0, 810324.0, 810324.0, 810324.0, 810324.0, 810324.0, 810324.0, 810324.0, 810324.0, 810324.0, 810324.0, 810324.0, 810324.0, 810324.0, 810324.0, 810324.0, 810324.0, 810324.0, 810324.0, 810324.0, 810324.0, 810324.0, 810324.0, 810324.0, 810324.0, 810324.0, 810324.0, 810324.0, 810324.0, 810324.0, 810324.0, 810324.0, 810324.0, 810324.0, 810324.0, 810324.0, 810324.0, 810324.0, 810324.0, 810324.0, 810324.0, 810324.0, 810324.0, 810324.0, 810324.0, 810324.0, 810324.0, 810324.0, 810324.0, 810324.0, 810324.0, 810324.0, 810324.0, 810324.0, 810324.0, 810324.0, 810324.0, 810324.0, 810324.0, 810324.0, 810324.0, 810324.0, 810324.0, 810324.0, 810324.0, 810324.0, 810324.0, 810324.0, 810324.0, 810324.0, 810324.0, 810324.0, 810324.0, 810324.0, 810324.0, 810324.0, 810324.0, 810324.0, 810324.0, 810324.0, 810324.0, 810324.0, 810324.0, 810324.0, 810324.0, 810324.0, 810324.0, 810324.0, 810324.0, 810324.0, 810324.0, 810324.0, 810324.0, 810324.0, 810324.0, 810324.0, 810324.0, 810324.0, 810324.0, 810324.0, 810324.0, 810324.0, 810324.0, 810324.0, 810324.0, 810324.0, 810324.0, 810324.0, 810324.0, 810324.0, 810324.0, 810324.0, 810324.0, 810324.0, 810324.0, 810324.0, 810324.0, 810324.0, 810324.0, 810324.0, 810324.0, 810324.0, 810324.0, 810324.0, 810324.0, 810324.0, 810324.0, 810324.0, 810324.0, 810324.0, 810324.0, 810324.0, 810324.0, 810324.0, 810324.0, 810324.0, 810324.0, 810324.0, 810324.0, 810324.0, 810324.0, 810324.0, 810324.0, 810324.0, 810324.0, 810324.0, 810324.0, 810324.0, 810324.0, 810324.0, 810324.0, 810324.0, 806782.07551525, 806782.07551525, 806782.07551525, 806782.07551525, 806782.07551525, 806782.07551525, 806782.07551525, 806782.07551525, 806782.07551525, 806782.07551525, 806782.07551525, 806782.07551525, 806782.07551525, 806782.07551525, 806782.07551525, 806782.07551525, 806782.07551525, 806782.07551525, 806782.07551525, 806782.07551525, 806782.07551525, 806782.07551525, 806782.07551525, 806782.07551525, 806782.07551525, 806782.07551525, 806782.07551525, 806782.07551525, 806782.07551525, 806782.07551525, 806782.07551525, 806782.07551525, 809442.7638811471, 809442.7638811471, 809442.7638811471, 810324.0, 810324.0, 810324.0, 810324.0, 810324.0, 810324.0, 810324.0, 810324.0, 810324.0, 810324.0, 810324.0, 810324.0, 810324.0, 810324.0, 810324.0, 810324.0, 810324.0, 810324.0, 810324.0, 810324.0, 810324.0, 810324.0, 810324.0, 810324.0, 810324.0, 810324.0, 810324.0, 810324.0, 810324.0, 810324.0, 810324.0, 810324.0, 810324.0, 810324.0, 810324.0, 810324.0, 810324.0, 810324.0, 810324.0, 810324.0, 810324.0, 810324.0, 810324.0, 810324.0, 810324.0, 810324.0, 810324.0, 810324.0, 810324.0, 810324.0, 810324.0, 810324.0, 810324.0, 810324.0, 810324.0, 810324.0, 810324.0, 810324.0, 810324.0, 810324.0, 810324.0, 810324.0, 810324.0, 810324.0, 810324.0, 810324.0, 810324.0, 810324.0, 810324.0, 810324.0, 810324.0, 810324.0, 810324.0, 810324.0, 810324.0, 810324.0, 810324.0, 810324.0, 810324.0, 810324.0, 810324.0, 810324.0, 810324.0, 810324.0, 810324.0, 810324.0, 810324.0, 810324.0, 810324.0, 810324.0, 810324.0, 810324.0, 810324.0, 810324.0, 810324.0, 810324.0, 810324.0, 810324.0, 810324.0, 810324.0, 810324.0, 810324.0, 810324.0, 810324.0, 810324.0, 810324.0, 810324.0, 810324.0, 810324.0, 810324.0, 810324.0, 810324.0, 810324.0, 810324.0, 810324.0, 810324.0, 810324.0, 810324.0, 810324.0, 810324.0, 810324.0, 810324.0, 810324.0, 810324.0, 810324.0, 810324.0, 810324.0, 810324.0, 810324.0, 810324.0, 810324.0, 810324.0, 810324.0, 810324.0, 810324.0, 810324.0, 810324.0, 810324.0, 810324.0, 810324.0, 810324.0, 810324.0, 810324.0, 810324.0, 810324.0, 810324.0, 809502.836902397, 809502.836902397, 809502.836902397, 809502.836902397, 809502.836902397, 809502.836902397, 809502.836902397, 809502.836902397, 809502.836902397, 809502.836902397, 809502.836902397, 809502.836902397, 809502.836902397, 809502.836902397, 809502.836902397, 809502.836902397, 809502.836902397, 809502.836902397, 809502.836902397, 809502.836902397, 809502.836902397, 809502.836902397, 809502.836902397, 809502.836902397, 809502.836902397, 809502.836902397, 809502.836902397, 809502.836902397, 809502.836902397, 809502.836902397, 809502.836902397, 809502.836902397, 809502.836902397, 809502.836902397, 809502.836902397, 809502.836902397, 809502.836902397, 810324.0, 810324.0, 810324.0, 810324.0, 810324.0, 810324.0, 810324.0, 810324.0, 810324.0, 808556.7813836724, 808556.7813836724, 808556.7813836724, 808556.7813836724, 808556.7813836724, 808556.7813836724, 808556.7813836724, 808556.7813836724, 808556.7813836724, 808556.7813836724, 808556.7813836724, 808556.7813836724, 808556.7813836724, 808556.7813836724, 808556.7813836724, 808556.7813836724, 808556.7813836724, 808556.7813836724, 808556.7813836724, 808556.7813836724, 808556.7813836724, 808556.7813836724, 808556.7813836724, 808556.7813836724, 808556.7813836724, 808556.7813836724, 808556.7813836724, 808556.7813836724, 808556.7813836724, 808556.7813836724, 808556.7813836724, 808556.7813836724, 808556.7813836724, 808556.7813836724, 809622.3123987108, 809622.3123987108, 809622.3123987108, 809622.3123987108, 809622.3123987108, 809622.3123987108, 809622.3123987108, 809622.3123987108, 810111.4798347817, 810111.4798347817, 810229.7395035326, 810229.7395035326, 810229.7395035326, 810229.7395035326, 810229.7395035326, 810229.7395035326, 810229.7395035326, 810229.7395035326, 810229.7395035326, 810229.7395035326, 810229.7395035326, 810229.7395035326, 810229.7395035326, 810229.7395035326, 810229.7395035326, 810229.7395035326, 810229.7395035326, 810229.7395035326, 810229.7395035326, 810229.7395035326, 810229.7395035326, 810229.7395035326, 810229.7395035326, 810229.7395035326, 810229.7395035326, 810229.7395035326, 810229.7395035326, 810229.7395035326, 810324.0, 810324.0, 810324.0, 810324.0, 810324.0, 810324.0, 810324.0, 810324.0, 810324.0, 810324.0, 810324.0, 810324.0, 810324.0, 810324.0, 810324.0, 810324.0, 810324.0, 810324.0, 810324.0, 810324.0, 810324.0, 810324.0, 810324.0, 810324.0, 810324.0, 810324.0, 810324.0, 810324.0, 810324.0, 810324.0, 810324.0, 810324.0, 810324.0, 810324.0, 810324.0, 810324.0, 810324.0, 810324.0, 810324.0, 810324.0, 810324.0, 810324.0, 810324.0, 810324.0, 810324.0, 810324.0, 810324.0, 810324.0, 810324.0, 810324.0, 810324.0, 810324.0, 810324.0, 810324.0, 810324.0, 810324.0, 810324.0, 810324.0, 810324.0, 810324.0, 810324.0, 810324.0, 810324.0, 810324.0, 810324.0, 810324.0, 810324.0, 810324.0, 810324.0, 810324.0, 810324.0, 810324.0, 810324.0, 810324.0, 810324.0, 810324.0, 810324.0, 810324.0, 810324.0, 810324.0, 810324.0, 810324.0, 810324.0, 810324.0, 810324.0, 810324.0, 810324.0, 810324.0, 810324.0, 810324.0, 810324.0, 810324.0, 810324.0, 810324.0, 810324.0, 810324.0, 810324.0, 810324.0, 810324.0, 810324.0, 810324.0, 810324.0, 810324.0, 810324.0, 810324.0, 810324.0, 810324.0, 810324.0, 810324.0, 810324.0, 810324.0, 810324.0, 810324.0, 810324.0, 810324.0, 810324.0, 810324.0, 810324.0, 810324.0, 810324.0, 810324.0, 810324.0, 810324.0, 810324.0, 810324.0, 810324.0, 810324.0, 810324.0, 810324.0, 810324.0, 810324.0, 810324.0, 810324.0, 810324.0, 810324.0, 810324.0, 810324.0, 810324.0, 810324.0, 810324.0, 810324.0, 810324.0, 810324.0, 810324.0, 810324.0, 810324.0, 810324.0, 810324.0, 810324.0, 810324.0, 810324.0, 810324.0, 810324.0, 810324.0, 810324.0, 810324.0, 810324.0, 810324.0, 810324.0, 810324.0, 810324.0, 810324.0, 810324.0, 810324.0, 810324.0, 810324.0, 810324.0, 810324.0, 810324.0, 810324.0, 810324.0, 810324.0, 810324.0, 810324.0, 810324.0, 810324.0, 810324.0, 810324.0, 810324.0, 810324.0, 810324.0, 810324.0, 810324.0, 810324.0, 810324.0, 810324.0, 810324.0, 810324.0, 810324.0, 810324.0, 810324.0, 810324.0, 810324.0, 810324.0, 810324.0, 810324.0, 810324.0, 810324.0, 810324.0, 810324.0, 810324.0, 810324.0, 810324.0, 810324.0, 810324.0, 810324.0, 810324.0, 810324.0, 810324.0, 810324.0, 810324.0, 810324.0, 810324.0, 810324.0, 810324.0, 810324.0, 810324.0, 810324.0, 810324.0, 810324.0, 810324.0, 810324.0, 810324.0, 810324.0, 810324.0, 810324.0, 810324.0, 810324.0, 810324.0, 810324.0, 810324.0, 810324.0, 810324.0, 810324.0, 810324.0, 810324.0, 810324.0, 810324.0, 810324.0, 810324.0, 810324.0, 810324.0, 810324.0, 810324.0, 810324.0, 810324.0, 810324.0, 810324.0, 810324.0, 810324.0, 810324.0, 810324.0, 810324.0, 810324.0, 810324.0, 810324.0, 810324.0, 810324.0, 810324.0, 810324.0, 810324.0, 810324.0, 810324.0, 810324.0, 810324.0, 810324.0, 810324.0, 810324.0, 810324.0, 810324.0, 810324.0, 810324.0, 810324.0, 810324.0, 810324.0, 810324.0, 810324.0, 810324.0, 810324.0, 810324.0, 810324.0, 810324.0, 810324.0, 810324.0, 810324.0, 810324.0, 810324.0, 810324.0, 810324.0, 810324.0, 810324.0, 810324.0, 810324.0, 810324.0, 810324.0, 810324.0, 810324.0, 810324.0, 810324.0, 810324.0, 810324.0, 810324.0, 810324.0, 810324.0, 810324.0, 810324.0, 810324.0, 810324.0, 810324.0, 810324.0, 810324.0, 810324.0, 810324.0, 810324.0, 810324.0, 810324.0, 810324.0, 810324.0, 810324.0, 810324.0, 810324.0, 810324.0, 810324.0, 810324.0, 810324.0, 810324.0, 810324.0, 810324.0, 810324.0, 810324.0, 810324.0, 810324.0, 810324.0, 810324.0, 810324.0, 810324.0, 809295.197381591, 809295.197381591, 809295.197381591, 809295.197381591, 809295.197381591, 809295.197381591, 809295.197381591, 809295.197381591, 809295.197381591, 809295.197381591, 809295.197381591, 809295.197381591, 809295.197381591, 809295.197381591, 809295.197381591, 809295.197381591, 809295.197381591, 809295.197381591, 809295.197381591, 809295.197381591, 809295.197381591, 809295.197381591, 809295.197381591, 809295.197381591, 809295.197381591, 809295.197381591, 809295.197381591, 809295.197381591, 809295.197381591, 809295.197381591, 809295.197381591, 809295.197381591, 809295.197381591, 809295.197381591, 809295.197381591, 809295.197381591, 809295.197381591, 809295.197381591, 809295.197381591, 809295.197381591, 809295.197381591, 809295.197381591, 809295.197381591, 809295.197381591, 809295.197381591, 809295.197381591, 809295.197381591, 809295.197381591, 809295.197381591, 809295.197381591, 809295.197381591, 809295.197381591, 809295.197381591, 809295.197381591, 809295.197381591, 809295.197381591, 809295.197381591, 809295.197381591, 809295.197381591, 809295.197381591, 809295.197381591, 809295.197381591, 809295.197381591, 809295.197381591, 809295.197381591, 809295.197381591, 809295.197381591, 809295.197381591, 809295.197381591, 810324.0, 810324.0, 810324.0, 810324.0, 810324.0, 810324.0, 810324.0, 810324.0, 810324.0, 810324.0, 810324.0, 810324.0, 810324.0, 810324.0, 810324.0, 810324.0, 810324.0, 810324.0, 810324.0, 810324.0, 810324.0, 810324.0, 810324.0, 810324.0, 810324.0, 810324.0, 810324.0, 810324.0, 810324.0, 810324.0, 810324.0, 810324.0, 810324.0, 810324.0, 810324.0, 810324.0, 810324.0, 810324.0, 810324.0, 810324.0, 810324.0, 810324.0, 810324.0, 810324.0, 810324.0, 810324.0, 810324.0, 810324.0, 810324.0, 810324.0, 810324.0, 810324.0, 810324.0, 810324.0, 810324.0, 810324.0, 810324.0, 810324.0, 810324.0, 810324.0, 810324.0, 810324.0, 810324.0, 810324.0, 810324.0, 810324.0, 810324.0, 810324.0, 810324.0, 810324.0, 810324.0, 810324.0, 810324.0, 810324.0, 810324.0, 810324.0, 810324.0, 810324.0, 810324.0, 810324.0, 810324.0, 810324.0, 810324.0, 810324.0, 810324.0, 810324.0, 810324.0, 810324.0, 810324.0, 810324.0, 810324.0, 810324.0, 810324.0, 810324.0, 810324.0, 810324.0, 810324.0, 810324.0, 810324.0, 810324.0, 810324.0, 810324.0, 810324.0, 810324.0, 810324.0, 810324.0, 810324.0, 810324.0, 810324.0, 810324.0, 810324.0, 810324.0, 810324.0, 810324.0, 810324.0, 810324.0, 810324.0, 810324.0, 810324.0, 810324.0, 810324.0, 810324.0, 810324.0, 810324.0, 810324.0, 810324.0, 810324.0, 810324.0, 810324.0, 810324.0, 810324.0, 810324.0, 810324.0, 810324.0, 810324.0, 810324.0, 810324.0, 810324.0, 810324.0, 810324.0, 810324.0, 810324.0, 810324.0, 810324.0, 810324.0, 810324.0, 810324.0, 810324.0, 810324.0, 810324.0, 810324.0, 810324.0, 810324.0, 810324.0, 810324.0, 810324.0, 810324.0, 810324.0, 792670.9867110094, 792670.9867110094, 792670.9867110094, 792670.9867110094, 792670.9867110094, 792670.9867110094, 792670.9867110094, 792670.9867110094, 792670.9867110094, 792670.9867110094, 792670.9867110094, 792670.9867110094, 792670.9867110094, 792670.9867110094, 792670.9867110094, 792670.9867110094, 792670.9867110094, 792670.9867110094, 792670.9867110094, 792670.9867110094, 792670.9867110094, 792670.9867110094, 792670.9867110094, 792670.9867110094, 792670.9867110094, 792670.9867110094, 792670.9867110094, 792670.9867110094, 792670.9867110094, 810292.725068653, 810292.725068653, 810324.0, 810324.0, 810324.0, 810324.0, 810324.0, 810324.0, 810324.0, 810324.0, 810324.0, 810324.0, 810324.0, 810324.0, 810324.0, 810324.0, 810324.0, 810324.0, 810324.0, 810324.0, 810324.0, 810324.0, 810324.0, 810324.0, 810324.0, 810324.0, 810324.0, 810324.0, 810324.0, 810324.0, 810324.0, 810324.0, 810324.0, 810324.0, 810324.0, 810324.0, 810324.0, 810324.0, 810324.0, 810324.0, 810324.0, 810324.0, 810324.0, 810324.0, 810324.0, 810324.0, 810324.0, 810324.0, 810324.0, 810324.0, 810324.0, 810324.0, 810324.0, 810324.0, 810324.0, 810324.0, 810324.0, 810324.0, 810324.0, 810324.0, 810324.0, 810324.0, 810324.0, 810324.0, 810324.0, 810324.0, 810324.0, 810324.0, 810324.0, 810324.0, 810324.0, 810324.0, 810324.0, 810324.0, 810324.0, 810324.0, 810324.0, 810324.0, 810324.0, 810324.0, 810324.0, 810324.0, 810324.0, 810324.0, 810324.0, 810324.0, 810324.0, 810324.0, 810324.0, 810324.0, 810324.0, 810324.0, 810324.0, 810324.0, 810324.0, 810324.0, 810324.0, 810324.0, 810324.0, 810324.0, 810324.0, 810324.0, 810324.0, 810324.0, 810324.0, 810324.0, 810324.0, 810324.0, 810324.0, 810324.0, 810324.0, 810324.0, 810324.0, 810324.0, 810324.0, 810324.0, 810324.0, 810324.0, 810324.0, 810324.0, 810324.0, 810324.0, 810324.0, 810324.0, 810324.0, 810324.0, 810324.0, 810324.0, 810324.0, 810324.0, 810324.0, 810324.0, 810324.0, 810324.0, 810324.0, 810324.0, 810324.0, 810324.0, 810324.0, 810324.0, 810324.0, 810324.0, 810324.0, 810324.0, 810324.0, 810324.0, 810324.0, 810324.0, 810324.0, 810324.0, 810324.0, 810324.0, 810324.0, 809686.4777251761, 809686.4777251761, 809686.4777251761, 809686.4777251761, 809686.4777251761, 809686.4777251761, 809686.4777251761, 809686.4777251761, 809686.4777251761, 809686.4777251761, 809686.4777251761, 809686.4777251761, 809686.4777251761, 809686.4777251761, 809686.4777251761, 809686.4777251761, 809686.4777251761, 809686.4777251761, 809686.4777251761, 809686.4777251761, 809686.4777251761, 809686.4777251761, 809686.4777251761, 809686.4777251761, 809686.4777251761, 809686.4777251761, 809686.4777251761, 809686.4777251761, 809686.4777251761, 809686.4777251761, 809686.4777251761, 809686.4777251761, 809686.4777251761, 809686.4777251761, 809686.4777251761, 810096.7610117388, 810096.7610117388, 810096.7610117388, 810096.7610117388, 810096.7610117388, 810324.0, 810324.0, 810324.0, 810324.0, 810324.0, 810324.0, 810324.0, 810324.0, 810324.0, 810324.0, 810324.0, 810324.0, 810324.0, 810324.0, 810324.0, 810324.0, 810324.0, 810324.0, 810324.0, 810324.0, 810324.0, 810324.0, 810324.0, 810324.0, 810324.0, 810324.0, 810324.0, 810324.0, 810324.0, 810324.0, 810324.0, 810324.0, 810324.0, 810324.0, 810324.0, 810324.0, 810324.0, 810324.0, 810324.0, 810324.0, 810324.0, 810324.0, 810324.0, 810324.0, 810324.0, 810324.0, 810324.0, 810324.0, 810324.0, 810324.0, 810324.0, 810324.0, 810324.0, 810324.0, 810324.0, 810324.0, 810324.0, 810324.0, 810324.0, 810324.0, 810324.0, 810324.0, 810324.0, 810324.0, 810324.0, 810324.0, 810324.0, 810324.0, 810324.0, 810324.0, 810324.0, 810324.0, 810324.0, 810324.0, 810324.0, 810324.0, 810324.0, 810324.0, 810324.0, 810324.0, 810324.0, 810324.0, 810324.0, 810324.0, 810324.0, 810324.0, 810324.0, 810324.0, 810324.0, 810324.0, 810324.0, 810324.0, 810324.0, 810324.0, 810324.0, 810324.0, 810324.0, 810324.0, 810324.0, 810324.0, 810324.0, 810324.0, 810324.0, 810324.0, 810324.0, 810324.0, 810324.0, 810324.0, 810324.0, 810324.0, 810324.0, 810324.0, 810324.0, 810324.0, 810324.0, 810324.0, 810324.0, 810324.0, 810324.0, 810324.0, 810324.0, 810324.0, 810324.0, 810324.0, 810324.0, 810324.0, 810324.0, 810324.0, 810324.0, 810324.0, 810324.0, 810324.0, 810324.0, 810324.0, 810324.0, 810324.0, 810324.0, 810324.0, 810324.0, 810324.0, 810324.0, 810324.0, 810324.0, 810324.0, 810324.0, 810324.0, 810324.0, 810324.0, 810324.0, 810324.0, 810324.0, 810324.0, 810324.0, 810324.0, 810324.0, 810324.0, 810324.0, 810324.0, 810324.0, 810324.0, 810324.0, 810324.0, 810324.0, 810324.0, 810324.0, 810324.0, 810324.0, 810324.0, 810324.0, 810324.0, 810324.0, 810324.0, 810324.0, 810324.0, 810324.0, 810324.0, 810324.0, 810324.0, 810324.0, 810324.0, 810324.0, 810324.0, 810324.0, 810324.0, 810324.0, 810324.0, 810324.0, 810324.0, 810324.0, 810324.0, 810324.0, 810324.0, 810324.0, 810324.0, 810324.0, 810324.0, 810324.0, 810324.0, 810324.0, 810324.0, 810324.0, 810324.0, 810324.0, 810324.0, 810324.0, 810324.0, 810324.0, 810324.0, 810324.0, 810324.0, 810324.0, 810324.0, 810324.0, 810324.0, 810324.0, 810324.0, 810324.0, 810324.0, 810324.0, 810324.0, 810324.0, 810324.0, 810324.0, 810324.0, 810324.0, 810324.0, 810324.0, 810324.0, 810324.0, 810324.0, 810324.0, 810324.0, 810211.7825357954, 810211.7825357954, 810211.7825357954, 810211.7825357954, 810211.7825357954, 810211.7825357954, 810211.7825357954, 810211.7825357954, 810211.7825357954, 810211.7825357954, 810211.7825357954, 810211.7825357954, 810211.7825357954, 810211.7825357954, 810211.7825357954, 810211.7825357954, 810211.7825357954, 810211.7825357954, 810211.7825357954, 810211.7825357954, 810211.7825357954, 810211.7825357954, 810211.7825357954, 810211.7825357954, 810211.7825357954, 810211.7825357954, 810211.7825357954, 810211.7825357954, 810211.7825357954, 810211.7825357954, 810211.7825357954, 810211.7825357954, 810211.7825357954, 810211.7825357954, 810211.7825357954, 810211.7825357954, 810211.7825357954, 810211.7825357954, 810211.7825357954, 810211.7825357954, 810211.7825357954, 810211.7825357954, 810211.7825357954, 810211.7825357954, 810211.7825357954, 810211.7825357954, 810324.0, 810324.0, 810324.0, 810324.0, 810324.0, 810324.0, 810324.0, 810324.0, 810324.0, 810324.0, 810324.0, 810324.0, 810324.0, 810324.0, 810324.0, 810324.0, 810324.0, 810324.0, 810324.0, 810324.0, 810324.0, 810324.0, 810324.0, 810324.0, 810324.0, 810324.0, 810324.0, 810324.0, 810324.0, 810324.0, 810324.0, 810324.0, 810324.0, 810324.0, 810324.0, 810324.0, 810324.0, 810324.0, 810324.0, 810324.0, 810324.0, 810324.0, 810324.0, 810324.0, 810324.0, 810324.0, 810324.0, 810324.0, 810324.0, 810324.0, 810324.0, 810324.0, 810324.0, 810324.0, 810324.0, 810324.0, 810324.0, 810324.0, 810324.0, 810324.0, 810324.0, 810324.0, 810324.0, 810324.0, 810324.0, 810324.0, 810324.0, 810324.0, 810324.0, 810324.0, 810324.0, 810324.0, 810324.0, 810324.0, 810324.0, 810324.0, 810324.0, 810324.0, 810324.0, 810324.0, 810324.0, 810324.0, 810324.0, 810324.0, 810324.0, 810324.0, 810324.0, 810324.0, 810324.0, 810324.0, 810324.0, 810324.0, 810324.0, 810324.0, 810324.0, 810324.0, 810324.0, 810324.0, 810324.0, 810324.0, 810324.0, 810324.0, 810324.0, 810324.0, 810324.0, 810324.0, 810324.0, 810324.0, 810324.0, 810324.0, 810324.0, 810324.0, 810324.0, 810324.0, 810324.0, 810324.0, 810324.0, 810324.0, 810324.0, 810324.0, 810324.0, 810324.0, 810324.0, 810324.0, 810324.0, 810324.0, 810324.0, 810324.0, 810324.0, 810324.0, 810324.0, 810324.0, 810324.0, 810324.0, 810324.0, 810324.0, 810324.0, 810324.0, 810324.0, 810324.0, 810324.0, 810324.0, 810324.0, 810324.0, 810324.0, 810324.0, 810324.0, 810324.0, 810324.0, 810324.0, 810324.0, 810324.0, 810324.0, 810324.0, 810324.0, 810324.0, 810324.0, 810324.0, 810324.0, 810324.0, 810324.0, 810324.0, 810324.0, 810324.0, 810324.0, 810324.0, 810324.0, 810324.0, 810324.0, 810324.0, 810324.0, 810324.0, 810324.0, 810324.0, 810324.0, 810324.0, 810324.0, 810324.0, 810324.0, 810324.0, 810324.0, 810324.0, 810324.0, 810324.0, 810324.0, 810324.0, 810324.0, 810324.0, 810324.0, 810324.0, 810324.0, 810324.0, 810324.0, 810324.0, 810324.0, 810324.0, 810324.0, 810324.0, 810324.0, 810324.0, 810324.0, 810324.0, 810324.0, 810324.0, 810324.0, 810324.0, 810324.0, 810324.0, 810324.0, 810324.0, 810324.0, 810324.0, 810324.0, 810324.0, 810324.0, 810324.0, 810324.0, 810324.0, 810324.0, 810324.0, 810324.0, 810324.0, 810324.0, 810324.0, 810324.0, 810324.0, 810324.0, 804603.189315395, 804603.189315395, 804603.189315395, 804603.189315395, 804603.189315395, 804603.189315395, 804603.189315395, 804603.189315395, 804603.189315395, 804603.189315395, 804603.189315395, 804603.189315395, 804603.189315395, 804603.189315395, 804603.189315395, 804603.189315395, 804603.189315395, 804603.189315395, 804603.189315395, 804603.189315395, 804603.189315395, 804603.189315395, 804603.189315395, 804603.189315395, 804603.189315395, 804603.189315395, 804603.189315395, 804603.189315395, 804603.189315395, 804603.189315395, 804603.189315395, 804603.189315395, 804603.189315395, 804603.189315395, 804603.189315395, 804603.189315395, 804603.189315395, 804603.189315395, 804603.189315395, 804603.189315395, 804603.189315395, 804603.189315395, 804603.189315395, 804603.189315395, 804603.189315395, 804603.189315395, 804603.189315395, 804603.189315395, 804603.189315395, 804603.189315395, 804603.189315395, 804603.189315395, 804603.189315395, 804603.189315395, 804603.189315395, 804603.189315395, 804603.189315395, 804603.189315395, 804603.189315395, 804603.189315395, 804603.189315395, 804603.189315395, 804603.189315395, 804603.189315395, 804603.189315395, 804603.189315395, 804603.189315395, 804603.189315395, 804603.189315395, 804603.189315395, 804603.189315395, 804603.189315395, 804603.189315395, 804603.189315395, 804603.189315395, 804603.189315395, 804603.189315395, 804603.189315395, 804603.189315395, 804603.189315395, 804603.189315395, 804603.189315395, 808413.4980403187, 810194.0317598828, 810194.0317598828, 810194.0317598828, 810194.0317598828, 810194.0317598828, 810194.0317598828, 810194.0317598828, 810289.8275020334, 810324.0, 810324.0, 810324.0, 810324.0, 810324.0, 810324.0, 810324.0, 810324.0, 810324.0, 810324.0, 810324.0, 810324.0, 810324.0, 810324.0, 810324.0, 810324.0, 810324.0, 810324.0, 810324.0, 810324.0, 810324.0, 810324.0, 810324.0, 810324.0, 810324.0, 810324.0, 810324.0, 810324.0, 810324.0, 810324.0, 810324.0, 810324.0, 810324.0, 810324.0, 810324.0, 810324.0, 810324.0, 810324.0, 810324.0, 810324.0, 810324.0, 810324.0, 810324.0, 810324.0, 810324.0, 808082.9591469208, 808082.9591469208, 808082.9591469208, 808082.9591469208, 808082.9591469208, 808082.9591469208, 808082.9591469208, 808082.9591469208, 808082.9591469208, 808082.9591469208, 808082.9591469208, 808082.9591469208, 808082.9591469208, 808082.9591469208, 808082.9591469208, 808082.9591469208, 808082.9591469208, 808082.9591469208, 808082.9591469208, 808082.9591469208, 808082.9591469208, 808082.9591469208, 808082.9591469208, 808082.9591469208, 808082.9591469208, 808082.9591469208, 808082.9591469208, 808082.9591469208, 808082.9591469208, 808082.9591469208, 808082.9591469208, 808082.9591469208, 808082.9591469208, 808082.9591469208, 808082.9591469208, 808082.9591469208, 808082.9591469208, 808082.9591469208, 808082.9591469208, 808082.9591469208, 808082.9591469208, 808082.9591469208, 808082.9591469208, 808082.9591469208, 809930.0553491674, 809930.0553491674, 809930.0553491674, 809930.0553491674, 809930.0553491674, 809930.0553491674, 809930.0553491674, 809930.0553491674, 809930.0553491674, 809930.0553491674, 809930.0553491674, 809930.0553491674, 809930.0553491674, 809930.0553491674, 809930.0553491674, 809930.0553491674, 809930.0553491674, 809930.0553491674, 809930.0553491674, 809930.0553491674, 809930.0553491674, 809930.0553491674, 809930.0553491674, 809930.0553491674, 809930.0553491674, 809930.0553491674, 809930.0553491674, 809930.0553491674, 809930.0553491674, 809930.0553491674, 809930.0553491674, 809930.0553491674, 809930.0553491674, 809930.0553491674, 809930.0553491674, 809930.0553491674, 809930.0553491674, 809930.0553491674, 809930.0553491674, 809930.0553491674, 809930.0553491674, 809930.0553491674, 809930.0553491674, 809930.0553491674, 809930.0553491674, 810324.0, 810324.0, 810324.0, 
48854.28883975561, 33583.16657227051, 33583.16657227051, 14580.868579943297, 14580.868579943297, 14580.868579943297, 14580.868579943297, 13884.884022023987, 13884.884022023987, 5949.811259785781, 5949.811259785781, 5949.811259785781, 3485.9598696411, 3485.9598696411, 3023.0712955576123, 3023.0712955576123, 2033.1733770016167, 2033.1733770016167, 2033.1733770016167, 2033.1733770016167, 2033.1733770016167, 2033.1733770016167, 2033.1733770016167, 2033.1733770016167, 1811.4413036309325, 1811.4413036309325, 1811.4413036309325, 987.7328730013666, 987.7328730013666, 987.7328730013666, 705.1368065004231, 295.937444337842, 238.9646135366011, 169.54508821751995, 169.54508821751995, 169.54508821751995, 169.54508821751995, 169.54508821751995, 169.54508821751995, 169.54508821751995, 148.562053866072, 148.562053866072, 129.56894501429505, 129.56894501429505, 129.56894501429505, 113.40860330013345, 113.40860330013345, 113.40860330013345, 73.29479871021498, 51.7216521026472, 41.78954820349874, 41.78954820349874, 41.78954820349874, 41.78954820349874, 41.78954820349874, 41.78954820349874, 41.78954820349874, 41.78954820349874, 41.78954820349874, 41.78954820349874, 41.78954820349874, 38.744270433181654, 32.018832802182715, 32.018832802182715, 32.018832802182715, 32.018832802182715, 32.018832802182715, 32.018832802182715, 32.018832802182715, 24.887243338177434, 24.887243338177434, 24.887243338177434, 24.887243338177434, 24.887243338177434, 24.887243338177434, 24.887243338177434, 24.887243338177434, 24.887243338177434, 24.887243338177434, 24.887243338177434, 24.887243338177434, 24.887243338177434, 24.887243338177434, 24.887243338177434, 24.887243338177434, 24.887243338177434, 24.887243338177434, 24.887243338177434, 22.38976646826218, 22.38976646826218, 22.38976646826218, 78405.05757650804, 152652.8011540606, 171880.93627017108, 137682.77182421708, 194617.96964069243, 297326.7883211565, 288571.6824948806, 372857.3467229997, 372857.3467229997, 453640.35798481444, 453640.35798481444, 453640.35798481444, 415919.56924539583, 415919.56924539583, 415919.56924539583, 419744.25954959274, 419744.25954959274, 582953.945816153, 582953.945816153, 553874.326542326, 613926.8621485344, 708617.3377847987, 753770.8678545662, 753770.8678545662, 810324.0, 810324.0, 810324.0, 810324.0, 810324.0, 810324.0, 810324.0, 810324.0, 810324.0, 810324.0, 810324.0, 810324.0, 810324.0, 810324.0, 810324.0, 810324.0, 810324.0, 810324.0, 810324.0, 810324.0, 810324.0, 810324.0, 810324.0, 810324.0, 810324.0, 810324.0, 810324.0, 810324.0, 810324.0, 810324.0, 810324.0, 810324.0, 810324.0, 810324.0, 810324.0, 810324.0, 810324.0, 810324.0, 810324.0, 810324.0, 810324.0, 810324.0, 810324.0, 810324.0, 810324.0, 810324.0, 810324.0, 810324.0, 810324.0, 810324.0, 810324.0, 810324.0, 810324.0, 810324.0, 810324.0, 810324.0, 810324.0, 810324.0, 810324.0, 810324.0, 810324.0, 810324.0, 810324.0, 810324.0, 810324.0, 810324.0, 810324.0, 810324.0, 810324.0, 810324.0, 810324.0, 810324.0, 810324.0, 810324.0, 810324.0, 810324.0, 810324.0, 810324.0, 810324.0, 810324.0, 810324.0, 810324.0, 810324.0, 810324.0, 810324.0, 810324.0, 810324.0, 810324.0, 810324.0, 810324.0, 810324.0, 810324.0, 810324.0, 810324.0, 810324.0, 810324.0, 810324.0, 810324.0, 810324.0, 810324.0, 810324.0, 810324.0, 810324.0, 810324.0, 810324.0, 810324.0, 810324.0, 810324.0, 810324.0, 810324.0, 810324.0, 810324.0, 810324.0, 810324.0, 810324.0, 810324.0, 810324.0, 810324.0, 810324.0, 810324.0, 810324.0, 810324.0, 810324.0, 810324.0, 810324.0, 810324.0, 810324.0, 810324.0, 810324.0, 810324.0, 810324.0, 810324.0, 810324.0, 810324.0, 810324.0, 810324.0, 810324.0, 810324.0, 810324.0, 810324.0, 810324.0, 810324.0, 810324.0, 810324.0, 810324.0, 810324.0, 810324.0, 810324.0, 810324.0, 810324.0, 810324.0, 810324.0, 810324.0, 810324.0, 810324.0, 810324.0, 810324.0, 810324.0, 810324.0, 810324.0, 810324.0, 810324.0, 810324.0, 810324.0, 810324.0, 810324.0, 810324.0, 810324.0, 810324.0, 810324.0, 810324.0, 810324.0, 810324.0, 810324.0, 810324.0, 810324.0, 810324.0, 810324.0, 810324.0, 810324.0, 810324.0, 810324.0, 810324.0, 810324.0, 810324.0, 810324.0, 810324.0, 810324.0, 810324.0, 810324.0, 810324.0, 810324.0, 810324.0, 810324.0, 810324.0, 810324.0, 810324.0, 810324.0, 810324.0, 810324.0, 810324.0, 810324.0, 810324.0, 810324.0, 810324.0, 810324.0, 810324.0, 810324.0, 810324.0, 810324.0, 810324.0, 810324.0, 810324.0, 810324.0, 810324.0, 810324.0, 810324.0, 810324.0, 810324.0, 810324.0, 810324.0, 810324.0, 810324.0, 810324.0, 810324.0, 810324.0, 810324.0, 810324.0, 810324.0, 810324.0, 810324.0, 810324.0, 810324.0, 810324.0, 810324.0, 810324.0, 810324.0, 810324.0, 810324.0, 810324.0, 810324.0, 810324.0, 810324.0, 810324.0, 810324.0, 810324.0, 810324.0, 810324.0, 810324.0, 810324.0, 810324.0, 810324.0, 810324.0, 810324.0, 810324.0, 810324.0, 810324.0, 810324.0, 810324.0, 810324.0, 810324.0, 810324.0, 810324.0, 810324.0, 810324.0, 810324.0, 810324.0, 810324.0, 810324.0, 810324.0, 810324.0, 810324.0, 810324.0, 810324.0, 810324.0, 810324.0, 810324.0, 810324.0, 810324.0, 810324.0, 810324.0, 810324.0, 810324.0, 810324.0, 810324.0, 810324.0, 810324.0, 810324.0, 810324.0, 810324.0, 810324.0, 810324.0, 810324.0, 810324.0, 810324.0, 810324.0, 810324.0, 810324.0, 810324.0, 810324.0, 810324.0, 810324.0, 810324.0, 810324.0, 810324.0, 810324.0, 810324.0, 810324.0, 810324.0, 810324.0, 810324.0, 810324.0, 810324.0, 810324.0, 810324.0, 810324.0, 810324.0, 810324.0, 810324.0, 810324.0, 810324.0, 810324.0, 810324.0, 810324.0, 810324.0, 810324.0, 810324.0, 810324.0, 810324.0, 810324.0, 810324.0, 810324.0, 810324.0, 810324.0, 810324.0, 810324.0, 810324.0, 810324.0, 810324.0, 810324.0, 810324.0, 810324.0, 810324.0, 810324.0, 810324.0, 810324.0, 810324.0, 810324.0, 810324.0, 810324.0, 810324.0, 810324.0, 810324.0, 810324.0, 810324.0, 810324.0, 810324.0, 810324.0, 810324.0, 810324.0, 810324.0, 810324.0, 810324.0, 810324.0, 810324.0, 810324.0, 810324.0, 810324.0, 810324.0, 810324.0, 810324.0, 810324.0, 810324.0, 810324.0, 810324.0, 810324.0, 810324.0, 810324.0, 810324.0, 810324.0, 810324.0, 810324.0, 810324.0, 810324.0, 810324.0, 810324.0, 810324.0, 810324.0, 810324.0, 810324.0, 810324.0, 810324.0, 810324.0, 810324.0, 810324.0, 810324.0, 810324.0, 810324.0, 810324.0, 810324.0, 810324.0, 810324.0, 810324.0, 810324.0, 810324.0, 810324.0, 810324.0, 810324.0, 810324.0, 810324.0, 810324.0, 810324.0, 810324.0, 810324.0, 810324.0, 810324.0, 810324.0, 810324.0, 810324.0, 810324.0, 810324.0, 810324.0, 810324.0, 810324.0, 810324.0, 810324.0, 810324.0, 810324.0, 810324.0, 810324.0, 810324.0, 810324.0, 810324.0, 810324.0, 810324.0, 810324.0, 810324.0, 810324.0, 810324.0, 810324.0, 810324.0, 810324.0, 810324.0, 810324.0, 810324.0, 810324.0, 810324.0, 810324.0, 810324.0, 810324.0, 810324.0, 810324.0, 810324.0, 810324.0, 810324.0, 810324.0, 810324.0, 810324.0, 810324.0, 810324.0, 810324.0, 810324.0, 810324.0, 810324.0, 810324.0, 810324.0, 810324.0, 810324.0, 810324.0, 810324.0, 810324.0, 810324.0, 810324.0, 810324.0, 810324.0, 797836.0232219606, 797836.0232219606, 797836.0232219606, 797836.0232219606, 797836.0232219606, 797836.0232219606, 797836.0232219606, 797836.0232219606, 797836.0232219606, 797836.0232219606, 797836.0232219606, 797836.0232219606, 797836.0232219606, 797836.0232219606, 797836.0232219606, 797836.0232219606, 797836.0232219606, 797836.0232219606, 797836.0232219606, 797836.0232219606, 797836.0232219606, 797836.0232219606, 797836.0232219606, 797836.0232219606, 797836.0232219606, 797836.0232219606, 797836.0232219606, 797836.0232219606, 797836.0232219606, 797836.0232219606, 797836.0232219606, 797836.0232219606, 797836.0232219606, 797836.0232219606, 806848.5836878135, 808530.7314134449, 809723.99107108, 809723.99107108, 809723.99107108, 809723.99107108, 809723.99107108, 810324.0, 810324.0, 810324.0, 810324.0, 810324.0, 810324.0, 810324.0, 810324.0, 810324.0, 810324.0, 810324.0, 810324.0, 810324.0, 810324.0, 810324.0, 810324.0, 810324.0, 810324.0, 810324.0, 810324.0, 810324.0, 810324.0, 810324.0, 810324.0, 810324.0, 810324.0, 810324.0, 810324.0, 810324.0, 810324.0, 810324.0, 810324.0, 810324.0, 810324.0, 810324.0, 810324.0, 810324.0, 810324.0, 810324.0, 810324.0, 810324.0, 810324.0, 810324.0, 810324.0, 810324.0, 810324.0, 810324.0, 810324.0, 810324.0, 810324.0, 809394.5023092926, 809394.5023092926, 809394.5023092926, 809394.5023092926, 809394.5023092926, 809394.5023092926, 809394.5023092926, 809394.5023092926, 809394.5023092926, 809394.5023092926, 809394.5023092926, 809394.5023092926, 809394.5023092926, 809394.5023092926, 809394.5023092926, 809394.5023092926, 809394.5023092926, 809394.5023092926, 809394.5023092926, 809394.5023092926, 809394.5023092926, 809394.5023092926, 809394.5023092926, 809394.5023092926, 809394.5023092926, 809394.5023092926, 809394.5023092926, 809394.5023092926, 809394.5023092926, 809394.5023092926, 809394.5023092926, 809394.5023092926, 809394.5023092926, 809394.5023092926, 809394.5023092926, 809394.5023092926, 809394.5023092926, 809394.5023092926, 809394.5023092926, 809394.5023092926, 809394.5023092926, 809869.2208890856, 809869.2208890856, 809869.2208890856, 809869.2208890856, 809869.2208890856, 809869.2208890856, 809869.2208890856, 809869.2208890856, 809869.2208890856, 809869.2208890856, 809869.2208890856, 809869.2208890856, 809869.2208890856, 809869.2208890856, 809869.2208890856, 809869.2208890856, 809869.2208890856, 809869.2208890856, 809869.2208890856, 809869.2208890856, 809869.2208890856, 809869.2208890856, 809869.2208890856, 809869.2208890856, 809869.2208890856, 809869.2208890856, 809869.2208890856, 809869.2208890856, 809869.2208890856, 809869.2208890856, 809869.2208890856, 809869.2208890856, 809869.2208890856, 809869.2208890856, 809869.2208890856, 809869.2208890856, 809869.2208890856, 809869.2208890856, 809869.2208890856, 809869.2208890856, 809869.2208890856, 809869.2208890856, 809869.2208890856, 809869.2208890856, 810315.1163904725, 810324.0, 810324.0, 810324.0, 810324.0, 810324.0, 810324.0, 810324.0, 810324.0, 810324.0, 810324.0, 810324.0, 810324.0, 810324.0, 810324.0, 810324.0, 810324.0, 810324.0, 810324.0, 810324.0, 810324.0, 810324.0, 810324.0, 810324.0, 810324.0, 810324.0, 810324.0, 810324.0, 810324.0, 810324.0, 810324.0, 810324.0, 810324.0, 810324.0, 810324.0, 810324.0, 810324.0, 810324.0, 810324.0, 810324.0, 810324.0, 810324.0, 810324.0, 810324.0, 810324.0, 810324.0, 810324.0, 810324.0, 810324.0, 810324.0, 810324.0, 810324.0, 810324.0, 810324.0, 810324.0, 810324.0, 810324.0, 810324.0, 810324.0, 810324.0, 810324.0, 810324.0, 810324.0, 810324.0, 810324.0, 810324.0, 810324.0, 810324.0, 810324.0, 810324.0, 810324.0, 810324.0, 810324.0, 810324.0, 810324.0, 810324.0, 810324.0, 810324.0, 810324.0, 810324.0, 810324.0, 810324.0, 810324.0, 810324.0, 810324.0, 810324.0, 810324.0, 810324.0, 810324.0, 810324.0, 810324.0, 810324.0, 810324.0, 810324.0, 810324.0, 810324.0, 810324.0, 810324.0, 810324.0, 810324.0, 810324.0, 810324.0, 810324.0, 810324.0, 810324.0, 810324.0, 810324.0, 810324.0, 810324.0, 810324.0, 810324.0, 810324.0, 810324.0, 810324.0, 810324.0, 810324.0, 810324.0, 810324.0, 810324.0, 810324.0, 810324.0, 810324.0, 810324.0, 810324.0, 810324.0, 810324.0, 810324.0, 810324.0, 810324.0, 810324.0, 810324.0, 810324.0, 810324.0, 810324.0, 810324.0, 810324.0, 810324.0, 810324.0, 810324.0, 810324.0, 810324.0, 810324.0, 810324.0, 810324.0, 810324.0, 810324.0, 810324.0, 810324.0, 810324.0, 810324.0, 810324.0, 810324.0, 810324.0, 810324.0, 810324.0, 810324.0, 810324.0, 810324.0, 810324.0, 810324.0, 810324.0, 810324.0, 810324.0, 810324.0, 810324.0, 810324.0, 810324.0, 810324.0, 810324.0, 810324.0, 810324.0, 810324.0, 810324.0, 810324.0, 810324.0, 810324.0, 810324.0, 810324.0, 810324.0, 810324.0, 810324.0, 810324.0, 810324.0, 810324.0, 810324.0, 810324.0, 810324.0, 810324.0, 810324.0, 810324.0, 810324.0, 810324.0, 810324.0, 810324.0, 810324.0, 810324.0, 810324.0, 810324.0, 810324.0, 810324.0, 810324.0, 810324.0, 810324.0, 810324.0, 810324.0, 810324.0, 810324.0, 810324.0, 810324.0, 810324.0, 810324.0, 810324.0, 810324.0, 810324.0, 810324.0, 810324.0, 810324.0, 810324.0, 810324.0, 810324.0, 810324.0, 810324.0, 810324.0, 810324.0, 810324.0, 810324.0, 810324.0, 810324.0, 810324.0, 810324.0, 810324.0, 810324.0, 810324.0, 809941.4073467805, 809941.4073467805, 809941.4073467805, 809941.4073467805, 809941.4073467805, 809941.4073467805, 809941.4073467805, 809941.4073467805, 809941.4073467805, 809941.4073467805, 809941.4073467805, 809941.4073467805, 809941.4073467805, 809941.4073467805, 809941.4073467805, 809941.4073467805, 809941.4073467805, 809941.4073467805, 809941.4073467805, 809941.4073467805, 809941.4073467805, 809941.4073467805, 809941.4073467805, 809941.4073467805, 809941.4073467805, 809941.4073467805, 809941.4073467805, 809941.4073467805, 810324.0, 810324.0, 810324.0, 810324.0, 810324.0, 810324.0, 810324.0, 810324.0, 810324.0, 810324.0, 810324.0, 810324.0, 810324.0, 810324.0, 810324.0, 810324.0, 810324.0, 810324.0, 810324.0, 810324.0, 810324.0, 810324.0, 810324.0, 810324.0, 810324.0, 810324.0, 810324.0, 810324.0, 810324.0, 810324.0, 810324.0, 810324.0, 810324.0, 810324.0, 810324.0, 810324.0, 810324.0, 810324.0, 810324.0, 810324.0, 810324.0, 810324.0, 810324.0, 810324.0, 810324.0, 810324.0, 810324.0, 810324.0, 810324.0, 810324.0, 810324.0, 810324.0, 810324.0, 810324.0, 810324.0, 810324.0, 810324.0, 810324.0, 810324.0, 810324.0, 810324.0, 810324.0, 810324.0, 810324.0, 810324.0, 810324.0, 810324.0, 810324.0, 810324.0, 810324.0, 810324.0, 810324.0, 810324.0, 810324.0, 810324.0, 810324.0, 810324.0, 810324.0, 810324.0, 810324.0, 810324.0, 810324.0, 810324.0, 810324.0, 810324.0, 810324.0, 810324.0, 810324.0, 810324.0, 810324.0, 810324.0, 810324.0, 810324.0, 810324.0, 810324.0, 810324.0, 810324.0, 810324.0, 810324.0, 810324.0, 810324.0, 810324.0, 810324.0, 810324.0, 810324.0, 810324.0, 810324.0, 810324.0, 810324.0, 810324.0, 810324.0, 810324.0, 810324.0, 810324.0, 810324.0, 810324.0, 810324.0, 810324.0, 810324.0, 810324.0, 810324.0, 810324.0, 810324.0, 810324.0, 810324.0, 810324.0, 810324.0, 810324.0, 810324.0, 810324.0, 810324.0, 810324.0, 810324.0, 810324.0, 810324.0, 810324.0, 810324.0, 810324.0, 810324.0, 810324.0, 810324.0, 810324.0, 810324.0, 810324.0, 810324.0, 810324.0, 810324.0, 810324.0, 810324.0, 810324.0, 810324.0, 810324.0, 810324.0, 810324.0, 810324.0, 810324.0, 810324.0, 810324.0, 810324.0, 810324.0, 810324.0, 810324.0, 810324.0, 810324.0, 810324.0, 810324.0, 810324.0, 810324.0, 810324.0, 810324.0, 810324.0, 810324.0, 810324.0, 810324.0, 810324.0, 810324.0, 810324.0, 810324.0, 810324.0, 810324.0, 810324.0, 810324.0, 810324.0, 810324.0, 810324.0, 810324.0, 810324.0, 810324.0, 810324.0, 810324.0, 810324.0, 810324.0, 810324.0, 810324.0, 810324.0, 810324.0, 810324.0, 810324.0, 810324.0, 810324.0, 810324.0, 810324.0, 810324.0, 810324.0, 810324.0, 810324.0, 810324.0, 810324.0, 810324.0, 810324.0, 810324.0, 810324.0, 810324.0, 810324.0, 810324.0, 810324.0, 810324.0, 810324.0, 810324.0, 810324.0, 810324.0, 810324.0, 810324.0, 810324.0, 810324.0, 810324.0, 810324.0, 810324.0, 810324.0, 810324.0, 810324.0, 810324.0, 810324.0, 810324.0, 810324.0, 810324.0, 810324.0, 810324.0, 810324.0, 810324.0, 810324.0, 810324.0, 810324.0, 810324.0, 810324.0, 810324.0, 810324.0, 810324.0, 810324.0, 810324.0, 810324.0, 810324.0, 810324.0, 810324.0, 810324.0, 810324.0, 810324.0, 810324.0, 810324.0, 810324.0, 810324.0, 810324.0, 810324.0, 810324.0, 810324.0, 810324.0, 810324.0, 810324.0, 810324.0, 810324.0, 810324.0, 810324.0, 810324.0, 810324.0, 810324.0, 810324.0, 810324.0, 810324.0, 810324.0, 810324.0, 810324.0, 810324.0, 810324.0, 810324.0, 810324.0, 810324.0, 810324.0, 810324.0, 810324.0, 810324.0, 810324.0, 810324.0, 810324.0, 810324.0, 810324.0, 810324.0, 810324.0, 810324.0, 810324.0, 810324.0, 810324.0, 810324.0, 810324.0, 810324.0, 810324.0, 810324.0, 810324.0, 810324.0, 810324.0, 810324.0, 810324.0, 810324.0, 810324.0, 810324.0, 810324.0, 810324.0, 810324.0, 810324.0, 810324.0, 810324.0, 810324.0, 810324.0, 810324.0, 810324.0, 810324.0, 810324.0, 810324.0, 810324.0, 810324.0, 810324.0, 810324.0, 810324.0, 810324.0, 810324.0, 810324.0, 810324.0, 810324.0, 810324.0, 810324.0, 810324.0, 810324.0, 810324.0, 810324.0, 810324.0, 810324.0, 810324.0, 810324.0, 810324.0, 810324.0, 810324.0, 810324.0, 810324.0, 810324.0, 810324.0, 810324.0, 810324.0, 810324.0, 810324.0, 810324.0, 810324.0, 810324.0, 810324.0, 810324.0, 810324.0, 810324.0, 810324.0, 810324.0, 810324.0, 810324.0, 810324.0, 810324.0, 810324.0, 810324.0, 810324.0, 810324.0, 810324.0, 810324.0, 810324.0, 810324.0, 810324.0, 810324.0, 810324.0, 810324.0, 810324.0, 810324.0, 810324.0, 810324.0, 810324.0, 810324.0, 810324.0, 810324.0, 810324.0, 810324.0, 810324.0, 810324.0, 810324.0, 810324.0, 810324.0, 810324.0, 810324.0, 810324.0, 810324.0, 810324.0, 810324.0, 810324.0, 810324.0, 810324.0, 810324.0, 810324.0, 810324.0, 810324.0, 810324.0, 810324.0, 810324.0, 810324.0, 810324.0, 810324.0, 810324.0, 810324.0, 810324.0, 810324.0, 810324.0, 810324.0, 810324.0, 810324.0, 810324.0, 810324.0, 810324.0, 810324.0, 810324.0, 810324.0, 810324.0, 810324.0, 810324.0, 810324.0, 810324.0, 810324.0, 810324.0, 810324.0, 810324.0, 810324.0, 810324.0, 810324.0, 810324.0, 810324.0, 810324.0, 810324.0, 810324.0, 810324.0, 810324.0, 810324.0, 810324.0, 810324.0, 810324.0, 810324.0, 810324.0, 810324.0, 810324.0, 810324.0, 810324.0, 810324.0, 810324.0, 810324.0, 810324.0, 810324.0, 810324.0, 810324.0, 810324.0, 810324.0, 810324.0, 810324.0, 810324.0, 810324.0, 810324.0, 810324.0, 810324.0, 810324.0, 810324.0, 810324.0, 810324.0, 810324.0, 810324.0, 810324.0, 810324.0, 810324.0, 810324.0, 810324.0, 810324.0, 810324.0, 810324.0, 810324.0, 810324.0, 810324.0, 810324.0, 810324.0, 810324.0, 810324.0, 810324.0, 810324.0, 810324.0, 810324.0, 810324.0, 810324.0, 810324.0, 810324.0, 810324.0, 810324.0, 810324.0, 810324.0, 810324.0, 810324.0, 810324.0, 810324.0, 810324.0, 810324.0, 810324.0, 810324.0, 810324.0, 810324.0, 810324.0, 810324.0, 810324.0, 810324.0, 810324.0, 810324.0, 810324.0, 810324.0, 810324.0, 810324.0, 810324.0, 810324.0, 810324.0, 810324.0, 810324.0, 810324.0, 810324.0, 810324.0, 810324.0, 810324.0, 810324.0, 810324.0, 810324.0, 810324.0, 810324.0, 810324.0, 810324.0, 810324.0, 810324.0, 810324.0, 810324.0, 810324.0, 810324.0, 810324.0, 810324.0, 810324.0, 810324.0, 810324.0, 810324.0, 810324.0, 810324.0, 810324.0, 810324.0, 810324.0, 810324.0, 810324.0, 810324.0, 810324.0, 810324.0, 810324.0, 810324.0, 810324.0, 810324.0, 810324.0, 810324.0, 810324.0, 810324.0, 810324.0, 810324.0, 810324.0, 810324.0, 810324.0, 810324.0, 810324.0, 810324.0, 810324.0, 810324.0, 810324.0, 810324.0, 810324.0, 810324.0, 810324.0, 810324.0, 810324.0, 810324.0, 810324.0, 810324.0, 810324.0, 810324.0, 810324.0, 810324.0, 810324.0, 810324.0, 810324.0, 810324.0, 810324.0, 810324.0, 810324.0, 810324.0, 810324.0, 810324.0, 810324.0, 810324.0, 810324.0, 810324.0, 810324.0, 810324.0, 810324.0, 810324.0, 810324.0, 810324.0, 810324.0, 810324.0, 810324.0, 810324.0, 810324.0, 810324.0, 810324.0, 810324.0, 810324.0, 810324.0, 810324.0, 810324.0, 810324.0, 810324.0, 810324.0, 810324.0, 810324.0, 810324.0, 810324.0, 810324.0, 810324.0, 810324.0, 810324.0, 810324.0, 810324.0, 810324.0, 810324.0, 810324.0, 810324.0, 810324.0, 810324.0, 810324.0, 810324.0, 810324.0, 810324.0, 810324.0, 810324.0, 810324.0, 810324.0, 810324.0, 810324.0, 810324.0, 810324.0, 810324.0, 810324.0, 810324.0, 810324.0, 810324.0, 810324.0, 810324.0, 810324.0, 810324.0, 810324.0, 810324.0, 810324.0, 810324.0, 810324.0, 810324.0, 810324.0, 810324.0, 810324.0, 810324.0, 810324.0, 810324.0, 810324.0, 810324.0, 810324.0, 810324.0, 810324.0, 810324.0, 810324.0, 810324.0, 810324.0, 810324.0, 810324.0, 810324.0, 810324.0, 810324.0, 810324.0, 810324.0, 810324.0, 810324.0, 810324.0, 810324.0, 810324.0, 810324.0, 810324.0, 810324.0, 810324.0, 810324.0, 810324.0, 810324.0, 810324.0, 810324.0, 810324.0, 810324.0, 810324.0, 810324.0, 810324.0, 810324.0, 810324.0, 810324.0, 810324.0, 810324.0, 810324.0, 810324.0, 810324.0, 810324.0, 810324.0, 810324.0, 810324.0, 810324.0, 810324.0, 810324.0, 810324.0, 810324.0, 810324.0, 810324.0, 810324.0, 810324.0, 810324.0, 810324.0, 810324.0, 810324.0, 810324.0, 810324.0, 810324.0, 810324.0, 810324.0, 810324.0, 810324.0, 810324.0, 810324.0, 810324.0, 810324.0, 810324.0, 810324.0, 810324.0, 810324.0, 810324.0, 810324.0, 810324.0, 810324.0, 810324.0, 810324.0, 810324.0, 810324.0, 810324.0, 810324.0, 810324.0, 810324.0, 810324.0, 810324.0, 810324.0, 810324.0, 810324.0, 810324.0, 810324.0, 810324.0, 810324.0, 810324.0, 810324.0, 810324.0, 810324.0, 810324.0, 810324.0, 810324.0, 810324.0, 810324.0, 810324.0, 810324.0, 810324.0, 810324.0, 810324.0, 810324.0, 810324.0, 810324.0, 810324.0, 810324.0, 810324.0, 810324.0, 810324.0, 810324.0, 810324.0, 810324.0, 810324.0, 810324.0, 810324.0, 810324.0, 810324.0, 810324.0, 810324.0, 810324.0, 810324.0, 810324.0, 810324.0, 810324.0, 810324.0, 810324.0, 810324.0, 810324.0, 810324.0, 810324.0, 810324.0, 810324.0, 810324.0, 810324.0, 810324.0, 810324.0, 810324.0, 810324.0, 810324.0, 810324.0, 810324.0, 810100.7070571447, 810100.7070571447, 810100.7070571447, 810100.7070571447, 810100.7070571447, 810100.7070571447, 810100.7070571447, 810100.7070571447, 810100.7070571447, 810100.7070571447, 810100.7070571447, 810100.7070571447, 810100.7070571447, 810100.7070571447, 810100.7070571447, 810100.7070571447, 810100.7070571447, 810100.7070571447, 810100.7070571447, 810100.7070571447, 810100.7070571447, 810100.7070571447, 810100.7070571447, 810100.7070571447, 810100.7070571447, 810100.7070571447, 810100.7070571447, 810100.7070571447, 810100.7070571447, 810100.7070571447, 810100.7070571447, 810100.7070571447, 810100.7070571447, 810100.7070571447, 810158.3420647413, 810158.3420647413, 810158.3420647413, 810158.3420647413, 810158.3420647413, 810158.3420647413, 810158.3420647413, 810324.0, 810324.0, 810324.0, 810324.0, 810324.0, 810324.0, 810324.0, 810324.0, 810324.0, 810324.0, 810324.0, 810324.0, 810324.0, 810324.0, 810324.0, 810324.0, 810324.0, 810324.0, 810324.0, 810324.0, 810324.0, 810324.0, 810324.0, 810324.0, 810324.0, 810324.0, 810324.0, 810324.0, 810324.0, 810324.0, 810324.0, 810324.0, 810324.0, 810324.0, 810324.0, 810324.0, 810324.0, 810324.0, 810324.0, 810324.0, 810324.0, 810324.0, 810324.0, 810324.0, 810324.0, 810324.0, 810324.0, 810324.0, 810324.0, 810324.0, 810324.0, 810324.0, 810324.0, 810324.0, 810324.0, 810324.0, 810324.0, 810324.0, 810324.0, 810324.0, 810324.0, 810324.0, 810324.0, 810324.0, 810324.0, 810324.0, 810324.0, 810324.0, 810324.0, 810324.0, 810324.0, 810324.0, 810324.0, 810324.0, 810324.0, 810324.0, 810324.0, 810324.0, 810324.0, 810324.0, 810324.0, 810324.0, 810324.0, 810324.0, 810324.0, 810324.0, 810324.0, 810324.0, 810324.0, 810324.0, 810324.0, 810324.0, 810324.0, 810324.0, 810324.0, 810324.0, 810324.0, 810324.0, 810324.0, 810324.0, 810324.0, 810324.0, 810324.0, 810324.0, 810324.0, 810324.0, 810324.0, 810324.0, 810324.0, 810324.0, 810324.0, 810324.0, 810324.0, 810324.0, 810324.0, 810324.0, 810324.0, 810324.0, 810324.0, 810324.0, 810324.0, 810324.0, 810324.0, 810324.0, 810324.0, 810324.0, 810324.0, 810324.0, 810324.0, 810324.0, 810324.0, 810324.0, 810324.0, 810324.0, 810324.0, 810324.0, 810324.0, 810324.0, 810324.0, 810324.0, 810324.0, 810324.0, 810324.0, 810324.0, 810324.0, 810324.0, 810324.0, 810324.0, 810324.0, 810324.0, 810324.0, 810324.0, 810324.0, 810324.0, 810324.0, 810324.0, 810324.0, 810324.0, 810324.0, 810324.0, 810324.0, 810324.0, 810324.0, 810324.0, 810324.0, 810324.0, 810324.0, 810324.0, 810324.0, 810324.0, 810324.0, 810324.0, 810324.0, 810324.0, 810324.0, 810324.0, 810324.0, 810324.0, 810324.0, 810324.0, 810324.0, 810324.0, 810324.0, 810324.0, 810324.0, 810324.0, 810324.0, 810324.0, 810324.0, 810324.0, 810324.0, 810324.0, 810324.0, 810324.0, 810324.0, 810324.0, 810324.0, 810324.0, 810324.0, 810324.0, 810324.0, 810324.0, 810324.0, 810324.0, 810324.0, 810324.0, 810324.0, 810324.0, 810324.0, 810324.0, 810324.0, 810324.0, 810324.0, 810324.0, 810324.0, 810324.0, 810324.0, 810324.0, 810324.0, 810324.0, 810324.0, 810324.0, 810324.0, 810324.0, 810324.0, 810324.0, 810324.0, 810324.0, 810324.0, 810324.0, 810324.0, 810324.0, 810324.0, 810324.0, 810324.0, 810324.0, 810324.0, 810324.0, 810324.0, 810324.0, 810324.0, 810324.0, 810324.0, 810324.0, 810324.0, 810324.0, 810324.0, 810324.0, 810324.0, 810324.0, 810324.0, 810324.0, 810324.0, 810324.0, 810324.0, 810324.0, 810324.0, 810324.0, 810324.0, 810324.0, 810324.0, 810324.0, 810324.0, 810324.0, 810324.0, 810324.0, 810324.0, 810324.0, 810324.0, 810324.0, 810324.0, 810324.0, 810324.0, 810324.0, 810324.0, 810324.0, 810324.0, 810324.0, 810324.0, 810324.0, 810324.0, 810324.0, 810324.0, 810324.0, 810324.0, 810324.0, 810324.0, 810324.0, 810324.0, 810324.0, 810324.0, 810324.0, 810324.0, 810324.0, 810324.0, 810324.0, 810324.0, 810324.0, 810324.0, 810324.0, 810324.0, 810324.0, 810324.0, 810324.0, 810324.0, 810324.0, 810324.0, 810324.0, 810324.0, 810324.0, 810324.0, 810324.0, 810324.0, 810324.0, 810324.0, 810324.0, 810324.0, 810324.0, 810324.0, 810324.0, 810324.0, 810324.0, 810324.0, 810324.0, 810324.0, 810324.0, 810324.0, 810324.0, 810324.0, 810324.0, 810324.0, 810324.0, 810324.0, 810324.0, 810324.0, 810324.0, 810324.0, 810324.0, 810324.0, 810324.0, 810324.0, 810324.0, 810324.0, 810324.0, 810324.0, 810324.0, 810324.0, 810324.0, 810324.0, 810324.0, 810324.0, 810324.0, 810324.0, 810324.0, 810324.0, 810324.0, 810324.0, 810324.0, 810324.0, 810324.0, 810324.0, 810324.0, 810324.0, 810324.0, 810324.0, 810324.0, 810324.0, 810324.0, 810324.0, 810324.0, 810324.0, 810324.0, 810324.0, 810324.0, 810324.0, 810324.0, 810324.0, 810324.0, 810324.0, 810324.0, 810324.0, 810324.0, 810324.0, 810324.0, 810324.0, 810324.0, 810324.0, 810324.0, 810324.0, 810324.0, 810324.0, 810324.0, 810324.0, 810324.0, 810324.0, 810324.0, 810324.0, 810324.0, 810324.0, 810324.0, 810324.0, 810324.0, 810324.0, 810324.0, 810324.0, 810324.0, 810324.0, 810324.0, 810324.0, 810324.0, 810324.0, 810324.0, 810324.0, 810324.0, 810324.0, 810324.0, 810324.0, 810324.0, 810324.0, 810324.0, 810324.0, 810324.0, 810324.0, 810324.0, 810324.0, 810324.0, 810324.0, 810324.0, 810324.0, 810324.0, 810324.0, 810324.0, 810324.0, 810324.0, 810324.0, 810324.0, 810324.0, 810324.0, 810324.0, 810324.0, 810324.0, 810324.0, 810324.0, 810324.0, 810324.0, 810324.0, 810324.0, 810324.0, 810324.0, 810324.0, 810324.0, 810324.0, 810324.0, 810324.0, 810324.0, 810324.0, 810324.0, 810324.0, 810324.0, 810324.0, 810324.0, 810324.0, 810324.0, 810324.0, 810324.0, 810324.0, 810324.0, 810324.0, 810324.0, 810324.0, 810324.0, 810324.0, 810324.0, 810324.0, 810324.0, 810324.0, 810324.0, 810324.0, 810324.0, 810324.0, 810324.0, 810324.0, 810324.0, 810324.0, 810324.0, 810324.0, 810324.0, 810324.0, 810324.0, 810324.0, 810324.0, 810324.0, 810324.0, 810324.0, 810324.0, 810324.0, 810324.0, 810324.0, 810324.0, 810324.0, 810324.0, 810324.0, 810324.0, 810324.0, 810324.0, 810324.0, 810324.0, 810324.0, 810324.0, 810324.0, 810324.0, 810324.0, 810324.0, 810324.0, 810324.0, 810324.0, 810324.0, 810324.0, 810324.0, 810324.0, 810324.0, 810324.0, 810324.0, 810324.0, 810324.0, 810324.0, 810324.0, 810324.0, 810324.0, 810324.0, 810324.0, 810324.0, 810324.0, 810324.0, 810324.0, 810324.0, 810324.0, 810324.0, 810324.0, 810324.0, 810324.0, 810324.0, 810324.0, 810324.0, 810324.0, 810324.0, 810324.0, 810324.0, 810324.0, 810324.0, 810324.0, 810324.0, 810324.0, 810324.0, 810324.0, 810324.0, 810324.0, 810324.0, 810324.0, 810324.0, 810324.0, 810324.0, 810324.0, 810324.0, 810324.0, 810324.0, 810324.0, 810324.0, 810324.0, 810324.0, 810324.0, 810324.0, 810324.0, 810324.0, 810324.0, 810324.0, 810324.0, 810324.0, 810324.0, 810324.0, 810324.0, 810324.0, 810324.0, 810324.0, 810324.0, 810324.0, 810324.0, 810324.0, 810324.0, 810324.0, 810324.0, 810324.0, 810324.0, 810324.0, 810324.0, 810324.0, 810324.0, 810324.0, 810324.0, 810324.0, 810324.0, 810324.0, 810324.0, 810324.0, 810324.0, 810324.0, 810324.0, 810324.0, 810324.0, 810324.0, 810324.0, 810324.0, 810324.0, 810324.0, 810324.0, 810324.0, 810324.0, 810324.0, 810324.0, 810324.0, 810324.0, 810324.0, 810324.0, 810324.0, 810324.0, 810324.0, 810324.0, 810324.0, 810324.0, 810324.0, 810324.0, 810324.0, 810324.0, 810324.0, 810324.0, 810324.0, 810324.0, 810324.0, 810324.0, 810324.0, 810324.0, 810324.0, 810324.0, 810324.0, 810324.0, 810324.0, 810324.0, 810324.0, 810324.0, 810324.0, 810324.0, 810324.0, 810324.0, 810324.0, 810324.0, 810324.0, 810324.0, 810324.0, 810324.0, 810324.0, 810324.0, 810324.0, 810324.0, 810324.0, 810324.0, 810324.0, 810324.0, 810324.0, 810324.0, 810324.0, 810324.0, 810324.0, 810324.0, 810324.0, 810324.0, 810324.0, 810324.0, 810324.0, 810324.0, 810324.0, 810324.0, 810324.0, 810324.0, 810324.0, 810324.0, 810324.0, 810324.0, 810324.0, 810324.0, 810324.0, 810324.0, 810324.0, 810324.0, 810324.0, 810324.0, 810324.0, 810324.0, 810324.0, 810324.0, 810324.0, 810324.0, 810324.0, 810324.0, 810324.0, 810324.0, 810324.0, 810324.0, 810324.0, 810324.0, 810324.0, 810324.0, 810324.0, 810324.0, 810324.0, 810324.0, 810324.0, 810324.0, 810324.0, 810324.0, 810324.0, 810324.0, 810324.0, 810324.0, 810324.0, 810324.0, 810324.0, 810324.0, 810324.0, 810324.0, 810324.0, 810324.0, 810324.0, 810324.0, 810324.0, 810324.0, 810324.0, 810324.0, 810324.0, 810324.0, 810324.0, 810324.0, 810324.0, 810324.0, 810324.0, 810324.0, 810324.0, 810324.0, 810324.0, 810324.0, 810324.0, 810324.0, 810324.0, 810324.0, 810324.0, 810324.0, 810324.0, 810324.0, 810324.0, 810324.0, 810324.0, 810324.0, 810324.0, 810324.0, 810324.0, 810324.0, 810324.0, 810324.0, 810324.0, 810324.0, 810324.0, 810324.0, 810324.0, 810324.0, 810324.0, 810324.0, 810324.0, 810324.0, 810324.0, 810324.0, 810324.0, 810324.0, 810324.0, 810324.0, 810324.0, 810324.0, 810324.0, 810324.0, 810324.0, 810324.0, 810324.0, 810324.0, 810324.0, 810324.0, 810324.0, 810324.0, 810324.0, 810324.0, 810324.0, 810324.0, 810324.0, 810324.0, 810324.0, 810324.0, 810324.0, 810324.0, 810324.0, 810324.0, 810324.0, 810324.0, 810324.0, 810324.0, 810324.0, 810324.0, 810324.0, 810324.0, 810324.0, 810324.0, 810324.0, 810324.0, 810324.0, 810324.0, 810324.0, 809575.9598109385, 809575.9598109385, 809575.9598109385, 809575.9598109385, 809575.9598109385, 809575.9598109385, 809575.9598109385, 809575.9598109385, 809575.9598109385, 809575.9598109385, 809575.9598109385, 809575.9598109385, 809575.9598109385, 809575.9598109385, 809575.9598109385, 809575.9598109385, 809575.9598109385, 809575.9598109385, 809575.9598109385, 809575.9598109385, 809575.9598109385, 809575.9598109385, 809575.9598109385, 809575.9598109385, 809575.9598109385, 809575.9598109385, 809575.9598109385, 809575.9598109385, 809575.9598109385, 809575.9598109385, 809575.9598109385, 809575.9598109385, 809575.9598109385, 809575.9598109385, 809575.9598109385, 809575.9598109385, 809575.9598109385, 809575.9598109385, 809575.9598109385, 809575.9598109385, 809575.9598109385, 809575.9598109385, 810324.0, 810324.0, 810324.0, 810324.0, 806824.4630610545, 806824.4630610545, 806824.4630610545, 806824.4630610545, 806824.4630610545, 806824.4630610545, 806824.4630610545, 806824.4630610545, 806824.4630610545, 806824.4630610545, 806824.4630610545, 806824.4630610545, 806824.4630610545, 806824.4630610545, 806824.4630610545, 806824.4630610545, 806824.4630610545, 806824.4630610545, 806824.4630610545, 806824.4630610545, 806824.4630610545, 806824.4630610545, 806824.4630610545, 806824.4630610545, 806824.4630610545, 806824.4630610545, 806824.4630610545, 806824.4630610545, 806824.4630610545, 806824.4630610545, 806824.4630610545, 810324.0, 810324.0, 810324.0, 810324.0, 810324.0, 810324.0, 810324.0, 810324.0, 810324.0, 810324.0, 810324.0, 810324.0, 810324.0, 810324.0, 810324.0, 810324.0, 810324.0, 810324.0, 810324.0, 810324.0, 810324.0, 810324.0, 810324.0, 810324.0, 810324.0, 810324.0, 810324.0, 810324.0, 810324.0, 810324.0, 810324.0, 810324.0, 810324.0, 810324.0, 810324.0, 810324.0, 810324.0, 810324.0, 810324.0, 810324.0, 810324.0, 810324.0, 810324.0, 810324.0, 810324.0, 810324.0, 810324.0, 810324.0, 810324.0, 810324.0, 810324.0, 810324.0, 810324.0, 810324.0, 810324.0, 810324.0, 810324.0, 810324.0, 810324.0, 810324.0, 810324.0, 810324.0, 810324.0, 810324.0, 810324.0, 810324.0, 810324.0, 810324.0, 810324.0, 810324.0, 810324.0, 810324.0, 810324.0, 810324.0, 810324.0, 810324.0, 810324.0, 810324.0, 810324.0, 810324.0, 810324.0, 810324.0, 810324.0, 810324.0, 810324.0, 810324.0, 810324.0, 810324.0, 810324.0, 810324.0, 810324.0, 810324.0, 810324.0, 810324.0, 810324.0, 810324.0, 810324.0, 810324.0, 810324.0, 810324.0, 810324.0, 810324.0, 810324.0, 810324.0, 810324.0, 810324.0, 810324.0, 810324.0, 810324.0, 810324.0, 810324.0, 810324.0, 810324.0, 810324.0, 810324.0, 810324.0, 810324.0, 810324.0, 810324.0, 810324.0, 810324.0, 810324.0, 810324.0, 810324.0, 810324.0, 810324.0, 810324.0, 810324.0, 810324.0, 810324.0, 810324.0, 810324.0, 810324.0, 810324.0, 810324.0, 810324.0, 810324.0, 810324.0, 810324.0, 810324.0, 810324.0, 810324.0, 810324.0, 810324.0, 810324.0, 810324.0, 810324.0, 810324.0, 810324.0, 810324.0, 810324.0, 810324.0, 810324.0, 810324.0, 810324.0, 810324.0, 810324.0, 810324.0, 810324.0, 810324.0, 810324.0, 810324.0, 810324.0, 810324.0, 810324.0, 810324.0, 810324.0, 810324.0, 810324.0, 810324.0, 810324.0, 810324.0, 810324.0, 810324.0, 810324.0, 810324.0, 810324.0, 810324.0, 810324.0, 810324.0, 810324.0, 810324.0, 810324.0, 810324.0, 810324.0, 810324.0, 810324.0, 810324.0, 810324.0, 810324.0, 810324.0, 810324.0, 810324.0, 810324.0, 810324.0, 810324.0, 806545.7929166525, 806545.7929166525, 806545.7929166525, 806545.7929166525, 806545.7929166525, 806545.7929166525, 806545.7929166525, 806545.7929166525, 806545.7929166525, 806545.7929166525, 806545.7929166525, 806545.7929166525, 806545.7929166525, 806545.7929166525, 806545.7929166525, 806545.7929166525, 806545.7929166525, 806545.7929166525, 806545.7929166525, 806545.7929166525, 806545.7929166525, 806545.7929166525, 806545.7929166525, 806545.7929166525, 806545.7929166525, 806545.7929166525, 806545.7929166525, 806545.7929166525, 806545.7929166525, 806545.7929166525, 806545.7929166525, 806545.7929166525, 806545.7929166525, 806545.7929166525, 806545.7929166525, 806545.7929166525, 806545.7929166525, 806545.7929166525, 806545.7929166525, 806545.7929166525, 808056.3068621454, 808056.3068621454, 808056.3068621454, 808056.3068621454, 808056.3068621454, 810324.0, 810324.0, 810324.0, 810324.0, 810324.0, 810324.0, 810324.0, 810324.0, 810324.0, 810324.0, 810324.0, 810324.0, 810324.0, 810324.0, 810324.0, 810324.0, 810324.0, 810324.0, 810324.0, 810324.0, 810324.0, 810324.0, 810324.0, 810324.0, 810324.0, 810324.0, 810324.0, 810324.0, 810324.0, 810324.0, 810324.0, 810324.0, 810324.0, 810324.0, 810324.0, 810324.0, 810324.0, 810324.0, 810324.0, 810324.0, 810324.0, 810324.0, 810324.0, 810324.0, 810324.0, 810324.0, 810324.0, 810324.0, 810324.0, 810324.0, 810324.0, 810324.0, 810324.0, 810324.0, 810324.0, 810324.0, 810324.0, 810324.0, 810324.0, 810324.0, 810324.0, 810324.0, 810324.0, 810324.0, 810324.0, 810324.0, 810324.0, 810324.0, 810324.0, 810324.0, 810324.0, 810324.0, 810324.0, 810324.0, 810324.0, 810324.0, 810324.0, 810324.0, 810324.0, 810324.0, 810324.0, 810324.0, 810324.0, 810324.0, 810324.0, 810324.0, 810324.0, 810324.0, 810324.0, 810324.0, 810324.0, 810324.0, 810324.0, 810324.0, 810324.0, 810324.0, 810324.0, 810324.0, 810324.0, 810324.0, 810324.0, 810324.0, 810324.0, 810324.0, 810324.0, 810324.0, 810324.0, 810324.0, 810324.0, 810324.0, 810324.0, 810324.0, 810324.0, 810324.0, 810324.0, 810324.0, 810324.0, 810324.0, 810324.0, 810324.0, 810324.0, 810324.0, 810324.0, 810324.0, 810324.0, 810324.0, 810324.0, 810324.0, 810324.0, 810324.0, 810324.0, 810324.0, 810324.0, 810324.0, 810324.0, 810324.0, 810324.0, 810324.0, 810324.0, 810324.0, 810324.0, 810324.0, 810324.0, 810324.0, 810324.0, 810324.0, 810324.0, 810324.0, 810324.0, 810324.0, 810324.0, 810324.0, 810324.0, 810324.0, 810324.0, 810324.0, 810324.0, 810324.0, 810324.0, 810324.0, 810324.0, 810324.0, 810324.0, 810324.0, 810324.0, 810324.0, 810324.0, 810324.0, 810324.0, 810324.0, 810324.0, 810324.0, 810324.0, 810324.0, 810324.0, 810324.0, 810324.0, 810324.0, 810324.0, 810324.0, 810324.0, 810324.0, 810324.0, 810324.0, 810324.0, 810324.0, 810324.0, 810324.0, 810324.0, 810324.0, 810324.0, 810324.0, 810324.0, 810324.0, 810324.0, 810324.0, 810324.0, 810324.0, 810324.0, 810324.0, 810324.0, 810324.0, 810324.0, 810324.0, 810324.0, 810324.0, 810324.0, 810324.0, 810324.0, 810324.0, 810324.0, 810324.0, 810324.0, 810324.0, 810324.0, 810324.0, 810324.0, 810324.0, 810324.0, 810324.0, 810324.0, 810324.0, 810324.0, 810324.0, 810324.0, 810324.0, 810324.0, 810324.0, 810324.0, 810324.0, 810324.0, 810324.0, 810324.0, 810324.0, 810324.0, 810324.0, 810324.0, 810324.0, 810324.0, 810324.0, 810324.0, 810324.0, 810324.0, 810324.0, 810324.0, 810324.0, 810324.0, 810324.0, 810324.0, 810324.0, 810324.0, 810324.0, 810324.0, 810324.0, 810324.0, 810324.0, 810324.0, 810324.0, 810324.0, 810324.0, 810324.0, 810324.0, 810324.0, 810324.0, 810324.0, 810324.0, 810324.0, 810324.0, 810324.0, 810324.0, 810324.0, 810324.0, 810324.0, 810324.0, 810324.0, 810324.0, 810324.0, 810324.0, 810324.0, 810324.0, 810324.0, 810324.0, 810324.0, 810324.0, 810324.0, 810324.0, 810324.0, 810324.0, 810324.0, 810324.0, 810324.0, 810324.0, 810324.0, 810324.0, 810324.0, 810324.0, 810324.0, 810324.0, 810324.0, 810324.0, 810324.0, 810324.0, 810324.0, 810324.0, 810324.0, 810324.0, 810324.0, 810324.0, 810324.0, 810324.0, 810324.0, 810324.0, 810324.0, 810324.0, 810324.0, 810324.0, 810324.0, 810324.0, 810324.0, 810324.0, 810324.0, 810324.0, 810324.0, 810324.0, 810324.0, 810324.0, 810324.0, 810324.0, 810324.0, 810324.0, 810324.0, 810324.0, 810324.0, 810324.0, 810324.0, 810324.0, 810324.0, 810324.0, 810324.0, 810324.0, 810324.0, 810324.0, 810324.0, 810324.0, 810324.0, 810324.0, 810324.0, 810324.0, 810324.0, 810324.0, 810324.0, 810324.0, 810324.0, 810324.0, 810324.0, 810324.0, 810324.0, 810324.0, 810324.0, 810324.0, 810324.0, 810324.0, 810324.0, 793320.0892628022, 793320.0892628022, 793320.0892628022, 793320.0892628022, 793320.0892628022, 793320.0892628022, 793320.0892628022, 793320.0892628022, 793320.0892628022, 793320.0892628022, 793320.0892628022, 793320.0892628022, 793320.0892628022, 793320.0892628022, 793320.0892628022, 793320.0892628022, 793320.0892628022, 793320.0892628022, 793320.0892628022, 793320.0892628022, 793320.0892628022, 793320.0892628022, 793320.0892628022, 793320.0892628022, 793320.0892628022, 793320.0892628022, 793320.0892628022, 793320.0892628022, 793320.0892628022, 793320.0892628022, 793320.0892628022, 793320.0892628022, 793320.0892628022, 803722.4190934738, 806098.9694252567, 806098.9694252567, 808183.4131442059, 808183.4131442059, 810324.0, 810324.0, 810324.0, 810324.0, 810324.0, 810324.0, 810324.0, 810324.0, 810324.0, 810324.0, 810324.0, 810324.0, 810324.0, 810324.0, 810324.0, 810324.0, 810324.0, 810324.0, 810324.0, 810324.0, 810324.0, 810324.0, 810324.0, 810324.0, 810324.0, 810324.0, 810324.0, 810324.0, 810324.0, 810324.0, 810324.0, 810324.0, 810324.0, 810324.0, 810324.0, 810324.0, 810324.0, 810324.0, 810324.0, 810324.0, 810324.0, 810324.0, 810324.0, 810324.0, 810324.0, 810324.0, 810324.0, 810324.0, 810324.0, 810324.0, 810324.0, 810324.0, 810324.0, 810324.0, 810324.0, 810324.0, 810324.0, 810324.0, 810324.0, 810324.0, 810324.0, 810324.0, 810324.0, 810324.0, 810324.0, 810324.0, 810324.0, 810324.0, 810324.0, 810324.0, 810324.0, 810324.0, 810324.0, 810324.0, 810324.0, 810324.0, 810324.0, 810324.0, 810324.0, 810324.0, 810324.0, 810324.0, 810324.0, 810324.0, 810324.0, 810324.0, 810324.0, 810324.0, 810324.0, 810324.0, 810324.0, 810324.0, 810324.0, 810324.0, 810324.0, 810324.0, 810324.0, 810324.0, 810324.0, 810324.0, 810324.0, 810324.0, 810324.0, 810324.0, 810324.0, 810324.0, 810324.0, 810324.0, 810324.0, 810324.0, 810324.0, 810324.0, 810324.0, 810324.0, 810324.0, 810324.0, 810324.0, 810324.0, 810324.0, 810324.0, 810324.0, 810324.0, 810324.0, 810324.0, 810324.0, 810324.0, 810324.0, 810324.0, 810324.0, 810324.0, 810324.0, 810324.0, 810324.0, 810324.0, 810324.0, 810324.0, 810324.0, 810324.0, 810324.0, 810324.0, 810324.0, 810324.0, 810324.0, 810324.0, 810324.0, 810324.0, 810324.0, 810324.0, 810324.0, 810324.0, 810324.0, 810324.0, 810324.0, 810324.0, 810324.0, 810324.0, 810324.0, 810324.0, 810324.0, 810324.0, 810324.0, 810324.0, 810324.0, 810324.0, 810324.0, 810324.0, 810324.0, 810324.0, 810324.0, 810324.0, 810324.0, 810324.0, 810324.0, 810324.0, 810324.0, 810324.0, 810324.0, 810324.0, 810324.0, 810324.0, 810324.0, 810324.0, 810324.0, 810324.0, 810324.0, 810324.0, 810324.0, 810324.0, 810324.0, 809898.7768219379, 809898.7768219379, 809898.7768219379, 809898.7768219379, 809898.7768219379, 809898.7768219379, 809898.7768219379, 809898.7768219379, 809898.7768219379, 809898.7768219379, 809898.7768219379, 809898.7768219379, 809898.7768219379, 809898.7768219379, 809898.7768219379, 809898.7768219379, 809898.7768219379, 809898.7768219379, 809898.7768219379, 809898.7768219379, 809898.7768219379, 809898.7768219379, 809898.7768219379, 809898.7768219379, 809898.7768219379, 809898.7768219379, 809898.7768219379, 809898.7768219379, 809898.7768219379, 809898.7768219379, 809898.7768219379, 809898.7768219379, 809898.7768219379, 809898.7768219379, 809898.7768219379, 809898.7768219379, 809898.7768219379, 809898.7768219379, 809898.7768219379, 809898.7768219379, 809898.7768219379, 809898.7768219379, 809898.7768219379, 809898.7768219379, 809898.7768219379, 809898.7768219379, 808185.103227434, 808185.103227434, 808185.103227434, 808185.103227434, 808185.103227434, 808185.103227434, 808185.103227434, 808185.103227434, 808185.103227434, 808185.103227434, 808185.103227434, 808185.103227434, 808185.103227434, 808185.103227434, 808185.103227434, 808185.103227434, 808185.103227434, 808185.103227434, 808185.103227434, 808185.103227434, 808185.103227434, 808185.103227434, 808185.103227434, 808185.103227434, 808185.103227434, 808185.103227434, 808185.103227434, 808185.103227434, 808185.103227434, 808185.103227434, 808185.103227434, 808185.103227434, 808185.103227434, 808185.103227434, 808185.103227434, 808185.103227434, 808185.103227434, 808185.103227434, 808185.103227434, 808185.103227434, 808185.103227434, 808244.6538556024, 808244.6538556024, 808244.6538556024, 810324.0, 810324.0, 810324.0, 810324.0, 810324.0, 810324.0, 810324.0, 810324.0, 810324.0, 810324.0, 810324.0, 810324.0, 810324.0, 810324.0, 810324.0, 810324.0, 810324.0, 810324.0, 810324.0, 810324.0, 810324.0, 810324.0, 810324.0, 810324.0, 810324.0, 810324.0, 810324.0, 810324.0, 810324.0, 810324.0, 810324.0, 810324.0, 810324.0, 810324.0, 810324.0, 810324.0, 810324.0, 810324.0, 810324.0, 810324.0, 810324.0, 810324.0, 810324.0, 810324.0, 810324.0, 810324.0, 810324.0, 810324.0, 810324.0, 810324.0, 810324.0, 810324.0, 810324.0, 810324.0, 810324.0, 810324.0, 810324.0, 810324.0, 810324.0, 810324.0, 810324.0, 810324.0, 810324.0, 810324.0, 810324.0, 810324.0, 810324.0, 810324.0, 810324.0, 810324.0, 810324.0, 810324.0, 810324.0, 810324.0, 810324.0, 810324.0, 810324.0, 810324.0, 810324.0, 810324.0, 810324.0, 810324.0, 810324.0, 810324.0, 810324.0, 810324.0, 810324.0, 810324.0, 810324.0, 810324.0, 810324.0, 810324.0, 791836.0107083493, 791836.0107083493, 791836.0107083493, 791836.0107083493, 791836.0107083493, 791836.0107083493, 791836.0107083493, 791836.0107083493, 791836.0107083493, 791836.0107083493, 791836.0107083493, 791836.0107083493, 791836.0107083493, 791836.0107083493, 791836.0107083493, 791836.0107083493, 791836.0107083493, 791836.0107083493, 791836.0107083493, 791836.0107083493, 791836.0107083493, 791836.0107083493, 791836.0107083493, 791836.0107083493, 791836.0107083493, 791836.0107083493, 791836.0107083493, 791836.0107083493, 791836.0107083493, 791836.0107083493, 791836.0107083493, 791836.0107083493, 791836.0107083493, 791836.0107083493, 791836.0107083493, 791836.0107083493, 791836.0107083493, 802930.7797029456, 804910.0779710712, 804910.0779710712, 804910.0779710712, 810279.4305558745, 810279.4305558745, 810279.4305558745, 810279.4305558745, 796008.8022071968, 796008.8022071968, 796008.8022071968, 796008.8022071968, 796008.8022071968, 796008.8022071968, 796008.8022071968, 796008.8022071968, 796008.8022071968, 796008.8022071968, 796008.8022071968, 796008.8022071968, 796008.8022071968, 796008.8022071968, 796008.8022071968, 796008.8022071968, 796008.8022071968, 796008.8022071968, 796008.8022071968, 796008.8022071968, 796008.8022071968, 796008.8022071968, 796008.8022071968, 796008.8022071968, 796008.8022071968, 796008.8022071968, 796008.8022071968, 796008.8022071968, 796008.8022071968, 796008.8022071968, 796008.8022071968, 796008.8022071968, 796008.8022071968, 796008.8022071968, 796008.8022071968, 796008.8022071968, 797937.6630207393, 797937.6630207393, 797937.6630207393, 797937.6630207393, 797937.6630207393, 797937.6630207393, 797937.6630207393, 806823.417146831, 806823.417146831, 808807.3777638862, 810139.8117194019, 810139.8117194019, 810139.8117194019, 810139.8117194019, 810139.8117194019, 810139.8117194019, 810139.8117194019, 810139.8117194019, 810139.8117194019, 810139.8117194019, 810139.8117194019, 810139.8117194019, 810139.8117194019, 810139.8117194019, 810139.8117194019, 810139.8117194019, 810139.8117194019, 810139.8117194019, 810139.8117194019, 810139.8117194019, 810139.8117194019, 810139.8117194019, 810139.8117194019, 810139.8117194019, 810139.8117194019, 810139.8117194019, 810139.8117194019, 810139.8117194019, 810139.8117194019, 810139.8117194019, 810139.8117194019, 810139.8117194019, 810139.8117194019, 810139.8117194019, 810324.0, 810324.0, 810324.0, 810324.0, 810324.0, 810324.0, 810324.0, 810324.0, 810324.0, 810324.0, 810324.0, 810324.0, 810324.0, 810324.0, 810324.0, 810324.0, 810324.0, 810324.0, 810324.0, 810324.0, 810324.0, 810324.0, 810324.0, 810324.0, 810324.0, 810324.0, 810324.0, 810324.0, 810324.0, 810324.0, 810324.0, 810324.0, 810324.0, 810324.0, 810324.0, 810324.0, 810324.0, 810324.0, 810324.0, 810324.0, 810324.0, 810324.0, 810324.0, 810324.0, 810324.0, 810324.0, 810324.0, 810324.0, 810324.0, 810324.0, 810324.0, 810324.0, 810324.0, 810324.0, 810324.0, 810324.0, 810324.0, 810324.0, 810324.0, 810324.0, 810324.0, 810324.0, 810324.0, 810324.0, 810324.0, 810324.0, 810324.0, 810324.0, 810324.0, 810324.0, 810324.0, 810324.0, 810324.0, 810324.0, 810324.0, 810324.0, 810324.0, 810324.0, 810324.0, 810324.0, 810324.0, 810324.0, 810324.0, 810324.0, 810324.0, 810324.0, 810324.0, 810324.0, 810324.0, 810324.0, 810324.0, 810324.0, 810324.0, 810324.0, 810324.0, 810324.0, 810324.0, 810324.0, 810324.0, 810324.0, 810324.0, 810324.0, 810324.0, 810324.0, 810324.0, 810324.0, 810324.0, 810324.0, 810324.0, 810324.0, 810324.0, 810324.0, 810324.0, 810324.0, 810324.0, 810324.0, 810324.0, 810324.0, 810324.0, 810324.0, 810324.0, 810324.0, 810324.0, 810324.0, 810324.0, 810324.0, 810324.0, 810324.0, 810324.0, 810324.0, 810324.0, 810324.0, 810324.0, 810324.0, 810324.0, 810324.0, 810324.0, 810324.0, 810324.0, 810324.0, 810324.0, 810324.0, 810324.0, 810324.0, 810324.0, 810324.0, 810324.0, 795126.9505589565, 795126.9505589565, 795126.9505589565, 795126.9505589565, 795126.9505589565, 795126.9505589565, 795126.9505589565, 795126.9505589565, 795126.9505589565, 795126.9505589565, 795126.9505589565, 795126.9505589565, 795126.9505589565, 795126.9505589565, 795126.9505589565, 795126.9505589565, 795126.9505589565, 795126.9505589565, 795126.9505589565, 795126.9505589565, 795126.9505589565, 795126.9505589565, 795126.9505589565, 795126.9505589565, 795126.9505589565, 795126.9505589565, 795126.9505589565, 795126.9505589565, 795126.9505589565, 795126.9505589565, 795126.9505589565, 795126.9505589565, 795126.9505589565, 795126.9505589565, 795126.9505589565, 795126.9505589565, 795126.9505589565, 795126.9505589565, 795126.9505589565, 798374.262758134, 798374.262758134, 798374.262758134, 798374.262758134, 798374.262758134, 810032.1850149657, 810032.1850149657, 810032.1850149657, 810032.1850149657, 810032.1850149657, 810032.1850149657, 810032.1850149657, 810032.1850149657, 810032.1850149657, 810032.1850149657, 810032.1850149657, 810032.1850149657, 810032.1850149657, 810032.1850149657, 810032.1850149657, 810032.1850149657, 810032.1850149657, 810032.1850149657, 810032.1850149657, 810032.1850149657, 810032.1850149657, 810032.1850149657, 810032.1850149657, 810032.1850149657, 810032.1850149657, 810032.1850149657, 810032.1850149657, 810032.1850149657, 810032.1850149657, 810032.1850149657, 810032.1850149657, 810032.1850149657, 810032.1850149657, 810032.1850149657, 810032.1850149657, 810032.1850149657, 810032.1850149657, 810032.1850149657, 810032.1850149657, 810032.1850149657, 810032.1850149657, 810032.1850149657, 810032.1850149657, 810032.1850149657, 810032.1850149657, 810032.1850149657, 810023.7288563881, 810099.387307741, 810099.387307741, 810099.387307741, 810099.387307741, 810099.387307741, 810099.387307741, 810099.387307741, 810099.387307741, 810099.387307741, 810099.387307741, 810099.387307741, 810099.387307741, 810099.387307741, 810099.387307741, 810099.387307741, 810099.387307741, 810099.387307741, 810099.387307741, 810099.387307741, 810099.387307741, 810099.387307741, 810099.387307741, 810099.387307741, 810099.387307741, 810099.387307741, 810099.387307741, 810099.387307741, 810099.387307741, 810099.387307741, 810099.387307741, 810099.387307741, 810099.387307741, 810099.387307741, 810099.387307741, 810099.387307741, 810099.387307741, 810099.387307741, 810099.387307741, 810324.0, 810324.0, 810324.0, 810324.0, 810324.0, 810324.0, 810324.0, 810324.0, 810324.0, 810324.0, 810324.0, 810324.0, 810324.0, 810324.0, 810324.0, 810324.0, 810324.0, 810324.0, 810324.0, 810324.0, 810324.0, 810324.0, 810324.0, 810324.0, 810324.0, 810324.0, 810324.0, 810324.0, 810324.0, 810324.0, 810324.0, 810324.0, 810324.0, 810324.0, 810324.0, 810324.0, 810324.0, 810324.0, 810324.0, 810324.0, 810324.0, 810324.0, 810324.0, 810324.0, 810324.0, 810324.0, 810324.0, 810324.0, 810324.0, 810324.0, 810324.0, 810324.0, 810324.0, 808972.5785562993, 808972.5785562993, 808972.5785562993, 808972.5785562993, 808972.5785562993, 808972.5785562993, 808972.5785562993, 808972.5785562993, 808972.5785562993, 808972.5785562993, 808972.5785562993, 808972.5785562993, 808972.5785562993, 808972.5785562993, 808972.5785562993, 808972.5785562993, 808972.5785562993, 808972.5785562993, 808972.5785562993, 808972.5785562993, 808972.5785562993, 808972.5785562993, 808972.5785562993, 808972.5785562993, 808972.5785562993, 808972.5785562993, 808972.5785562993, 808972.5785562993, 808972.5785562993, 808972.5785562993, 808972.5785562993, 808972.5785562993, 808972.5785562993, 808972.5785562993, 808972.5785562993, 808972.5785562993, 808972.5785562993, 809555.1529704911, 809555.1529704911, 809555.1529704911, 810299.7904311616, 810324.0, 810324.0, 810324.0, 810324.0, 810324.0, 810324.0, 810324.0, 810324.0, 810324.0, 810324.0, 810324.0, 810324.0, 810324.0, 810324.0, 810324.0, 810324.0, 810324.0, 810324.0, 810324.0, 810324.0, 810324.0, 810324.0, 810324.0, 810324.0, 810324.0, 810324.0, 810324.0, 810324.0, 810324.0, 810324.0, 810324.0, 810324.0, 810324.0, 810324.0, 810324.0, 810324.0, 810324.0, 810324.0, 810324.0, 810324.0, 810324.0, 810324.0, 810324.0, 810324.0, 810324.0, 810324.0, 810324.0, 810324.0, 810324.0, 810324.0, 810324.0, 810324.0, 810324.0, 810324.0, 810324.0, 810324.0, 810324.0, 810324.0, 810324.0, 810324.0, 810324.0, 810324.0, 810324.0, 810324.0, 810324.0, 810324.0, 810324.0, 810324.0, 810324.0, 810324.0, 810324.0, 810324.0, 810324.0, 810324.0, 810324.0, 810324.0, 810324.0, 810324.0, 810324.0, 810324.0, 810324.0, 810324.0, 810324.0, 810324.0, 810324.0, 810324.0, 810324.0, 810324.0, 810324.0, 810324.0, 810324.0, 810324.0, 810324.0, 810324.0, 810324.0, 810324.0, 810324.0, 810324.0, 810324.0, 810324.0, 810324.0, 810324.0, 810324.0, 810324.0, 810324.0, 810324.0, 810324.0, 810324.0, 810324.0, 810324.0, 810324.0, 810324.0, 810324.0, 810324.0, 810324.0, 810324.0, 810324.0, 810324.0, 810324.0, 810324.0, 810324.0, 810324.0, 810324.0, 810324.0, 810324.0, 810324.0, 810324.0, 810324.0, 810324.0, 810324.0, 810324.0, 810324.0, 810324.0, 810324.0, 810324.0, 810324.0, 810324.0, 810324.0, 810324.0, 810324.0, 810324.0, 810324.0, 810324.0, 810324.0, 810324.0, 810324.0, 810324.0, 810324.0, 810324.0, 810324.0, 810324.0, 810324.0, 810324.0, 810324.0, 810324.0, 810324.0, 810324.0, 810324.0, 810324.0, 810324.0, 810324.0, 810324.0, 810324.0, 810324.0, 810324.0, 810324.0, 810324.0, 810324.0, 810324.0, 810324.0, 810324.0, 810324.0, 810324.0, 810324.0, 810324.0, 810324.0, 810324.0, 810324.0, 810324.0, 810324.0, 810324.0, 810324.0, 810324.0, 810324.0, 810324.0, 810324.0, 799638.8361276172, 799638.8361276172, 799638.8361276172, 799638.8361276172, 799638.8361276172, 799638.8361276172, 799638.8361276172, 799638.8361276172, 799638.8361276172, 799638.8361276172, 799638.8361276172, 799638.8361276172, 799638.8361276172, 799638.8361276172, 799638.8361276172, 799638.8361276172, 799638.8361276172, 799638.8361276172, 799638.8361276172, 799638.8361276172, 799638.8361276172, 799638.8361276172, 799638.8361276172, 799638.8361276172, 799638.8361276172, 799638.8361276172, 799638.8361276172, 799638.8361276172, 799638.8361276172, 799638.8361276172, 799638.8361276172, 805899.6320669383, 805899.6320669383, 805899.6320669383, 805899.6320669383, 810324.0, 810324.0, 810324.0, 810324.0, 810324.0, 810324.0, 810324.0, 810324.0, 810324.0, 810324.0, 810324.0, 810324.0, 810324.0, 810324.0, 810324.0, 810324.0, 810324.0, 810324.0, 810324.0, 810324.0, 810324.0, 810324.0, 810324.0, 810324.0, 810324.0, 810324.0, 810324.0, 810324.0, 810324.0, 810324.0, 810324.0, 810324.0, 810324.0, 810324.0, 810324.0, 810324.0, 810324.0, 810324.0, 810324.0, 810324.0, 810324.0, 810324.0, 810324.0, 810324.0, 810324.0, 810324.0, 810324.0, 810324.0, 810324.0, 810324.0, 810324.0, 810324.0, 810324.0, 810324.0, 810324.0, 810324.0, 810324.0, 
40652.31722795032, 14814.359607284086, 14814.359607284086, 13660.424793070337, 13660.424793070337, 13660.424793070337, 13660.424793070337, 13660.424793070337, 7945.560058000652, 7945.560058000652, 7945.560058000652, 5518.980039535749, 5518.980039535749, 1630.4611566478443, 1630.4611566478443, 1485.3156496134745, 1485.3156496134745, 1485.3156496134745, 1471.1578031358508, 1107.1840129087195, 1088.5480414495466, 991.9512362653232, 991.9512362653232, 663.6378332713283, 659.7888923183477, 659.7888923183477, 558.8302473365027, 558.8302473365027, 244.841390744385, 244.841390744385, 244.841390744385, 244.841390744385, 244.841390744385, 244.841390744385, 244.841390744385, 244.841390744385, 152.5571010186206, 152.5571010186206, 152.5571010186206, 139.0952682351911, 138.8868243813288, 120.34372544694214, 120.34372544694214, 120.34372544694214, 120.34372544694214, 120.34372544694214, 120.34372544694214, 120.34372544694214, 120.34372544694214, 120.34372544694214, 117.90008623986039, 61.600059899739264, 61.600059899739264, 61.600059899739264, 60.410271538748304, 60.410271538748304, 60.410271538748304, 60.410271538748304, 60.410271538748304, 60.410271538748304, 60.410271538748304, 60.387177124907865, 56.21933990373019, 56.21933990373019, 56.21933990373019, 50.79646963024639, 50.79646963024639, 50.79646963024639, 49.58858223093607, 49.58858223093607, 49.58858223093607, 49.58858223093607, 49.58858223093607, 35.706813548063465, 25.400171938569915, 25.400171938569915, 25.400171938569915, 25.400171938569915, 25.400171938569915, 24.718681134636675, 24.718681134636675, 24.718681134636675, 19.80339547345389, 19.80339547345389, 19.80339547345389, 19.80339547345389, 19.80339547345389, 19.80339547345389, 19.80339547345389, 19.80339547345389, 19.80339547345389, 135468.28619757242, 239171.12960614756, 239171.12960614756, 302022.4458268186, 415010.2899182789, 362645.74647151295, 362645.74647151295, 362645.74647151295, 414346.93803489936, 414346.93803489936, 490050.24880013964, 600378.145957687, 600378.145957687, 600378.145957687, 600378.145957687, 600378.145957687, 699452.215366524, 699452.215366524, 699452.215366524, 699452.215366524, 699452.215366524, 699452.215366524, 699452.215366524, 738231.0273801651, 738231.0273801651, 738231.0273801651, 738231.0273801651, 738231.0273801651, 767382.6720020075, 790824.0908695987, 796426.1459621524, 796426.1459621524, 805517.1348989652, 805517.1348989652, 805517.1348989652, 809274.7333916335, 810324.0, 810324.0, 810324.0, 810324.0, 810324.0, 810324.0, 810324.0, 810324.0, 810324.0, 810324.0, 810324.0, 810324.0, 810324.0, 810324.0, 810324.0, 810324.0, 810324.0, 810324.0, 810324.0, 810324.0, 810324.0, 810324.0, 810324.0, 810324.0, 810324.0, 810324.0, 810324.0, 810324.0, 810324.0, 810324.0, 810324.0, 810324.0, 810324.0, 810324.0, 810324.0, 810324.0, 810324.0, 810324.0, 810324.0, 810324.0, 810324.0, 810324.0, 810324.0, 810324.0, 810324.0, 810324.0, 810324.0, 810324.0, 810324.0, 810324.0, 810324.0, 810324.0, 810324.0, 810324.0, 810324.0, 810324.0, 810324.0, 810324.0, 810324.0, 810324.0, 810324.0, 810324.0, 810324.0, 810324.0, 810324.0, 810324.0, 810324.0, 810324.0, 810324.0, 810324.0, 810324.0, 810324.0, 810324.0, 810324.0, 810324.0, 810324.0, 810324.0, 810324.0, 810324.0, 810324.0, 810324.0, 810324.0, 810324.0, 810324.0, 810324.0, 810324.0, 810324.0, 810324.0, 810324.0, 810324.0, 810324.0, 810324.0, 810324.0, 810324.0, 810324.0, 810324.0, 810324.0, 810324.0, 810324.0, 810324.0, 810324.0, 810324.0, 810324.0, 810324.0, 810324.0, 810324.0, 810324.0, 810324.0, 810324.0, 810324.0, 810324.0, 810324.0, 810324.0, 810324.0, 810324.0, 810324.0, 810324.0, 810324.0, 810324.0, 810324.0, 810324.0, 810324.0, 810324.0, 810324.0, 810324.0, 810324.0, 810324.0, 810324.0, 810324.0, 810324.0, 810324.0, 810324.0, 810324.0, 810324.0, 810324.0, 810324.0, 810324.0, 810324.0, 810324.0, 810324.0, 810324.0, 810324.0, 810324.0, 810324.0, 810324.0, 810324.0, 810324.0, 810324.0, 810324.0, 810324.0, 810324.0, 810324.0, 810324.0, 810324.0, 810324.0, 810324.0, 810324.0, 810324.0, 810324.0, 810324.0, 810324.0, 810324.0, 810324.0, 810324.0, 810324.0, 810324.0, 810324.0, 810324.0, 810324.0, 810324.0, 810324.0, 810324.0, 810324.0, 810324.0, 810324.0, 810324.0, 810324.0, 810324.0, 810324.0, 810324.0, 810324.0, 810324.0, 810324.0, 810324.0, 810324.0, 810324.0, 810324.0, 810324.0, 810324.0, 810324.0, 810324.0, 810324.0, 810324.0, 810324.0, 810324.0, 810324.0, 810324.0, 810324.0, 810324.0, 810324.0, 810324.0, 810324.0, 810324.0, 810324.0, 810324.0, 810324.0, 810324.0, 810324.0, 810324.0, 810324.0, 810324.0, 810324.0, 810324.0, 810324.0, 810324.0, 810324.0, 810324.0, 810324.0, 810324.0, 810324.0, 810324.0, 810324.0, 810324.0, 810324.0, 810324.0, 810324.0, 810324.0, 810324.0, 810324.0, 810324.0, 810324.0, 810324.0, 810324.0, 810324.0, 810324.0, 810324.0, 810324.0, 810324.0, 810324.0, 810324.0, 810324.0, 810324.0, 810324.0, 810324.0, 810324.0, 810324.0, 810324.0, 810324.0, 810324.0, 810324.0, 810324.0, 810324.0, 810324.0, 810324.0, 810324.0, 810324.0, 810324.0, 810324.0, 810324.0, 810324.0, 810324.0, 810324.0, 810324.0, 810324.0, 810324.0, 810324.0, 810324.0, 810324.0, 810324.0, 810324.0, 810324.0, 810324.0, 810324.0, 810324.0, 810324.0, 810324.0, 810324.0, 810324.0, 810324.0, 810324.0, 810324.0, 810324.0, 810324.0, 810324.0, 810324.0, 810324.0, 810324.0, 810324.0, 810324.0, 810324.0, 810324.0, 810324.0, 810324.0, 810324.0, 810324.0, 810324.0, 810324.0, 810324.0, 810324.0, 810324.0, 810324.0, 810324.0, 810324.0, 810324.0, 810324.0, 810324.0, 810324.0, 810324.0, 810324.0, 810324.0, 810324.0, 810324.0, 810324.0, 810324.0, 810324.0, 810324.0, 810324.0, 810324.0, 810324.0, 810324.0, 810324.0, 810324.0, 810324.0, 810324.0, 810324.0, 810324.0, 810324.0, 810324.0, 810324.0, 810324.0, 810324.0, 810324.0, 810324.0, 810324.0, 810324.0, 810324.0, 810324.0, 810324.0, 810324.0, 810324.0, 810324.0, 810324.0, 810324.0, 810324.0, 810324.0, 810324.0, 810324.0, 810324.0, 810324.0, 810324.0, 810324.0, 810324.0, 810324.0, 810324.0, 810324.0, 810324.0, 810324.0, 810324.0, 810324.0, 810324.0, 810324.0, 810324.0, 810324.0, 810324.0, 810324.0, 810324.0, 810324.0, 810324.0, 810324.0, 810324.0, 810324.0, 810324.0, 810324.0, 810324.0, 810324.0, 810324.0, 810324.0, 810324.0, 810324.0, 810324.0, 810324.0, 810324.0, 810324.0, 810324.0, 810324.0, 810324.0, 810324.0, 810324.0, 810324.0, 810324.0, 810324.0, 810324.0, 810324.0, 810324.0, 810324.0, 810324.0, 810324.0, 810324.0, 810324.0, 810324.0, 810324.0, 810324.0, 810324.0, 810324.0, 810324.0, 810324.0, 810324.0, 810324.0, 810324.0, 810324.0, 810324.0, 810324.0, 810324.0, 810324.0, 810324.0, 810324.0, 810324.0, 810324.0, 810324.0, 810324.0, 810324.0, 810324.0, 810324.0, 810324.0, 810324.0, 810324.0, 810324.0, 810324.0, 810324.0, 810324.0, 810324.0, 810324.0, 810324.0, 810324.0, 810324.0, 810324.0, 810324.0, 810324.0, 810324.0, 810324.0, 810324.0, 810324.0, 810324.0, 810324.0, 810324.0, 810324.0, 810324.0, 810324.0, 810324.0, 810324.0, 810324.0, 810324.0, 810324.0, 810324.0, 810324.0, 810324.0, 810324.0, 810324.0, 810324.0, 810324.0, 810324.0, 810324.0, 810324.0, 810324.0, 810324.0, 810324.0, 810324.0, 810324.0, 810324.0, 810324.0, 810324.0, 810324.0, 810324.0, 810324.0, 810324.0, 810324.0, 810324.0, 810324.0, 810324.0, 810324.0, 810324.0, 810324.0, 810324.0, 810324.0, 810324.0, 810324.0, 810324.0, 810324.0, 810324.0, 810324.0, 810324.0, 810324.0, 810324.0, 810324.0, 810324.0, 810324.0, 810324.0, 810324.0, 810324.0, 810324.0, 810324.0, 810324.0, 810324.0, 810324.0, 810324.0, 810324.0, 810324.0, 810324.0, 810324.0, 810324.0, 810324.0, 810324.0, 810324.0, 810324.0, 810324.0, 810324.0, 810324.0, 810324.0, 810324.0, 810324.0, 810324.0, 810324.0, 810324.0, 810324.0, 810324.0, 810324.0, 810324.0, 810324.0, 810324.0, 810324.0, 810324.0, 810324.0, 810324.0, 810324.0, 810324.0, 810324.0, 810324.0, 810324.0, 810324.0, 810324.0, 810324.0, 810324.0, 810324.0, 810324.0, 810324.0, 810324.0, 810324.0, 810324.0, 810324.0, 810324.0, 810324.0, 810324.0, 810324.0, 810324.0, 808980.5814897778, 808980.5814897778, 808980.5814897778, 808980.5814897778, 808980.5814897778, 808980.5814897778, 808980.5814897778, 808980.5814897778, 808980.5814897778, 808980.5814897778, 808980.5814897778, 808980.5814897778, 808980.5814897778, 808980.5814897778, 808980.5814897778, 808980.5814897778, 808980.5814897778, 808980.5814897778, 808980.5814897778, 808980.5814897778, 808980.5814897778, 808980.5814897778, 808980.5814897778, 808980.5814897778, 808980.5814897778, 808980.5814897778, 808980.5814897778, 808980.5814897778, 808980.5814897778, 808980.5814897778, 808980.5814897778, 808980.5814897778, 808980.5814897778, 808980.5814897778, 808980.5814897778, 808980.5814897778, 808980.5814897778, 808980.5814897778, 808980.5814897778, 810187.2202365024, 810187.2202365024, 810187.2202365024, 810324.0, 810324.0, 810324.0, 810324.0, 810324.0, 810324.0, 810324.0, 810324.0, 810324.0, 810324.0, 810324.0, 810324.0, 810324.0, 810324.0, 810324.0, 810324.0, 810324.0, 810324.0, 810324.0, 810324.0, 810324.0, 810324.0, 810324.0, 810324.0, 810324.0, 810324.0, 810324.0, 810324.0, 810324.0, 810324.0, 810324.0, 810324.0, 810324.0, 810324.0, 810324.0, 810324.0, 810324.0, 810324.0, 810324.0, 810324.0, 810324.0, 810324.0, 810324.0, 810324.0, 810324.0, 810324.0, 810324.0, 810324.0, 810324.0, 810324.0, 810324.0, 810324.0, 810324.0, 810324.0, 810324.0, 810324.0, 810324.0, 810324.0, 810324.0, 810324.0, 810324.0, 810324.0, 810324.0, 810324.0, 810324.0, 810324.0, 810324.0, 810324.0, 810324.0, 810324.0, 810324.0, 810324.0, 810324.0, 810324.0, 810324.0, 810324.0, 810324.0, 810324.0, 810324.0, 810324.0, 810324.0, 810324.0, 810324.0, 810324.0, 810324.0, 810324.0, 810324.0, 810324.0, 810324.0, 810324.0, 810324.0, 810324.0, 810324.0, 810324.0, 810324.0, 810324.0, 810324.0, 810324.0, 810324.0, 810324.0, 810324.0, 810324.0, 810324.0, 810324.0, 810324.0, 810324.0, 810324.0, 810324.0, 810324.0, 810324.0, 810324.0, 810324.0, 810324.0, 810324.0, 810324.0, 810324.0, 810324.0, 810324.0, 810324.0, 810324.0, 810324.0, 810324.0, 810324.0, 810324.0, 810324.0, 810324.0, 810324.0, 810324.0, 810324.0, 810324.0, 810324.0, 810324.0, 810324.0, 810324.0, 810324.0, 810324.0, 810324.0, 810324.0, 810324.0, 810324.0, 810324.0, 810324.0, 810324.0, 810324.0, 810324.0, 810324.0, 810324.0, 810324.0, 810324.0, 810324.0, 810324.0, 810324.0, 810324.0, 810324.0, 810324.0, 810324.0, 810324.0, 810324.0, 810324.0, 810324.0, 810324.0, 810324.0, 810324.0, 810324.0, 810324.0, 810324.0, 810324.0, 810324.0, 810324.0, 810324.0, 810324.0, 810324.0, 810324.0, 810324.0, 810324.0, 810324.0, 810324.0, 810324.0, 810324.0, 810324.0, 810324.0, 810324.0, 810324.0, 810324.0, 810324.0, 810324.0, 810324.0, 810324.0, 810324.0, 810324.0, 810324.0, 810324.0, 810324.0, 810324.0, 810324.0, 810324.0, 810324.0, 810324.0, 810324.0, 810324.0, 810324.0, 810324.0, 810324.0, 810324.0, 810324.0, 810324.0, 810324.0, 810324.0, 810324.0, 810324.0, 810324.0, 810324.0, 810324.0, 810324.0, 810324.0, 810324.0, 810324.0, 810324.0, 810324.0, 810324.0, 810324.0, 810324.0, 810324.0, 810324.0, 810324.0, 810324.0, 810324.0, 810324.0, 810324.0, 810324.0, 809697.7620426079, 809697.7620426079, 809697.7620426079, 809697.7620426079, 809697.7620426079, 809697.7620426079, 809697.7620426079, 809697.7620426079, 809697.7620426079, 809697.7620426079, 809697.7620426079, 809697.7620426079, 809697.7620426079, 809697.7620426079, 809697.7620426079, 809697.7620426079, 809697.7620426079, 809697.7620426079, 809697.7620426079, 809697.7620426079, 809697.7620426079, 809697.7620426079, 809697.7620426079, 809697.7620426079, 809697.7620426079, 809697.7620426079, 809697.7620426079, 809697.7620426079, 809697.7620426079, 809697.7620426079, 809697.7620426079, 809697.7620426079, 809697.7620426079, 809697.7620426079, 809697.7620426079, 809697.7620426079, 810324.0, 810324.0, 810324.0, 810324.0, 810324.0, 810324.0, 810324.0, 810324.0, 810324.0, 810324.0, 810324.0, 810324.0, 810324.0, 810324.0, 810324.0, 810324.0, 810324.0, 810324.0, 810324.0, 810324.0, 810324.0, 810324.0, 810324.0, 810324.0, 810324.0, 810324.0, 810324.0, 810324.0, 810324.0, 810324.0, 810324.0, 810324.0, 810324.0, 810324.0, 810324.0, 810324.0, 810324.0, 810324.0, 810324.0, 810324.0, 810324.0, 810324.0, 810324.0, 810324.0, 810324.0, 810324.0, 810324.0, 810324.0, 810324.0, 810324.0, 810324.0, 810324.0, 810324.0, 810324.0, 810324.0, 810324.0, 810324.0, 810324.0, 810324.0, 810324.0, 810324.0, 810324.0, 810324.0, 810324.0, 810324.0, 810324.0, 810324.0, 810324.0, 810324.0, 810324.0, 810324.0, 810324.0, 810324.0, 810324.0, 810324.0, 810324.0, 810324.0, 810324.0, 810324.0, 810324.0, 810324.0, 810324.0, 810324.0, 810324.0, 810324.0, 810324.0, 810324.0, 810324.0, 810324.0, 810324.0, 810324.0, 810324.0, 810324.0, 810324.0, 810324.0, 810324.0, 810324.0, 810324.0, 810324.0, 810324.0, 810324.0, 810324.0, 810324.0, 810324.0, 810324.0, 810324.0, 810324.0, 810324.0, 810324.0, 810324.0, 810324.0, 810324.0, 810324.0, 810324.0, 810324.0, 810324.0, 810324.0, 810324.0, 810324.0, 810324.0, 810324.0, 810324.0, 810324.0, 810324.0, 810324.0, 810324.0, 810324.0, 810324.0, 810324.0, 810324.0, 810324.0, 810324.0, 810324.0, 810324.0, 810324.0, 810324.0, 810324.0, 810324.0, 810324.0, 810324.0, 810324.0, 810324.0, 810324.0, 810324.0, 810324.0, 810324.0, 810324.0, 810324.0, 810324.0, 810324.0, 810324.0, 810324.0, 810324.0, 810324.0, 810324.0, 810324.0, 810324.0, 810324.0, 810324.0, 810324.0, 810324.0, 810324.0, 810324.0, 810324.0, 810324.0, 810324.0, 810324.0, 810324.0, 810324.0, 810324.0, 810324.0, 810324.0, 810324.0, 810324.0, 810324.0, 810324.0, 810324.0, 810324.0, 810324.0, 810324.0, 810324.0, 810324.0, 810324.0, 810324.0, 810324.0, 810324.0, 810324.0, 810324.0, 810324.0, 810324.0, 810324.0, 810324.0, 810324.0, 810324.0, 810324.0, 810324.0, 810324.0, 810324.0, 810324.0, 810324.0, 810324.0, 810324.0, 810324.0, 810324.0, 810324.0, 810324.0, 810324.0, 810324.0, 810324.0, 810324.0, 810324.0, 810324.0, 810324.0, 810324.0, 810324.0, 810324.0, 810324.0, 810324.0, 810324.0, 810324.0, 810324.0, 810324.0, 810324.0, 810324.0, 810324.0, 810324.0, 810324.0, 810324.0, 810324.0, 810324.0, 810324.0, 810324.0, 810324.0, 810324.0, 810324.0, 810324.0, 810324.0, 810324.0, 810324.0, 810324.0, 810324.0, 810324.0, 810324.0, 810324.0, 810324.0, 810324.0, 810324.0, 810324.0, 810324.0, 810324.0, 810324.0, 810324.0, 810324.0, 810324.0, 810324.0, 810324.0, 810324.0, 810324.0, 810324.0, 810324.0, 810324.0, 810324.0, 810324.0, 810324.0, 810324.0, 810324.0, 810324.0, 810324.0, 810324.0, 810324.0, 810324.0, 810324.0, 810324.0, 810324.0, 810324.0, 810324.0, 810324.0, 810324.0, 810324.0, 810324.0, 810324.0, 810324.0, 810324.0, 810324.0, 810324.0, 810324.0, 810324.0, 810324.0, 810324.0, 810324.0, 810324.0, 810324.0, 810324.0, 810324.0, 810324.0, 810324.0, 810324.0, 810324.0, 810324.0, 810324.0, 810324.0, 810324.0, 810324.0, 810324.0, 810324.0, 810324.0, 810324.0, 810324.0, 810324.0, 810324.0, 810324.0, 810324.0, 810324.0, 810324.0, 810324.0, 810324.0, 810324.0, 810324.0, 810324.0, 810324.0, 810324.0, 810324.0, 810324.0, 810324.0, 810324.0, 810324.0, 810324.0, 810324.0, 810324.0, 810324.0, 810324.0, 810324.0, 810324.0, 810324.0, 810324.0, 810324.0, 810324.0, 810324.0, 810324.0, 810324.0, 810324.0, 810324.0, 810324.0, 810324.0, 810324.0, 810324.0, 810324.0, 810324.0, 810324.0, 810324.0, 810324.0, 810324.0, 810324.0, 810324.0, 810324.0, 810324.0, 810324.0, 810324.0, 810324.0, 810324.0, 810324.0, 810324.0, 810324.0, 810324.0, 810324.0, 810324.0, 810324.0, 810324.0, 810324.0, 810324.0, 810324.0, 810324.0, 810324.0, 810324.0, 810324.0, 810324.0, 810324.0, 810324.0, 810324.0, 810324.0, 810324.0, 810324.0, 810324.0, 810324.0, 810324.0, 810324.0, 810324.0, 810324.0, 810324.0, 810324.0, 810324.0, 810324.0, 810324.0, 810324.0, 810324.0, 810324.0, 810324.0, 810324.0, 810324.0, 810324.0, 810324.0, 810324.0, 810324.0, 810324.0, 810324.0, 810324.0, 810324.0, 810324.0, 810324.0, 810324.0, 810324.0, 810324.0, 810324.0, 810324.0, 810324.0, 810324.0, 810324.0, 810324.0, 810324.0, 810324.0, 810324.0, 810324.0, 810324.0, 810324.0, 810324.0, 810324.0, 810324.0, 810324.0, 810324.0, 810324.0, 810324.0, 810324.0, 810324.0, 810324.0, 810324.0, 810324.0, 810324.0, 810324.0, 810324.0, 810324.0, 810324.0, 810324.0, 810324.0, 810324.0, 810324.0, 810324.0, 810324.0, 810324.0, 810324.0, 810324.0, 810324.0, 810324.0, 810324.0, 810324.0, 810324.0, 810324.0, 810324.0, 810324.0, 810324.0, 810324.0, 810324.0, 810324.0, 810324.0, 810324.0, 810324.0, 810324.0, 810324.0, 810324.0, 810324.0, 810324.0, 810324.0, 810324.0, 810324.0, 810324.0, 810324.0, 810324.0, 810324.0, 810324.0, 810324.0, 810324.0, 810324.0, 810324.0, 810324.0, 810324.0, 810324.0, 810324.0, 810324.0, 810324.0, 810324.0, 810324.0, 810324.0, 810324.0, 810324.0, 810324.0, 810324.0, 810324.0, 810324.0, 810324.0, 810324.0, 810324.0, 810324.0, 810324.0, 810324.0, 810324.0, 810324.0, 810324.0, 810324.0, 810324.0, 810324.0, 809963.3753923316, 809963.3753923316, 809963.3753923316, 809963.3753923316, 809963.3753923316, 809963.3753923316, 809963.3753923316, 809963.3753923316, 809963.3753923316, 809963.3753923316, 809963.3753923316, 809963.3753923316, 809963.3753923316, 809963.3753923316, 809963.3753923316, 809963.3753923316, 809963.3753923316, 809963.3753923316, 809963.3753923316, 809963.3753923316, 809963.3753923316, 809963.3753923316, 809963.3753923316, 809963.3753923316, 809963.3753923316, 809963.3753923316, 809963.3753923316, 809963.3753923316, 809963.3753923316, 809963.3753923316, 809963.3753923316, 809963.3753923316, 809963.3753923316, 809963.3753923316, 809963.3753923316, 809963.3753923316, 809963.3753923316, 810324.0, 810324.0, 810324.0, 810324.0, 810324.0, 810324.0, 810324.0, 810324.0, 810324.0, 810324.0, 810324.0, 810324.0, 810324.0, 810324.0, 810324.0, 810324.0, 810324.0, 810324.0, 810324.0, 810324.0, 810324.0, 810324.0, 810324.0, 810324.0, 810324.0, 810324.0, 810324.0, 810324.0, 810324.0, 810324.0, 810324.0, 810324.0, 810324.0, 810324.0, 810324.0, 810324.0, 810324.0, 810324.0, 810324.0, 810324.0, 810324.0, 810324.0, 810324.0, 810324.0, 810324.0, 810324.0, 810324.0, 810324.0, 810324.0, 810324.0, 810324.0, 810324.0, 810324.0, 810324.0, 810324.0, 810324.0, 810324.0, 810324.0, 810324.0, 810324.0, 810324.0, 810324.0, 810324.0, 810324.0, 810324.0, 810324.0, 810324.0, 810324.0, 810324.0, 810324.0, 810324.0, 810324.0, 810324.0, 810324.0, 810324.0, 810324.0, 810324.0, 810324.0, 810324.0, 810324.0, 810324.0, 810324.0, 810324.0, 810324.0, 810324.0, 810324.0, 810324.0, 810324.0, 810324.0, 810324.0, 810324.0, 810324.0, 810324.0, 810324.0, 810324.0, 810324.0, 810324.0, 810324.0, 810324.0, 810324.0, 810324.0, 810324.0, 810324.0, 810324.0, 810324.0, 810324.0, 810324.0, 810324.0, 810324.0, 810324.0, 810324.0, 810324.0, 810324.0, 810324.0, 810324.0, 810324.0, 810324.0, 810324.0, 810324.0, 810324.0, 810324.0, 810324.0, 810324.0, 810324.0, 810324.0, 810324.0, 810324.0, 810324.0, 810324.0, 810324.0, 810324.0, 810324.0, 810324.0, 810324.0, 810324.0, 810324.0, 810324.0, 810324.0, 810324.0, 810324.0, 810324.0, 810324.0, 810324.0, 810324.0, 810324.0, 810324.0, 810324.0, 810324.0, 810324.0, 810324.0, 810324.0, 810324.0, 810324.0, 810324.0, 810324.0, 810324.0, 810324.0, 810324.0, 810324.0, 810324.0, 810324.0, 810324.0, 810324.0, 810324.0, 810324.0, 810324.0, 810324.0, 810324.0, 810324.0, 810324.0, 810324.0, 810324.0, 810324.0, 810324.0, 810324.0, 810324.0, 810324.0, 810324.0, 810324.0, 810324.0, 810324.0, 810324.0, 810324.0, 810324.0, 810324.0, 810324.0, 810324.0, 810324.0, 810324.0, 810324.0, 810324.0, 810324.0, 810324.0, 810324.0, 810324.0, 810324.0, 810324.0, 810324.0, 810324.0, 810324.0, 810324.0, 810324.0, 810324.0, 810324.0, 810324.0, 810324.0, 810324.0, 810324.0, 810324.0, 810324.0, 810324.0, 810324.0, 810324.0, 810324.0, 810324.0, 810324.0, 810324.0, 810324.0, 810324.0, 810324.0, 810324.0, 810324.0, 810324.0, 810324.0, 810324.0, 810324.0, 810324.0, 810324.0, 810324.0, 810324.0, 810324.0, 810324.0, 810324.0, 810324.0, 810324.0, 810324.0, 810324.0, 810324.0, 810324.0, 810324.0, 810324.0, 810324.0, 810324.0, 810324.0, 810324.0, 810324.0, 810324.0, 810324.0, 810324.0, 810324.0, 810324.0, 810324.0, 810324.0, 810324.0, 810324.0, 810324.0, 810324.0, 810324.0, 810324.0, 810324.0, 810324.0, 810324.0, 810324.0, 810324.0, 810324.0, 810324.0, 810324.0, 810324.0, 810324.0, 810324.0, 810324.0, 810324.0, 810324.0, 810324.0, 810324.0, 810324.0, 810324.0, 810324.0, 810324.0, 810324.0, 810324.0, 810324.0, 810324.0, 810324.0, 810324.0, 810324.0, 810324.0, 810324.0, 810324.0, 810324.0, 810324.0, 810324.0, 810324.0, 810324.0, 810324.0, 810324.0, 810324.0, 810324.0, 810324.0, 810324.0, 810324.0, 810324.0, 810324.0, 810324.0, 810324.0, 810324.0, 810324.0, 810324.0, 810324.0, 810324.0, 810324.0, 810324.0, 810324.0, 810324.0, 810324.0, 810324.0, 810324.0, 810324.0, 810324.0, 810324.0, 810324.0, 810324.0, 810324.0, 810324.0, 810324.0, 810324.0, 789743.948389111, 789743.948389111, 789743.948389111, 789743.948389111, 789743.948389111, 789743.948389111, 789743.948389111, 789743.948389111, 789743.948389111, 789743.948389111, 789743.948389111, 789743.948389111, 789743.948389111, 789743.948389111, 789743.948389111, 789743.948389111, 789743.948389111, 789743.948389111, 789743.948389111, 789743.948389111, 789743.948389111, 789743.948389111, 789743.948389111, 789743.948389111, 789743.948389111, 789743.948389111, 789743.948389111, 797630.60304915, 797630.60304915, 800862.8928113522, 800862.8928113522, 800862.8928113522, 800862.8928113522, 800862.8928113522, 800862.8928113522, 800862.8928113522, 802341.357483231, 806731.5741039139, 807474.2790668353, 807474.2790668353, 810022.3948815821, 810324.0, 810324.0, 810324.0, 810324.0, 810324.0, 810324.0, 810324.0, 810324.0, 810324.0, 810324.0, 810324.0, 810324.0, 810324.0, 810324.0, 810324.0, 810324.0, 810324.0, 810324.0, 810324.0, 810324.0, 810324.0, 810324.0, 810324.0, 810324.0, 810324.0, 810324.0, 810324.0, 810324.0, 810324.0, 810324.0, 810324.0, 810324.0, 810324.0, 810324.0, 810324.0, 810324.0, 810324.0, 810324.0, 810324.0, 810324.0, 810324.0, 810324.0, 810324.0, 810324.0, 810324.0, 810324.0, 810324.0, 810324.0, 810324.0, 810324.0, 810324.0, 810324.0, 810324.0, 810324.0, 810324.0, 810324.0, 810324.0, 810324.0, 810324.0, 810324.0, 810324.0, 810324.0, 810324.0, 810324.0, 810324.0, 810324.0, 810324.0, 810324.0, 810324.0, 810324.0, 810324.0, 810324.0, 810324.0, 810324.0, 810324.0, 810324.0, 810324.0, 810324.0, 810324.0, 810324.0, 810324.0, 810324.0, 810324.0, 810324.0, 810324.0, 810324.0, 810324.0, 810324.0, 810324.0, 810324.0, 810324.0, 810324.0, 810324.0, 810324.0, 810324.0, 810324.0, 810324.0, 810324.0, 810324.0, 810324.0, 810324.0, 810324.0, 810324.0, 810324.0, 810324.0, 810324.0, 810324.0, 810324.0, 810324.0, 810324.0, 810324.0, 810324.0, 810324.0, 810324.0, 810324.0, 810324.0, 810324.0, 810324.0, 810324.0, 810324.0, 810324.0, 810324.0, 810324.0, 810324.0, 810324.0, 810324.0, 810324.0, 810324.0, 810324.0, 810324.0, 810324.0, 810324.0, 810324.0, 810324.0, 810324.0, 810324.0, 810324.0, 810324.0, 810324.0, 810324.0, 810324.0, 810324.0, 810324.0, 810324.0, 810324.0, 810324.0, 810324.0, 810324.0, 810324.0, 810324.0, 810324.0, 810324.0, 810324.0, 810324.0, 810324.0, 810324.0, 810324.0, 810324.0, 810324.0, 810324.0, 810324.0, 810324.0, 810324.0, 810324.0, 810324.0, 810324.0, 810324.0, 810324.0, 810324.0, 810324.0, 810324.0, 810324.0, 810324.0, 810324.0, 810324.0, 810324.0, 810324.0, 810324.0, 810324.0, 810324.0, 810324.0, 810324.0, 810324.0, 810324.0, 810324.0, 810324.0, 810324.0, 810324.0, 810324.0, 810324.0, 810324.0, 810324.0, 810324.0, 810324.0, 810324.0, 810324.0, 810324.0, 810324.0, 810324.0, 810324.0, 810324.0, 810324.0, 810324.0, 810324.0, 810324.0, 810324.0, 810324.0, 810324.0, 810324.0, 810324.0, 810324.0, 810324.0, 810324.0, 810324.0, 810324.0, 810324.0, 810324.0, 810324.0, 810324.0, 810324.0, 810324.0, 810324.0, 810324.0, 810324.0, 810324.0, 810324.0, 810324.0, 810324.0, 810324.0, 810324.0, 810324.0, 810324.0, 810324.0, 810324.0, 810324.0, 810324.0, 810324.0, 810324.0, 810324.0, 810324.0, 810324.0, 810324.0, 810324.0, 810324.0, 810324.0, 810324.0, 810324.0, 810324.0, 810324.0, 810324.0, 810324.0, 810324.0, 810324.0, 810324.0, 810324.0, 810324.0, 810324.0, 810324.0, 810324.0, 810324.0, 810324.0, 810324.0, 810324.0, 810324.0, 810324.0, 810324.0, 810324.0, 810324.0, 810324.0, 810324.0, 810324.0, 810324.0, 810324.0, 810324.0, 810324.0, 810324.0, 810324.0, 810324.0, 810324.0, 810324.0, 810324.0, 810324.0, 810324.0, 810324.0, 810324.0, 810324.0, 810324.0, 810324.0, 810324.0, 810324.0, 810324.0, 810324.0, 810324.0, 810324.0, 810324.0, 810324.0, 810324.0, 810324.0, 810324.0, 810324.0, 810324.0, 810324.0, 810324.0, 810324.0, 810324.0, 810324.0, 810324.0, 810324.0, 810324.0, 810324.0, 810324.0, 810324.0, 810324.0, 810324.0, 810324.0, 810324.0, 810324.0, 810324.0, 810324.0, 810324.0, 810324.0, 810324.0, 810324.0, 810324.0, 810324.0, 810324.0, 810324.0, 810324.0, 810324.0, 810324.0, 810324.0, 810324.0, 810324.0, 810324.0, 810324.0, 810324.0, 810324.0, 810324.0, 810324.0, 810324.0, 810324.0, 810324.0, 810324.0, 810324.0, 810324.0, 810324.0, 810324.0, 810324.0, 810324.0, 810324.0, 810324.0, 810324.0, 810324.0, 810324.0, 810324.0, 810324.0, 810324.0, 810324.0, 810324.0, 810324.0, 810324.0, 810324.0, 810324.0, 810324.0, 810324.0, 810324.0, 810324.0, 810324.0, 810324.0, 810324.0, 810324.0, 810324.0, 810324.0, 810324.0, 810324.0, 810324.0, 810324.0, 810324.0, 810324.0, 810324.0, 810324.0, 810324.0, 810324.0, 810324.0, 810324.0, 810324.0, 810324.0, 810324.0, 810324.0, 810324.0, 810324.0, 810324.0, 810324.0, 810324.0, 810324.0, 810324.0, 810324.0, 810324.0, 810324.0, 810324.0, 810324.0, 810324.0, 810324.0, 810324.0, 810324.0, 810324.0, 810324.0, 810324.0, 810324.0, 810324.0, 810324.0, 810324.0, 810324.0, 810324.0, 810324.0, 810324.0, 810324.0, 810324.0, 810324.0, 810324.0, 810324.0, 810324.0, 810324.0, 810324.0, 810324.0, 810324.0, 810324.0, 810324.0, 810324.0, 810324.0, 810324.0, 810324.0, 810324.0, 810324.0, 810324.0, 810324.0, 810324.0, 810324.0, 810324.0, 810324.0, 810324.0, 810324.0, 810324.0, 810324.0, 810324.0, 810324.0, 810324.0, 810324.0, 810324.0, 810324.0, 810324.0, 810324.0, 810324.0, 810324.0, 810324.0, 810324.0, 810324.0, 810324.0, 810324.0, 810324.0, 810324.0, 810324.0, 810324.0, 810324.0, 810324.0, 810324.0, 810324.0, 810324.0, 810324.0, 810324.0, 810324.0, 810324.0, 810324.0, 810324.0, 810324.0, 810324.0, 810324.0, 810324.0, 810324.0, 810324.0, 810324.0, 810324.0, 810324.0, 810324.0, 810324.0, 810324.0, 810324.0, 810324.0, 810324.0, 810324.0, 810324.0, 810324.0, 810324.0, 810324.0, 810324.0, 810324.0, 810324.0, 810324.0, 810324.0, 810324.0, 810324.0, 810324.0, 810324.0, 810324.0, 810324.0, 810324.0, 810324.0, 810324.0, 810324.0, 810324.0, 810324.0, 810324.0, 810324.0, 810324.0, 810324.0, 810324.0, 810324.0, 810324.0, 810324.0, 810324.0, 810324.0, 810324.0, 810324.0, 810324.0, 810324.0, 810324.0, 810324.0, 810324.0, 810324.0, 810324.0, 810324.0, 810324.0, 810324.0, 810324.0, 810324.0, 810324.0, 810324.0, 810324.0, 810324.0, 810324.0, 810324.0, 810324.0, 810324.0, 810324.0, 810324.0, 810324.0, 810324.0, 810324.0, 810324.0, 810324.0, 810324.0, 810324.0, 810324.0, 810324.0, 810324.0, 810324.0, 810324.0, 810324.0, 810324.0, 810324.0, 810324.0, 810324.0, 810324.0, 810324.0, 810324.0, 810324.0, 810324.0, 810324.0, 810324.0, 810324.0, 810324.0, 810324.0, 810324.0, 810324.0, 810324.0, 810324.0, 810324.0, 810324.0, 810324.0, 810324.0, 810324.0, 810324.0, 810324.0, 810324.0, 810324.0, 810324.0, 810324.0, 810324.0, 810324.0, 810324.0, 810324.0, 810324.0, 810324.0, 810324.0, 810324.0, 810324.0, 810324.0, 810324.0, 810324.0, 810324.0, 810324.0, 810324.0, 810324.0, 810324.0, 810324.0, 810324.0, 810324.0, 810324.0, 810324.0, 810324.0, 810324.0, 810324.0, 810324.0, 810324.0, 810324.0, 810324.0, 810324.0, 810324.0, 810324.0, 810324.0, 810324.0, 810324.0, 810324.0, 810324.0, 810324.0, 810324.0, 810324.0, 810324.0, 810324.0, 810324.0, 810324.0, 810324.0, 810324.0, 810324.0, 810324.0, 810324.0, 810324.0, 810324.0, 810324.0, 810324.0, 810324.0, 810324.0, 810324.0, 810324.0, 810324.0, 810324.0, 810324.0, 810324.0, 810324.0, 810324.0, 810324.0, 810324.0, 810324.0, 810324.0, 810324.0, 810324.0, 810324.0, 810324.0, 810324.0, 810324.0, 810324.0, 810324.0, 810324.0, 810324.0, 810324.0, 810324.0, 810324.0, 810324.0, 810324.0, 810324.0, 810324.0, 810324.0, 810324.0, 810324.0, 810324.0, 810324.0, 810324.0, 810324.0, 810324.0, 810324.0, 810324.0, 810324.0, 810324.0, 810324.0, 810324.0, 810324.0, 810324.0, 810324.0, 810324.0, 810324.0, 810324.0, 810324.0, 810324.0, 810324.0, 810324.0, 810324.0, 810324.0, 810324.0, 810324.0, 810324.0, 810324.0, 810324.0, 810324.0, 810324.0, 810324.0, 810324.0, 810324.0, 810324.0, 810324.0, 810324.0, 810324.0, 810324.0, 810324.0, 810324.0, 810324.0, 810324.0, 810324.0, 810324.0, 810324.0, 810324.0, 810324.0, 810324.0, 810324.0, 810324.0, 810324.0, 810324.0, 810324.0, 810324.0, 810324.0, 810324.0, 810324.0, 810324.0, 810324.0, 810324.0, 810324.0, 810324.0, 810324.0, 810324.0, 810324.0, 810324.0, 810324.0, 810324.0, 810324.0, 810324.0, 810324.0, 810324.0, 810324.0, 810324.0, 810324.0, 810324.0, 810324.0, 810324.0, 810324.0, 810324.0, 810324.0, 810324.0, 810324.0, 810324.0, 810324.0, 810324.0, 810324.0, 810324.0, 810324.0, 810324.0, 810324.0, 810324.0, 810324.0, 810324.0, 810324.0, 810324.0, 810324.0, 810324.0, 810324.0, 810324.0, 810324.0, 810324.0, 810324.0, 810324.0, 810324.0, 810324.0, 810324.0, 810324.0, 810324.0, 810324.0, 810324.0, 810324.0, 810324.0, 810324.0, 810324.0, 810324.0, 810324.0, 810324.0, 810324.0, 810324.0, 810324.0, 810324.0, 810324.0, 810324.0, 810324.0, 810324.0, 810324.0, 810324.0, 810324.0, 810324.0, 810324.0, 810324.0, 810324.0, 810324.0, 810324.0, 810324.0, 810324.0, 810324.0, 810324.0, 810324.0, 810324.0, 810324.0, 810324.0, 810324.0, 810324.0, 810324.0, 810324.0, 810324.0, 806105.673887592, 806105.673887592, 806105.673887592, 806105.673887592, 806105.673887592, 806105.673887592, 806105.673887592, 806105.673887592, 806105.673887592, 806105.673887592, 806105.673887592, 806105.673887592, 806105.673887592, 806105.673887592, 806105.673887592, 806105.673887592, 806105.673887592, 806105.673887592, 806105.673887592, 806105.673887592, 806105.673887592, 806105.673887592, 806105.673887592, 806105.673887592, 806105.673887592, 806105.673887592, 806105.673887592, 806105.673887592, 806105.673887592, 806105.673887592, 806105.673887592, 806105.673887592, 806105.673887592, 806105.673887592, 806105.673887592, 806105.673887592, 807911.5986232748, 807911.5986232748, 807911.5986232748, 807911.5986232748, 807911.5986232748, 807911.5986232748, 807911.5986232748, 808360.4407820747, 808360.4407820747, 808360.4407820747, 809076.6171865028, 809076.6171865028, 809076.6171865028, 809076.6171865028, 809076.6171865028, 809076.6171865028, 809076.6171865028, 809076.6171865028, 809076.6171865028, 809076.6171865028, 809076.6171865028, 809076.6171865028, 809076.6171865028, 809076.6171865028, 809076.6171865028, 809076.6171865028, 809076.6171865028, 809076.6171865028, 809076.6171865028, 809076.6171865028, 809076.6171865028, 809076.6171865028, 809076.6171865028, 809076.6171865028, 809076.6171865028, 809076.6171865028, 809076.6171865028, 809076.6171865028, 809076.6171865028, 809076.6171865028, 809076.6171865028, 809076.6171865028, 809076.6171865028, 809076.6171865028, 809076.6171865028, 809076.6171865028, 809076.6171865028, 809076.6171865028, 809076.6171865028, 809076.6171865028, 809076.6171865028, 809076.6171865028, 809076.6171865028, 809076.6171865028, 809076.6171865028, 809076.6171865028, 809076.6171865028, 809076.6171865028, 809076.6171865028, 809076.6171865028, 809076.6171865028, 809076.6171865028, 809076.6171865028, 809076.6171865028, 809076.6171865028, 809076.6171865028, 809076.6171865028, 809076.6171865028, 809076.6171865028, 809076.6171865028, 809076.6171865028, 809076.6171865028, 809076.6171865028, 809076.6171865028, 809076.6171865028, 809076.6171865028, 809076.6171865028, 809076.6171865028, 809076.6171865028, 809076.6171865028, 809076.6171865028, 809076.6171865028, 809076.6171865028, 809076.6171865028, 809076.6171865028, 809076.6171865028, 809076.6171865028, 809076.6171865028, 809076.6171865028, 809076.6171865028, 809076.6171865028, 810324.0, 810324.0, 810324.0, 810324.0, 810324.0, 810324.0, 810324.0, 810324.0, 810324.0, 810324.0, 810324.0, 810324.0, 810324.0, 810324.0, 810324.0, 810324.0, 810324.0, 810324.0, 810324.0, 810324.0, 810324.0, 810324.0, 810324.0, 810324.0, 810324.0, 810324.0, 810324.0, 810324.0, 810324.0, 810324.0, 810324.0, 810324.0, 810324.0, 810324.0, 810324.0, 810324.0, 810324.0, 810324.0, 810324.0, 810324.0, 810324.0, 810324.0, 810324.0, 810324.0, 810324.0, 810324.0, 810324.0, 810324.0, 810324.0, 810324.0, 810324.0, 810324.0, 810324.0, 810324.0, 810324.0, 810324.0, 810324.0, 810324.0, 810324.0, 810324.0, 810324.0, 810324.0, 810324.0, 810324.0, 810324.0, 810324.0, 810324.0, 810324.0, 810324.0, 810324.0, 810324.0, 810324.0, 810324.0, 810324.0, 810324.0, 810324.0, 810324.0, 810324.0, 810324.0, 810324.0, 810324.0, 810324.0, 810324.0, 810324.0, 810324.0, 810324.0, 810324.0, 810324.0, 810324.0, 810324.0, 810324.0, 810324.0, 810324.0, 810324.0, 810324.0, 810324.0, 810324.0, 810324.0, 810324.0, 810324.0, 810324.0, 810324.0, 810324.0, 810324.0, 810324.0, 810324.0, 810324.0, 810324.0, 810324.0, 810324.0, 810324.0, 810324.0, 810324.0, 810324.0, 810324.0, 810324.0, 810324.0, 810324.0, 810324.0, 810324.0, 810324.0, 810324.0, 810324.0, 810324.0, 810324.0, 810324.0, 810324.0, 810324.0, 810324.0, 810324.0, 810324.0, 810324.0, 810324.0, 810324.0, 810324.0, 810324.0, 810324.0, 810324.0, 810324.0, 810324.0, 810324.0, 810324.0, 810324.0, 810324.0, 810324.0, 810324.0, 804714.5275476911, 804714.5275476911, 804714.5275476911, 804714.5275476911, 804714.5275476911, 804714.5275476911, 804714.5275476911, 804714.5275476911, 804714.5275476911, 804714.5275476911, 804714.5275476911, 804714.5275476911, 804714.5275476911, 804714.5275476911, 804714.5275476911, 804714.5275476911, 804714.5275476911, 804714.5275476911, 804714.5275476911, 804714.5275476911, 804714.5275476911, 804714.5275476911, 804714.5275476911, 804714.5275476911, 804714.5275476911, 804714.5275476911, 804714.5275476911, 804714.5275476911, 804714.5275476911, 804714.5275476911, 804714.5275476911, 804714.5275476911, 808110.8188615775, 808110.8188615775, 808110.8188615775, 808110.8188615775, 808110.8188615775, 808110.8188615775, 808110.8188615775, 808110.8188615775, 809827.6739640931, 809827.6739640931, 809827.6739640931, 809827.6739640931, 809827.6739640931, 810240.6030367226, 810240.6030367226, 810240.6030367226, 810240.6030367226, 810240.6030367226, 810240.6030367226, 810240.6030367226, 810240.6030367226, 810240.6030367226, 810240.6030367226, 810240.6030367226, 810240.6030367226, 810240.6030367226, 810240.6030367226, 810240.6030367226, 810240.6030367226, 810240.6030367226, 810240.6030367226, 810240.6030367226, 810240.6030367226, 810240.6030367226, 810240.6030367226, 810240.6030367226, 810240.6030367226, 810240.6030367226, 810240.6030367226, 810240.6030367226, 810240.6030367226, 810240.6030367226, 810240.6030367226, 810240.6030367226, 810240.6030367226, 810240.6030367226, 810240.6030367226, 810240.6030367226, 810240.6030367226, 810240.6030367226, 810240.6030367226, 810240.6030367226, 810240.6030367226, 810324.0, 810324.0, 810324.0, 810324.0, 810324.0, 810324.0, 810324.0, 810324.0, 810324.0, 810324.0, 810324.0, 810324.0, 810324.0, 810324.0, 810324.0, 810324.0, 810324.0, 810324.0, 810324.0, 810324.0, 810324.0, 810324.0, 810324.0, 810324.0, 810324.0, 810324.0, 810324.0, 810324.0, 810324.0, 810324.0, 810324.0, 810324.0, 810324.0, 810324.0, 810324.0, 810324.0, 810324.0, 810324.0, 810324.0, 810324.0, 810324.0, 810324.0, 810324.0, 810324.0, 810324.0, 810324.0, 810324.0, 810324.0, 810324.0, 810324.0, 810324.0, 810324.0, 810324.0, 810324.0, 810324.0, 810324.0, 810324.0, 810324.0, 810324.0, 810324.0, 810324.0, 810324.0, 810324.0, 810324.0, 810324.0, 810324.0, 810324.0, 810324.0, 810324.0, 810324.0, 810324.0, 810324.0, 810324.0, 810324.0, 810324.0, 810324.0, 810324.0, 810324.0, 810324.0, 810324.0, 810324.0, 810324.0, 810324.0, 810324.0, 810324.0, 810324.0, 810324.0, 810324.0, 810324.0, 810324.0, 810324.0, 810324.0, 810324.0, 810324.0, 810324.0, 810324.0, 810324.0, 810324.0, 810324.0, 810324.0, 810324.0, 810324.0, 810324.0, 810324.0, 810324.0, 810324.0, 810324.0, 810324.0, 810324.0, 810324.0, 810324.0, 810324.0, 810324.0, 810324.0, 810324.0, 810324.0, 810324.0, 810324.0, 810324.0, 810324.0, 810324.0, 810324.0, 810324.0, 810324.0, 810324.0, 810324.0, 810324.0, 810324.0, 810324.0, 810324.0, 810324.0, 810324.0, 810324.0, 810324.0, 810324.0, 810324.0, 810324.0, 810324.0, 810324.0, 810324.0, 810324.0, 810324.0, 810324.0, 810324.0, 810324.0, 810324.0, 810324.0, 810324.0, 810324.0, 810324.0, 810324.0, 810324.0, 810324.0, 810324.0, 810324.0, 810324.0, 810324.0, 810324.0, 810324.0, 810324.0, 810324.0, 810324.0, 810324.0, 810324.0, 810324.0, 810324.0, 810324.0, 810324.0, 810324.0, 810324.0, 810324.0, 810324.0, 810324.0, 810324.0, 810324.0, 810324.0, 810324.0, 810324.0, 810324.0, 810324.0, 810324.0, 810324.0, 810324.0, 810324.0, 810324.0, 810324.0, 810324.0, 810324.0, 810324.0, 810324.0, 810324.0, 810324.0, 810324.0, 810324.0, 810324.0, 810324.0, 810324.0, 810324.0, 810324.0, 810324.0, 810324.0, 810324.0, 810324.0, 810324.0, 810324.0, 810324.0, 810324.0, 810324.0, 810324.0, 810324.0, 810324.0, 810324.0, 810324.0, 810324.0, 810324.0, 810324.0, 810324.0, 810324.0, 810324.0, 810324.0, 810324.0, 810324.0, 810324.0, 810324.0, 810324.0, 810324.0, 810324.0, 810324.0, 810324.0, 810324.0, 810324.0, 810324.0, 810324.0, 810324.0, 810324.0, 810324.0, 810324.0, 810324.0, 810324.0, 810324.0, 810324.0, 810324.0, 810324.0, 810324.0, 810324.0, 810324.0, 810324.0, 810324.0, 810324.0, 810324.0, 810324.0, 810324.0, 810324.0, 810324.0, 810324.0, 810324.0, 810324.0, 810324.0, 810324.0, 810324.0, 810324.0, 810324.0, 810324.0, 810324.0, 810324.0, 810324.0, 810324.0, 810324.0, 810324.0, 810324.0, 810324.0, 810324.0, 810324.0, 810324.0, 810324.0, 810324.0, 810324.0, 810324.0, 810324.0, 810324.0, 810324.0, 810324.0, 810324.0, 810324.0, 810324.0, 810324.0, 810324.0, 810324.0, 810324.0, 810324.0, 810324.0, 810324.0, 810324.0, 810324.0, 810324.0, 810324.0, 810324.0, 810324.0, 810324.0, 810324.0, 810324.0, 810324.0, 810324.0, 810324.0, 810324.0, 810324.0, 810324.0, 810324.0, 810324.0, 810324.0, 810324.0, 810324.0, 810324.0, 810324.0, 810324.0, 810324.0, 810324.0, 810324.0, 810324.0, 810324.0, 810324.0, 810324.0, 810324.0, 810188.60788881, 810188.60788881, 810188.60788881, 810188.60788881, 810188.60788881, 810188.60788881, 810188.60788881, 810188.60788881, 810188.60788881, 810188.60788881, 810188.60788881, 810188.60788881, 810188.60788881, 810188.60788881, 810188.60788881, 810188.60788881, 810188.60788881, 810188.60788881, 810188.60788881, 810188.60788881, 810188.60788881, 810188.60788881, 810188.60788881, 810188.60788881, 810188.60788881, 810188.60788881, 810188.60788881, 810188.60788881, 810188.60788881, 810188.60788881, 810324.0, 810324.0, 810324.0, 810324.0, 810324.0, 810324.0, 810324.0, 810324.0, 810324.0, 810324.0, 810324.0, 810324.0, 810324.0, 810324.0, 810324.0, 810324.0, 810324.0, 810324.0, 810324.0, 810324.0, 810324.0, 810324.0, 810324.0, 810324.0, 810324.0, 810324.0, 810324.0, 810324.0, 810324.0, 810324.0, 810324.0, 810324.0, 810324.0, 810324.0, 810324.0, 810324.0, 810324.0, 810324.0, 810324.0, 810324.0, 810324.0, 810324.0, 810324.0, 810324.0, 810324.0, 810324.0, 810324.0, 810324.0, 810324.0, 810324.0, 810324.0, 810324.0, 810324.0, 810324.0, 810324.0, 810324.0, 810324.0, 810324.0, 810324.0, 810324.0, 810324.0, 810324.0, 810324.0, 810324.0, 810324.0, 810324.0, 810324.0, 810324.0, 810324.0, 810324.0, 810324.0, 810324.0, 810324.0, 810324.0, 810324.0, 810324.0, 810324.0, 810324.0, 810324.0, 810324.0, 810324.0, 810324.0, 810324.0, 810324.0, 810324.0, 810324.0, 810324.0, 810324.0, 810324.0, 810324.0, 810324.0, 810324.0, 810324.0, 810324.0, 810324.0, 810324.0, 810324.0, 810324.0, 810324.0, 810324.0, 810324.0, 810324.0, 810324.0, 810324.0, 810324.0, 810324.0, 810324.0, 810324.0, 810324.0, 810324.0, 810324.0, 810324.0, 810324.0, 810324.0, 810324.0, 810324.0, 810324.0, 810324.0, 810324.0, 810324.0, 810324.0, 810324.0, 810324.0, 810324.0, 810324.0, 810324.0, 810324.0, 810324.0, 810324.0, 810324.0, 810324.0, 810324.0, 810324.0, 810324.0, 810324.0, 810324.0, 810324.0, 810324.0, 810324.0, 810324.0, 810324.0, 810324.0, 810324.0, 810324.0, 810324.0, 810324.0, 810324.0, 810324.0, 810324.0, 810324.0, 810324.0, 810324.0, 810324.0, 810324.0, 810324.0, 810324.0, 810324.0, 810324.0, 810324.0, 810324.0, 810324.0, 810324.0, 810324.0, 810324.0, 810324.0, 810324.0, 810324.0, 810324.0, 810324.0, 810324.0, 810324.0, 810324.0, 810324.0, 810324.0, 810324.0, 810324.0, 810324.0, 810324.0, 810324.0, 810324.0, 810324.0, 810324.0, 810324.0, 810324.0, 810324.0, 810324.0, 810324.0, 810324.0, 810324.0, 810324.0, 810324.0, 810324.0, 810324.0, 810324.0, 810324.0, 810324.0, 810324.0, 810324.0, 810324.0, 810324.0, 810324.0, 810324.0, 810324.0, 810324.0, 810324.0, 810324.0, 810324.0, 810324.0, 810324.0, 810324.0, 810324.0, 810324.0, 810324.0, 810324.0, 810324.0, 810324.0, 810324.0, 810324.0, 810324.0, 810324.0, 810324.0, 810324.0, 810324.0, 810324.0, 810324.0, 810324.0, 810324.0, 810324.0, 810324.0, 810324.0, 810324.0, 810324.0, 810324.0, 810324.0, 810324.0, 810324.0, 810324.0, 810324.0, 810324.0, 810324.0, 810324.0, 810324.0, 810324.0, 810324.0, 810324.0, 810324.0, 810324.0, 810324.0, 810324.0, 810324.0, 810324.0, 810324.0, 810324.0, 810324.0, 810324.0, 810324.0, 810324.0, 810324.0, 810324.0, 810324.0, 810324.0, 810324.0, 810324.0, 810324.0, 810324.0, 810324.0, 810324.0, 810324.0, 810324.0, 810324.0, 810324.0, 810324.0, 810324.0, 810324.0, 810324.0, 810324.0, 810324.0, 810324.0, 810324.0, 810324.0, 810324.0, 810324.0, 810324.0, 810324.0, 810324.0, 810324.0, 810324.0, 810324.0, 810324.0, 810324.0, 810324.0, 810324.0, 810324.0, 810324.0, 810324.0, 810324.0, 810324.0, 810324.0, 810324.0, 810324.0, 810324.0, 810324.0, 810324.0, 810324.0, 810324.0, 810324.0, 810324.0, 810324.0, 810324.0, 810324.0, 810324.0, 810324.0, 810324.0, 810324.0, 810324.0, 810324.0, 810324.0, 810324.0, 810324.0, 810324.0, 810324.0, 810324.0, 810324.0, 810324.0, 810324.0, 810324.0, 810324.0, 810324.0, 810324.0, 810324.0, 810324.0, 810324.0, 810324.0, 810324.0, 810324.0, 810324.0, 810324.0, 810324.0, 810324.0, 810324.0, 810324.0, 810324.0, 810324.0, 810324.0, 810324.0, 810324.0, 810324.0, 810324.0, 810324.0, 810324.0, 810324.0, 810324.0, 810324.0, 810324.0, 810324.0, 810324.0, 810324.0, 810324.0, 810324.0, 810324.0, 810324.0, 810324.0, 810324.0, 810324.0, 810324.0, 810324.0, 810324.0, 810324.0, 810324.0, 810324.0, 810324.0, 810324.0, 810324.0, 810324.0, 810324.0, 810324.0, 810324.0, 810324.0, 810324.0, 810324.0, 810324.0, 810324.0, 810324.0, 810324.0, 810324.0, 810324.0, 810324.0, 810324.0, 810324.0, 810324.0, 810324.0, 810324.0, 810324.0, 810324.0, 810324.0, 810324.0, 810324.0, 810324.0, 810324.0, 810324.0, 810324.0, 810324.0, 810324.0, 810324.0, 810324.0, 810324.0, 810324.0, 810324.0, 810324.0, 810324.0, 810324.0, 810324.0, 810324.0, 810324.0, 810324.0, 810324.0, 810324.0, 810324.0, 810324.0, 810324.0, 810324.0, 810324.0, 810324.0, 810324.0, 810324.0, 810324.0, 810324.0, 810324.0, 810324.0, 810324.0, 810324.0, 810324.0, 810324.0, 810324.0, 810324.0, 810324.0, 810324.0, 810324.0, 810324.0, 810324.0, 810324.0, 810324.0, 810324.0, 810324.0, 810324.0, 810324.0, 810324.0, 810324.0, 810324.0, 810324.0, 810324.0, 810324.0, 810324.0, 810324.0, 810324.0, 810324.0, 810324.0, 810324.0, 810324.0, 810324.0, 810324.0, 810324.0, 810324.0, 810324.0, 810324.0, 810324.0, 810324.0, 810324.0, 810324.0, 810324.0, 810324.0, 810324.0, 810324.0, 810324.0, 810324.0, 810324.0, 810324.0, 810324.0, 810324.0, 810324.0, 810324.0, 810324.0, 810324.0, 810324.0, 810324.0, 810324.0, 810324.0, 810324.0, 810324.0, 810324.0, 810324.0, 810324.0, 810324.0, 810324.0, 810324.0, 810324.0, 810324.0, 810324.0, 810324.0, 810324.0, 810324.0, 810324.0, 810324.0, 810324.0, 810324.0, 810324.0, 810324.0, 810324.0, 810324.0, 810324.0, 810324.0, 810324.0, 810324.0, 810324.0, 810324.0, 810324.0, 810324.0, 810324.0, 810324.0, 810324.0, 810324.0, 810324.0, 810324.0, 810324.0, 810324.0, 810324.0, 810324.0, 810324.0, 810324.0, 810324.0, 810324.0, 810324.0, 810324.0, 810324.0, 810324.0, 810324.0, 810324.0, 810324.0, 810324.0, 810324.0, 810324.0, 810324.0, 810324.0, 810324.0, 810324.0, 810324.0, 810324.0, 810324.0, 810324.0, 810324.0, 810324.0, 810324.0, 810324.0, 810324.0, 810324.0, 810324.0, 810324.0, 810324.0, 810324.0, 810324.0, 810324.0, 810324.0, 810324.0, 810324.0, 810324.0, 810324.0, 810324.0, 810324.0, 810324.0, 810324.0, 810324.0, 810324.0, 810324.0, 810324.0, 810324.0, 810324.0, 810324.0, 810324.0, 810324.0, 810324.0, 810324.0, 810324.0, 810324.0, 810324.0, 810324.0, 810324.0, 810324.0, 810324.0, 810324.0, 810324.0, 810324.0, 810324.0, 810324.0, 810324.0, 810324.0, 810324.0, 810324.0, 810324.0, 810324.0, 810324.0, 810324.0, 810324.0, 810324.0, 810324.0, 810324.0, 810324.0, 810324.0, 810324.0, 810324.0, 810324.0, 810324.0, 810324.0, 810324.0, 810324.0, 810324.0, 810324.0, 810324.0, 810324.0, 810324.0, 810324.0, 810324.0, 810324.0, 810324.0, 810324.0, 810324.0, 810324.0, 810324.0, 810324.0, 810324.0, 810324.0, 810324.0, 810324.0, 810324.0, 810324.0, 810324.0, 810324.0, 810324.0, 810324.0, 810324.0, 810324.0, 810324.0, 810324.0, 810324.0, 810324.0, 810324.0, 810324.0, 810324.0, 810324.0, 810324.0, 810324.0, 810324.0, 806593.6702369343, 806593.6702369343, 806593.6702369343, 806593.6702369343, 806593.6702369343, 806593.6702369343, 806593.6702369343, 806593.6702369343, 806593.6702369343, 806593.6702369343, 806593.6702369343, 806593.6702369343, 806593.6702369343, 806593.6702369343, 806593.6702369343, 806593.6702369343, 806593.6702369343, 806593.6702369343, 806593.6702369343, 806593.6702369343, 806593.6702369343, 806593.6702369343, 806593.6702369343, 806593.6702369343, 806593.6702369343, 806593.6702369343, 806593.6702369343, 806593.6702369343, 806593.6702369343, 806593.6702369343, 806593.6702369343, 806593.6702369343, 806593.6702369343, 806593.6702369343, 806593.6702369343, 806593.6702369343, 806593.6702369343, 806593.6702369343, 806593.6702369343, 810324.0, 810324.0, 810324.0, 810324.0, 810324.0, 810324.0, 810324.0, 810324.0, 810324.0, 810324.0, 810324.0, 810324.0, 810324.0, 810324.0, 810324.0, 810324.0, 810324.0, 810324.0, 810324.0, 810324.0, 810324.0, 810324.0, 810324.0, 810324.0, 810324.0, 810324.0, 810324.0, 810324.0, 810324.0, 810324.0, 810324.0, 810324.0, 810324.0, 810324.0, 810324.0, 810324.0, 810324.0, 810324.0, 810324.0, 810324.0, 810324.0, 810324.0, 810324.0, 810324.0, 810324.0, 810324.0, 810324.0, 810324.0, 810324.0, 810324.0, 810324.0, 810324.0, 810324.0, 810324.0, 810324.0, 810324.0, 810324.0, 810324.0, 810324.0, 810324.0, 810324.0, 810324.0, 810324.0, 810324.0, 810324.0, 810324.0, 810324.0, 810324.0, 810324.0, 810324.0, 810324.0, 810324.0, 810324.0, 810324.0, 810324.0, 810324.0, 810324.0, 810324.0, 810324.0, 810324.0, 810324.0, 810324.0, 810324.0, 810324.0, 810324.0, 810324.0, 810324.0, 810324.0, 810324.0, 810324.0, 810324.0, 810324.0, 810324.0, 810324.0, 810324.0, 810324.0, 810324.0, 810324.0, 810324.0, 810324.0, 810324.0, 810324.0, 810324.0, 810324.0, 810324.0, 810324.0, 810324.0, 810324.0, 810324.0, 810324.0, 810324.0, 810324.0, 810324.0, 810324.0, 810324.0, 810324.0, 810324.0, 810324.0, 810324.0, 810324.0, 810324.0, 810324.0, 810324.0, 810324.0, 810324.0, 810324.0, 810324.0, 810324.0, 810324.0, 810324.0, 810324.0, 810324.0, 810324.0, 810324.0, 810324.0, 810324.0, 810324.0, 810324.0, 810324.0, 810324.0, 810324.0, 810324.0, 810324.0, 810324.0, 810324.0, 810324.0, 810324.0, 810324.0, 810324.0, 810324.0, 810324.0, 810324.0, 810324.0, 810324.0, 810324.0, 810324.0, 810324.0, 810324.0, 810324.0, 810324.0, 810324.0, 810324.0, 810324.0, 810324.0, 810324.0, 810324.0, 810324.0, 810324.0, 810324.0, 810324.0, 810324.0, 810324.0, 810324.0, 810324.0, 810324.0, 810324.0, 810324.0, 810324.0, 810324.0, 810324.0, 810324.0, 810324.0, 810324.0, 810324.0, 810324.0, 810324.0, 810324.0, 810324.0, 810324.0, 810324.0, 810324.0, 810324.0, 810324.0, 810324.0, 810324.0, 810324.0, 810324.0, 810324.0, 810324.0, 810324.0, 810324.0, 810324.0, 810324.0, 810324.0, 810324.0, 810324.0, 810324.0, 810324.0, 810324.0, 810324.0, 810324.0, 810324.0, 810324.0, 810324.0, 810324.0, 810324.0, 810324.0, 810324.0, 810324.0, 810324.0, 810324.0, 810324.0, 810324.0, 810324.0, 810324.0, 810324.0, 810324.0, 810324.0, 810324.0, 810324.0, 810324.0, 810324.0, 810324.0, 810324.0, 810324.0, 810324.0, 810324.0, 810324.0, 810324.0, 810324.0, 810324.0, 810324.0, 810324.0, 810324.0, 810324.0, 810324.0, 810324.0, 810324.0, 810324.0, 810324.0, 810324.0, 810324.0, 810324.0, 810324.0, 810324.0, 810324.0, 810324.0, 810324.0, 810324.0, 810324.0, 810324.0, 810324.0, 810324.0, 810324.0, 810324.0, 810324.0, 810324.0, 810324.0, 810324.0, 810324.0, 810324.0, 810324.0, 810324.0, 810324.0, 810324.0, 810324.0, 810324.0, 810324.0, 810324.0, 810324.0, 810324.0, 810324.0, 810324.0, 810324.0, 810324.0, 810324.0, 810324.0, 810324.0, 810324.0, 810324.0, 810324.0, 810324.0, 810324.0, 810324.0, 810324.0, 810324.0, 810324.0, 810324.0, 810324.0, 810324.0, 810324.0, 810324.0, 810324.0, 810324.0, 810324.0, 810324.0, 810324.0, 810324.0, 810324.0, 810324.0, 810324.0, 810324.0, 810324.0, 810324.0, 810324.0, 810324.0, 810324.0, 810324.0, 810324.0, 810324.0, 810324.0, 810324.0, 810324.0, 810324.0, 810324.0, 810324.0, 810324.0, 810324.0, 810324.0, 810324.0, 810324.0, 810324.0, 810324.0, 810324.0, 810324.0, 810324.0, 810324.0, 810324.0, 810324.0, 810324.0, 810324.0, 810324.0, 810324.0, 810324.0, 810324.0, 810324.0, 810324.0, 810324.0, 810324.0, 810324.0, 810324.0, 810324.0, 810324.0, 810324.0, 810324.0, 810324.0, 810324.0, 810324.0, 810324.0, 810324.0, 810324.0, 810324.0, 810324.0, 810324.0, 810324.0, 810324.0, 810324.0, 810324.0, 810324.0, 810324.0, 808584.119885416, 808584.119885416, 808584.119885416, 808584.119885416, 808584.119885416, 808584.119885416, 808584.119885416, 808584.119885416, 808584.119885416, 808584.119885416, 808584.119885416, 808584.119885416, 808584.119885416, 808584.119885416, 808584.119885416, 808584.119885416, 808584.119885416, 808584.119885416, 808584.119885416, 808584.119885416, 808584.119885416, 808584.119885416, 808584.119885416, 808584.119885416, 808584.119885416, 808584.119885416, 808584.119885416, 808584.119885416, 808584.119885416, 808584.119885416, 808584.119885416, 808584.119885416, 808584.119885416, 808584.119885416, 808584.119885416, 808584.119885416, 808584.119885416, 808584.119885416, 810156.017418752, 810156.017418752, 810156.017418752, 808723.3085227355, 808723.3085227355, 808723.3085227355, 808723.3085227355, 810324.0, 810324.0, 810324.0, 810324.0, 810324.0, 810324.0, 810324.0, 810324.0, 810324.0, 810324.0, 810324.0, 810324.0, 810324.0, 810324.0, 810324.0, 810324.0, 810324.0, 810324.0, 810324.0, 810324.0, 810324.0, 810324.0, 810324.0, 810324.0, 810324.0, 810324.0, 810324.0, 810324.0, 810324.0, 810324.0, 810324.0, 810324.0, 810324.0, 810324.0, 810324.0, 810324.0, 810324.0, 810324.0, 810324.0, 810324.0, 810324.0, 810324.0, 810324.0, 810324.0, 810324.0, 810324.0, 810324.0, 
17665.33695848999, 17665.33695848999, 17427.436846538767, 17427.436846538767, 17427.436846538767, 13782.026344437229, 3167.3168321694448, 3167.3168321694448, 3167.3168321694448, 3167.3168321694448, 3167.3168321694448, 3167.3168321694448, 3167.3168321694448, 3167.3168321694448, 3167.3168321694448, 2567.265884820264, 2567.265884820264, 2107.5917332937993, 2107.5917332937993, 2107.5917332937993, 1205.54352198895, 1205.54352198895, 1205.54352198895, 845.1777523844752, 845.1777523844752, 552.6922136162464, 552.6922136162464, 518.6264514390666, 518.6264514390666, 457.6186437539433, 457.6186437539433, 300.903111489878, 300.903111489878, 300.903111489878, 269.3299618473267, 269.3299618473267, 269.3299618473267, 269.3299618473267, 269.3299618473267, 258.153698263349, 166.790604694966, 166.77864573243224, 88.00594007784296, 88.00594007784296, 88.00594007784296, 88.00594007784296, 88.00594007784296, 88.00594007784296, 88.00594007784296, 88.00594007784296, 88.00594007784296, 61.43970940449271, 47.23732200602413, 47.23732200602413, 47.23732200602413, 47.23732200602413, 47.23732200602413, 47.23732200602413, 47.23732200602413, 47.23732200602413, 47.23732200602413, 47.23732200602413, 47.23732200602413, 47.23732200602413, 47.23732200602413, 47.23732200602413, 47.23732200602413, 47.23732200602413, 47.23732200602413, 47.23732200602413, 47.23732200602413, 40.629673748882105, 40.629673748882105, 39.22721310849289, 39.22721310849289, 39.22721310849289, 39.22721310849289, 32.96724442600172, 30.320071127304452, 30.320071127304452, 30.320071127304452, 30.320071127304452, 30.320071127304452, 30.320071127304452, 30.320071127304452, 30.320071127304452, 30.320071127304452, 30.320071127304452, 30.320071127304452, 30.320071127304452, 30.320071127304452, 168494.4437198124, 304540.27822175954, 304540.27822175954, 310694.98237350496, 310694.98237350496, 287217.81547007087, 287217.81547007087, 363638.55295958807, 481704.7139177978, 481704.7139177978, 481704.7139177978, 425925.368189077, 458712.4394027052, 487317.7026364472, 510042.4368116796, 519380.09017118823, 519380.09017118823, 555050.8040992491, 555050.8040992491, 586295.8597741651, 614518.9486947899, 696092.5890722688, 696092.5890722688, 697985.5580238545, 701931.0431534025, 701931.0431534025, 701931.0431534025, 737234.1779652135, 737234.1779652135, 737234.1779652135, 767105.8913176784, 771746.9200027073, 771746.9200027073, 771746.9200027073, 780999.3698214458, 809961.4662889377, 809961.4662889377, 809961.4662889377, 809961.4662889377, 809961.4662889377, 809961.4662889377, 809961.4662889377, 810002.1760406586, 810002.1760406586, 810002.1760406586, 810002.1760406586, 810002.1760406586, 810002.1760406586, 810002.1760406586, 810002.1760406586, 810002.1760406586, 810002.1760406586, 810002.1760406586, 810002.1760406586, 810002.1760406586, 810002.1760406586, 810002.1760406586, 810002.1760406586, 810002.1760406586, 810002.1760406586, 810002.1760406586, 810002.1760406586, 810002.1760406586, 810002.1760406586, 810002.1760406586, 810002.1760406586, 810002.1760406586, 810002.1760406586, 810002.1760406586, 810002.1760406586, 810002.1760406586, 810002.1760406586, 810002.1760406586, 810002.1760406586, 810002.1760406586, 810002.1760406586, 810002.1760406586, 810002.1760406586, 810002.1760406586, 810002.1760406586, 810002.1760406586, 810002.1760406586, 810002.1760406586, 810002.1760406586, 810002.1760406586, 810002.1760406586, 810002.1760406586, 810002.1760406586, 810002.1760406586, 810002.1760406586, 810002.1760406586, 810002.1760406586, 810002.1760406586, 810002.1760406586, 810002.1760406586, 810002.1760406586, 810002.1760406586, 810002.1760406586, 810002.1760406586, 810002.1760406586, 810002.1760406586, 810002.1760406586, 810002.1760406586, 810002.1760406586, 810002.1760406586, 810002.1760406586, 810002.1760406586, 810002.1760406586, 810002.1760406586, 810002.1760406586, 810002.1760406586, 810002.1760406586, 810002.1760406586, 810002.1760406586, 810002.1760406586, 810002.1760406586, 810002.1760406586, 810002.1760406586, 810002.1760406586, 810002.1760406586, 810002.1760406586, 810002.1760406586, 810002.1760406586, 810002.1760406586, 810002.1760406586, 810002.1760406586, 810002.1760406586, 810324.0, 810324.0, 810324.0, 810324.0, 810324.0, 810324.0, 810324.0, 810324.0, 810324.0, 810324.0, 810324.0, 810324.0, 810324.0, 810324.0, 810324.0, 810324.0, 810324.0, 810324.0, 810324.0, 810324.0, 810324.0, 810324.0, 810324.0, 810324.0, 810324.0, 810324.0, 810324.0, 810324.0, 810324.0, 810324.0, 810324.0, 810324.0, 810324.0, 810324.0, 810324.0, 810324.0, 810324.0, 810324.0, 810324.0, 810324.0, 810324.0, 810324.0, 810324.0, 810324.0, 810324.0, 810324.0, 810324.0, 810324.0, 810324.0, 810324.0, 810324.0, 810324.0, 810324.0, 810324.0, 810324.0, 810324.0, 810324.0, 810324.0, 810324.0, 810324.0, 810324.0, 810324.0, 810324.0, 810324.0, 810324.0, 810324.0, 810324.0, 810324.0, 810324.0, 810324.0, 810324.0, 810324.0, 810324.0, 810324.0, 810324.0, 810324.0, 810324.0, 810324.0, 810324.0, 810324.0, 810324.0, 810324.0, 810324.0, 810324.0, 810324.0, 810324.0, 810324.0, 810324.0, 810324.0, 810324.0, 810324.0, 810324.0, 810324.0, 810324.0, 810324.0, 810324.0, 810324.0, 810324.0, 810324.0, 810324.0, 810324.0, 810324.0, 810324.0, 810324.0, 810324.0, 810324.0, 810324.0, 810324.0, 810324.0, 810324.0, 810324.0, 810324.0, 810324.0, 810324.0, 810324.0, 810324.0, 810324.0, 810324.0, 810324.0, 810324.0, 810324.0, 810324.0, 810324.0, 810324.0, 810324.0, 810324.0, 810324.0, 810324.0, 810324.0, 810324.0, 810324.0, 810324.0, 810324.0, 810324.0, 810324.0, 810324.0, 810324.0, 810324.0, 810324.0, 810324.0, 810324.0, 810324.0, 810324.0, 810324.0, 810324.0, 810324.0, 810324.0, 810324.0, 810324.0, 810324.0, 810324.0, 810324.0, 810324.0, 810324.0, 810324.0, 810324.0, 810324.0, 810324.0, 810324.0, 810324.0, 810324.0, 810324.0, 810324.0, 810324.0, 810324.0, 810324.0, 810324.0, 810324.0, 810324.0, 810324.0, 810324.0, 810324.0, 810324.0, 810324.0, 810324.0, 810324.0, 810324.0, 810324.0, 810324.0, 810324.0, 810324.0, 810324.0, 810324.0, 810324.0, 810324.0, 810324.0, 810324.0, 810324.0, 810324.0, 810324.0, 810324.0, 810324.0, 810324.0, 810324.0, 810324.0, 810324.0, 810324.0, 810324.0, 810324.0, 810324.0, 810324.0, 810324.0, 810324.0, 810324.0, 810324.0, 810324.0, 810324.0, 810324.0, 810324.0, 810324.0, 810324.0, 810324.0, 810324.0, 810324.0, 810324.0, 810324.0, 810324.0, 810324.0, 810324.0, 810324.0, 810324.0, 810324.0, 810324.0, 810324.0, 810324.0, 810324.0, 810324.0, 810324.0, 810324.0, 810324.0, 810324.0, 810324.0, 810324.0, 810324.0, 810324.0, 810324.0, 810324.0, 810324.0, 810324.0, 810324.0, 810324.0, 810324.0, 810324.0, 810324.0, 810324.0, 810324.0, 810324.0, 810324.0, 810324.0, 810324.0, 810324.0, 810324.0, 810324.0, 810324.0, 810324.0, 810324.0, 810324.0, 810324.0, 810324.0, 810324.0, 810324.0, 810324.0, 810324.0, 810324.0, 810324.0, 810324.0, 810324.0, 810324.0, 810324.0, 810324.0, 810324.0, 810324.0, 810324.0, 810324.0, 810324.0, 810324.0, 810324.0, 810324.0, 810324.0, 810324.0, 810324.0, 810324.0, 810324.0, 810324.0, 810324.0, 810324.0, 810324.0, 810324.0, 810324.0, 810324.0, 810324.0, 810324.0, 810324.0, 810324.0, 810324.0, 810324.0, 810324.0, 810324.0, 810324.0, 810324.0, 810324.0, 810324.0, 810324.0, 810324.0, 810324.0, 810324.0, 810324.0, 810324.0, 810324.0, 810324.0, 810324.0, 810324.0, 810324.0, 810324.0, 810324.0, 810324.0, 810324.0, 810324.0, 810324.0, 810324.0, 810324.0, 810324.0, 810324.0, 810324.0, 810324.0, 810324.0, 810324.0, 810324.0, 810324.0, 810324.0, 810324.0, 810324.0, 810324.0, 810324.0, 810324.0, 810324.0, 810324.0, 810324.0, 810324.0, 810324.0, 810324.0, 810324.0, 810324.0, 810324.0, 810324.0, 810324.0, 810324.0, 810324.0, 810324.0, 810324.0, 810324.0, 810324.0, 810324.0, 810324.0, 810324.0, 810324.0, 810324.0, 810324.0, 810324.0, 810324.0, 810324.0, 810324.0, 810324.0, 810324.0, 810324.0, 810324.0, 810324.0, 810324.0, 810324.0, 810324.0, 810324.0, 810324.0, 804142.9898168715, 804142.9898168715, 804142.9898168715, 804142.9898168715, 804142.9898168715, 804142.9898168715, 804142.9898168715, 804142.9898168715, 804142.9898168715, 804142.9898168715, 804142.9898168715, 804142.9898168715, 804142.9898168715, 804142.9898168715, 804142.9898168715, 804142.9898168715, 804142.9898168715, 804142.9898168715, 804142.9898168715, 804142.9898168715, 804142.9898168715, 804142.9898168715, 804142.9898168715, 804142.9898168715, 804142.9898168715, 804142.9898168715, 804142.9898168715, 804142.9898168715, 804142.9898168715, 804142.9898168715, 804142.9898168715, 804142.9898168715, 804142.9898168715, 802565.0953490168, 802565.0953490168, 802565.0953490168, 808307.8978609, 808307.8978609, 808307.8978609, 810116.1184381889, 810324.0, 810324.0, 810324.0, 810324.0, 810324.0, 810324.0, 810324.0, 810324.0, 810324.0, 810324.0, 810324.0, 810324.0, 810324.0, 810324.0, 810324.0, 810324.0, 810324.0, 810324.0, 810324.0, 810324.0, 810324.0, 810324.0, 810324.0, 810324.0, 810324.0, 810324.0, 810324.0, 810324.0, 810324.0, 810324.0, 810324.0, 810324.0, 810324.0, 810324.0, 810324.0, 810324.0, 810324.0, 810324.0, 810324.0, 810324.0, 810324.0, 810324.0, 810324.0, 810324.0, 810324.0, 810324.0, 810324.0, 810324.0, 810324.0, 810324.0, 810324.0, 807362.027693126, 807362.027693126, 807362.027693126, 807362.027693126, 807362.027693126, 807362.027693126, 807362.027693126, 807362.027693126, 807362.027693126, 807362.027693126, 807362.027693126, 807362.027693126, 807362.027693126, 807362.027693126, 807362.027693126, 807362.027693126, 807362.027693126, 807362.027693126, 807362.027693126, 807362.027693126, 807362.027693126, 807362.027693126, 807362.027693126, 807362.027693126, 807362.027693126, 807362.027693126, 807362.027693126, 807362.027693126, 807362.027693126, 807362.027693126, 807362.027693126, 807362.027693126, 807362.027693126, 807362.027693126, 807362.027693126, 810324.0, 810324.0, 810324.0, 810324.0, 810324.0, 810324.0, 810324.0, 810324.0, 810324.0, 810324.0, 810324.0, 810324.0, 810324.0, 810324.0, 810324.0, 810324.0, 810324.0, 810324.0, 810324.0, 810324.0, 810324.0, 810324.0, 810324.0, 810324.0, 810324.0, 810324.0, 810324.0, 810324.0, 810324.0, 810324.0, 810324.0, 810324.0, 810324.0, 810324.0, 810324.0, 810324.0, 810324.0, 810324.0, 810324.0, 810324.0, 810324.0, 810324.0, 810324.0, 810324.0, 810324.0, 810324.0, 810324.0, 810324.0, 810324.0, 810324.0, 810324.0, 810324.0, 810324.0, 810324.0, 810324.0, 810324.0, 810324.0, 810324.0, 810324.0, 810324.0, 810324.0, 810324.0, 810324.0, 810324.0, 810324.0, 810324.0, 810324.0, 810324.0, 810324.0, 810324.0, 810324.0, 810324.0, 810324.0, 810324.0, 810324.0, 810324.0, 810324.0, 810324.0, 810324.0, 810324.0, 810324.0, 810324.0, 810324.0, 810324.0, 810324.0, 810324.0, 810324.0, 810324.0, 810324.0, 810324.0, 810324.0, 810324.0, 810324.0, 810324.0, 810324.0, 810324.0, 810324.0, 810324.0, 810324.0, 810324.0, 810324.0, 810324.0, 810324.0, 810324.0, 810324.0, 810324.0, 810324.0, 810324.0, 810324.0, 810324.0, 810324.0, 810324.0, 810324.0, 810324.0, 810324.0, 810324.0, 810324.0, 810324.0, 810324.0, 810324.0, 810324.0, 810324.0, 810324.0, 810324.0, 810324.0, 810324.0, 810324.0, 810324.0, 810324.0, 810324.0, 810324.0, 810324.0, 810324.0, 810324.0, 810324.0, 810324.0, 810324.0, 810324.0, 810324.0, 810324.0, 810324.0, 810324.0, 810324.0, 810324.0, 810324.0, 810324.0, 810324.0, 810324.0, 810324.0, 810324.0, 810324.0, 810324.0, 810324.0, 810324.0, 810324.0, 810324.0, 810324.0, 810324.0, 810324.0, 810324.0, 810324.0, 810324.0, 810324.0, 810324.0, 810324.0, 810324.0, 810324.0, 810324.0, 810324.0, 810324.0, 810324.0, 810324.0, 810324.0, 810324.0, 810324.0, 810324.0, 810324.0, 810324.0, 810324.0, 810324.0, 810324.0, 810324.0, 810324.0, 810324.0, 810324.0, 810324.0, 810324.0, 810324.0, 810324.0, 810324.0, 810324.0, 810324.0, 810324.0, 810324.0, 810324.0, 810324.0, 810324.0, 810324.0, 810324.0, 810324.0, 810324.0, 810324.0, 810324.0, 810324.0, 810324.0, 810324.0, 810324.0, 810324.0, 810324.0, 810324.0, 810324.0, 810324.0, 810324.0, 810324.0, 810324.0, 810324.0, 810324.0, 810324.0, 810324.0, 810324.0, 810324.0, 810324.0, 810324.0, 810324.0, 810324.0, 810324.0, 810324.0, 810324.0, 810324.0, 810324.0, 810324.0, 810324.0, 810324.0, 810324.0, 810324.0, 810324.0, 810324.0, 810324.0, 810324.0, 810324.0, 810324.0, 810324.0, 810324.0, 810324.0, 810324.0, 810324.0, 810324.0, 810324.0, 810324.0, 810324.0, 810324.0, 810324.0, 810324.0, 810324.0, 810324.0, 810324.0, 810324.0, 810324.0, 810324.0, 810324.0, 810324.0, 810324.0, 810324.0, 810324.0, 810324.0, 810324.0, 810324.0, 810324.0, 810324.0, 810324.0, 810324.0, 810324.0, 810324.0, 810324.0, 810324.0, 810324.0, 810324.0, 810324.0, 810324.0, 810324.0, 810324.0, 810324.0, 810324.0, 810142.7133431528, 810142.7133431528, 810142.7133431528, 810142.7133431528, 810142.7133431528, 810142.7133431528, 810142.7133431528, 810142.7133431528, 810142.7133431528, 810142.7133431528, 810142.7133431528, 810142.7133431528, 810142.7133431528, 810142.7133431528, 810142.7133431528, 810142.7133431528, 810142.7133431528, 810142.7133431528, 810142.7133431528, 810142.7133431528, 810142.7133431528, 810142.7133431528, 810142.7133431528, 810142.7133431528, 810142.7133431528, 810142.7133431528, 810142.7133431528, 810142.7133431528, 810142.7133431528, 810142.7133431528, 810142.7133431528, 810142.7133431528, 810142.7133431528, 810142.7133431528, 810142.7133431528, 810142.7133431528, 810142.7133431528, 810142.7133431528, 810142.7133431528, 810142.7133431528, 810142.7133431528, 810324.0, 810324.0, 810324.0, 810324.0, 810324.0, 810324.0, 810324.0, 810324.0, 810324.0, 810324.0, 810324.0, 810324.0, 810324.0, 810324.0, 810324.0, 810324.0, 810324.0, 810324.0, 810324.0, 810324.0, 810324.0, 810324.0, 810324.0, 810324.0, 810324.0, 810324.0, 810324.0, 810324.0, 810324.0, 810324.0, 810324.0, 810324.0, 810324.0, 810324.0, 810324.0, 810324.0, 810324.0, 810324.0, 810324.0, 810324.0, 810324.0, 810324.0, 810324.0, 810324.0, 810324.0, 810324.0, 810324.0, 810324.0, 810324.0, 810324.0, 810324.0, 810324.0, 810324.0, 810324.0, 810324.0, 810324.0, 810324.0, 810324.0, 810324.0, 810324.0, 810324.0, 810324.0, 810324.0, 810324.0, 810324.0, 810324.0, 810324.0, 810324.0, 810324.0, 810324.0, 810324.0, 810324.0, 810324.0, 810324.0, 810324.0, 810324.0, 810324.0, 810324.0, 810324.0, 810324.0, 810324.0, 810324.0, 810324.0, 810324.0, 810324.0, 810324.0, 810324.0, 810324.0, 810324.0, 810324.0, 810324.0, 810324.0, 810324.0, 810324.0, 810324.0, 810324.0, 810324.0, 810324.0, 810324.0, 810324.0, 810324.0, 810324.0, 810324.0, 810324.0, 810324.0, 810324.0, 810324.0, 810324.0, 810324.0, 810324.0, 810324.0, 810324.0, 810324.0, 810324.0, 810324.0, 810324.0, 810324.0, 810324.0, 810324.0, 810324.0, 810324.0, 810324.0, 810324.0, 810324.0, 810324.0, 810324.0, 810324.0, 810324.0, 810324.0, 810324.0, 810324.0, 810324.0, 810324.0, 810324.0, 810324.0, 810324.0, 810324.0, 810324.0, 810324.0, 810324.0, 810324.0, 810324.0, 810324.0, 810324.0, 810324.0, 810324.0, 810324.0, 810324.0, 810324.0, 810324.0, 810324.0, 810324.0, 810324.0, 810324.0, 810324.0, 810324.0, 810324.0, 810324.0, 810324.0, 810324.0, 810324.0, 810324.0, 810324.0, 810324.0, 810324.0, 810324.0, 810324.0, 810324.0, 810324.0, 810324.0, 810324.0, 810324.0, 810324.0, 810324.0, 810324.0, 810324.0, 810324.0, 810324.0, 810324.0, 810324.0, 810324.0, 810324.0, 810324.0, 810324.0, 810324.0, 810324.0, 810324.0, 810324.0, 810324.0, 810324.0, 810324.0, 810324.0, 810324.0, 810324.0, 810324.0, 810324.0, 810324.0, 810324.0, 810324.0, 810324.0, 810324.0, 810324.0, 810324.0, 810324.0, 810324.0, 810324.0, 810324.0, 810324.0, 810324.0, 810324.0, 810324.0, 810324.0, 810324.0, 810324.0, 810324.0, 810324.0, 810324.0, 810324.0, 810324.0, 810324.0, 810324.0, 810324.0, 810324.0, 810324.0, 810324.0, 810324.0, 810324.0, 810324.0, 810324.0, 810324.0, 810324.0, 810324.0, 810324.0, 810324.0, 810324.0, 810324.0, 810324.0, 810324.0, 810324.0, 810324.0, 810324.0, 810324.0, 810324.0, 810324.0, 810324.0, 810324.0, 810324.0, 810324.0, 810324.0, 810324.0, 810324.0, 810324.0, 810324.0, 810324.0, 810324.0, 810324.0, 810324.0, 810324.0, 810324.0, 810324.0, 810324.0, 810324.0, 810324.0, 810324.0, 810324.0, 810324.0, 810324.0, 810324.0, 810324.0, 810324.0, 810324.0, 810324.0, 810324.0, 810324.0, 810324.0, 810324.0, 810324.0, 810324.0, 810324.0, 810324.0, 810324.0, 810324.0, 810324.0, 810324.0, 810324.0, 810324.0, 810324.0, 810324.0, 810324.0, 810324.0, 810324.0, 810324.0, 810324.0, 810324.0, 810324.0, 810324.0, 810324.0, 810324.0, 810324.0, 810324.0, 810324.0, 810324.0, 810324.0, 810324.0, 810324.0, 810324.0, 810324.0, 810324.0, 810324.0, 810324.0, 810324.0, 810324.0, 810324.0, 810324.0, 810324.0, 810324.0, 810324.0, 810324.0, 810324.0, 810324.0, 810324.0, 810324.0, 810324.0, 810324.0, 810324.0, 810324.0, 810324.0, 810324.0, 810324.0, 810324.0, 810324.0, 810324.0, 810324.0, 810324.0, 810324.0, 810324.0, 810324.0, 810324.0, 810324.0, 810324.0, 810324.0, 810324.0, 810324.0, 810324.0, 810324.0, 810324.0, 810324.0, 810324.0, 810324.0, 810324.0, 810324.0, 810324.0, 810324.0, 810324.0, 810324.0, 810324.0, 810324.0, 810324.0, 810324.0, 810324.0, 810324.0, 810324.0, 810324.0, 810324.0, 810324.0, 810324.0, 810324.0, 810324.0, 810324.0, 810324.0, 810324.0, 810324.0, 810324.0, 810324.0, 810324.0, 810324.0, 810324.0, 810324.0, 810324.0, 810324.0, 810324.0, 810324.0, 810324.0, 810324.0, 810324.0, 810324.0, 810324.0, 810324.0, 810324.0, 810324.0, 810324.0, 810324.0, 810324.0, 810324.0, 810324.0, 810324.0, 810324.0, 810324.0, 810324.0, 810324.0, 810324.0, 810324.0, 810324.0, 810324.0, 810324.0, 810324.0, 810324.0, 810324.0, 810324.0, 810324.0, 810324.0, 810324.0, 810324.0, 810324.0, 810324.0, 810324.0, 810324.0, 810324.0, 810324.0, 810324.0, 810324.0, 810324.0, 810324.0, 810324.0, 810324.0, 810324.0, 810324.0, 810324.0, 810324.0, 810324.0, 810324.0, 810324.0, 810324.0, 810324.0, 810324.0, 810324.0, 810324.0, 810324.0, 810324.0, 810324.0, 810324.0, 810324.0, 810324.0, 810324.0, 810324.0, 810324.0, 810324.0, 810324.0, 810324.0, 810324.0, 810324.0, 810324.0, 810324.0, 810324.0, 810324.0, 810324.0, 810324.0, 810324.0, 810324.0, 810324.0, 810324.0, 810324.0, 810324.0, 810324.0, 810324.0, 810324.0, 810324.0, 810324.0, 810324.0, 810324.0, 810324.0, 810324.0, 810324.0, 810324.0, 810324.0, 810324.0, 810324.0, 810324.0, 810324.0, 810324.0, 810324.0, 810324.0, 810324.0, 810324.0, 810324.0, 810324.0, 810324.0, 810324.0, 810324.0, 810324.0, 810324.0, 810324.0, 810324.0, 810324.0, 810324.0, 810324.0, 810324.0, 810324.0, 810324.0, 810324.0, 810324.0, 810324.0, 810324.0, 810324.0, 810324.0, 810324.0, 810324.0, 810324.0, 810324.0, 810324.0, 810324.0, 810324.0, 810324.0, 810324.0, 810324.0, 810324.0, 810324.0, 810324.0, 810324.0, 810324.0, 810324.0, 810324.0, 810324.0, 810324.0, 810324.0, 810324.0, 810324.0, 810324.0, 810324.0, 810324.0, 810324.0, 810324.0, 810324.0, 810324.0, 810324.0, 810324.0, 810324.0, 810324.0, 810324.0, 810324.0, 810324.0, 810324.0, 810324.0, 810324.0, 810324.0, 810324.0, 810324.0, 810324.0, 810324.0, 810324.0, 810324.0, 810324.0, 810324.0, 810324.0, 810324.0, 810324.0, 810324.0, 810324.0, 810324.0, 810324.0, 810324.0, 810324.0, 810324.0, 810324.0, 810324.0, 810324.0, 810324.0, 810324.0, 810324.0, 810324.0, 810324.0, 810324.0, 810324.0, 810324.0, 810324.0, 810324.0, 810324.0, 810324.0, 810324.0, 810324.0, 810324.0, 810324.0, 810324.0, 810324.0, 810324.0, 810324.0, 810324.0, 810324.0, 810324.0, 810324.0, 810324.0, 810324.0, 810324.0, 810324.0, 810324.0, 810324.0, 810324.0, 810324.0, 810324.0, 810324.0, 810324.0, 810324.0, 810324.0, 810324.0, 810324.0, 810324.0, 810324.0, 810324.0, 810324.0, 810324.0, 810324.0, 810324.0, 810324.0, 810324.0, 810324.0, 810324.0, 810324.0, 810324.0, 810324.0, 810324.0, 810324.0, 810324.0, 810324.0, 810324.0, 810324.0, 810324.0, 810324.0, 810324.0, 810324.0, 810324.0, 810324.0, 810324.0, 810324.0, 810324.0, 810324.0, 810324.0, 810324.0, 810324.0, 810324.0, 810324.0, 810324.0, 810324.0, 810324.0, 810324.0, 810324.0, 810324.0, 810324.0, 810324.0, 810324.0, 810324.0, 810324.0, 810324.0, 810324.0, 810324.0, 810324.0, 810324.0, 810324.0, 810324.0, 810324.0, 810324.0, 810324.0, 810324.0, 810324.0, 810324.0, 810324.0, 810324.0, 810324.0, 810324.0, 810324.0, 810324.0, 810324.0, 810324.0, 810324.0, 810324.0, 810324.0, 810324.0, 810324.0, 810324.0, 810324.0, 810324.0, 810324.0, 810324.0, 810324.0, 810324.0, 810324.0, 810324.0, 810324.0, 810324.0, 810324.0, 810324.0, 810324.0, 810324.0, 810324.0, 810324.0, 810324.0, 810324.0, 810324.0, 810324.0, 810324.0, 810324.0, 810324.0, 810324.0, 810324.0, 810324.0, 810324.0, 810324.0, 810324.0, 810324.0, 810324.0, 810324.0, 810324.0, 810324.0, 810324.0, 810324.0, 810324.0, 810324.0, 810324.0, 810324.0, 810324.0, 810324.0, 810324.0, 810324.0, 810324.0, 810324.0, 810324.0, 810324.0, 810324.0, 810324.0, 810324.0, 810324.0, 810324.0, 810324.0, 810324.0, 810324.0, 810324.0, 810324.0, 810324.0, 810324.0, 810324.0, 810324.0, 810324.0, 810324.0, 810324.0, 810324.0, 810324.0, 810324.0, 810324.0, 810324.0, 810324.0, 810324.0, 810324.0, 810324.0, 810324.0, 810324.0, 810324.0, 810324.0, 810324.0, 810324.0, 810324.0, 810324.0, 810324.0, 810324.0, 810324.0, 810324.0, 810324.0, 810324.0, 810324.0, 810324.0, 810324.0, 810324.0, 810324.0, 810324.0, 810324.0, 810324.0, 810324.0, 810324.0, 810324.0, 810324.0, 810324.0, 810324.0, 810324.0, 810324.0, 810324.0, 810324.0, 810324.0, 810324.0, 810324.0, 810324.0, 810324.0, 810324.0, 810324.0, 810324.0, 810324.0, 810324.0, 810324.0, 810324.0, 810324.0, 810324.0, 810324.0, 810324.0, 810324.0, 810324.0, 810324.0, 810324.0, 810324.0, 810324.0, 810324.0, 810324.0, 810324.0, 810324.0, 810324.0, 810324.0, 810324.0, 810324.0, 810324.0, 810324.0, 810324.0, 810324.0, 810324.0, 810324.0, 810324.0, 803892.8271363925, 803892.8271363925, 803892.8271363925, 803892.8271363925, 803892.8271363925, 803892.8271363925, 803892.8271363925, 803892.8271363925, 803892.8271363925, 803892.8271363925, 803892.8271363925, 803892.8271363925, 803892.8271363925, 803892.8271363925, 803892.8271363925, 803892.8271363925, 803892.8271363925, 803892.8271363925, 803892.8271363925, 803892.8271363925, 803892.8271363925, 803892.8271363925, 803892.8271363925, 803892.8271363925, 803892.8271363925, 803892.8271363925, 803892.8271363925, 803892.8271363925, 803892.8271363925, 803892.8271363925, 803892.8271363925, 803892.8271363925, 803892.8271363925, 803892.8271363925, 803892.8271363925, 803892.8271363925, 809170.5991512701, 809170.5991512701, 809170.5991512701, 810324.0, 810324.0, 810324.0, 810324.0, 810324.0, 810324.0, 810324.0, 810324.0, 810324.0, 810324.0, 810324.0, 810324.0, 810324.0, 810324.0, 810324.0, 810324.0, 810324.0, 810324.0, 810324.0, 810324.0, 810324.0, 810324.0, 810324.0, 810324.0, 810324.0, 810324.0, 810324.0, 810324.0, 810324.0, 810324.0, 810324.0, 810324.0, 810324.0, 810324.0, 810324.0, 810324.0, 810324.0, 810324.0, 810324.0, 810324.0, 810324.0, 810324.0, 810324.0, 810324.0, 810324.0, 810324.0, 810324.0, 810324.0, 810324.0, 810324.0, 810324.0, 810324.0, 810324.0, 810324.0, 810324.0, 810324.0, 810324.0, 810324.0, 810324.0, 810324.0, 810324.0, 810324.0, 810324.0, 810324.0, 810324.0, 810324.0, 810324.0, 810324.0, 810324.0, 810324.0, 810324.0, 810324.0, 810324.0, 810324.0, 810324.0, 810324.0, 810324.0, 810324.0, 810324.0, 810324.0, 810324.0, 810324.0, 810324.0, 810324.0, 810324.0, 810324.0, 810324.0, 810324.0, 810324.0, 810324.0, 810324.0, 810324.0, 810324.0, 810324.0, 810324.0, 810324.0, 810324.0, 810324.0, 810324.0, 810324.0, 810324.0, 810324.0, 810324.0, 810324.0, 810324.0, 810324.0, 810324.0, 810324.0, 810324.0, 810324.0, 810324.0, 810324.0, 810324.0, 810324.0, 810324.0, 810324.0, 810324.0, 810324.0, 810324.0, 810324.0, 810324.0, 810324.0, 810324.0, 810324.0, 810324.0, 810324.0, 810324.0, 810324.0, 810324.0, 810324.0, 810324.0, 810324.0, 810324.0, 810324.0, 810324.0, 810324.0, 810324.0, 810324.0, 810324.0, 810324.0, 810324.0, 810324.0, 810324.0, 810324.0, 810324.0, 810324.0, 810324.0, 810324.0, 810324.0, 810324.0, 810324.0, 810324.0, 810324.0, 810324.0, 810324.0, 810324.0, 810324.0, 810324.0, 810324.0, 810324.0, 810324.0, 810324.0, 810324.0, 810324.0, 810324.0, 810324.0, 810324.0, 810324.0, 810324.0, 810324.0, 810324.0, 810324.0, 810324.0, 810324.0, 810324.0, 810324.0, 810324.0, 810324.0, 810324.0, 810324.0, 810324.0, 810324.0, 810324.0, 810324.0, 810324.0, 810324.0, 810324.0, 810324.0, 810324.0, 810324.0, 810324.0, 810324.0, 810324.0, 810324.0, 810324.0, 810324.0, 810324.0, 810324.0, 810324.0, 810324.0, 810324.0, 810324.0, 810324.0, 810324.0, 810324.0, 810324.0, 810324.0, 810324.0, 810324.0, 810324.0, 810324.0, 810324.0, 810324.0, 810324.0, 810324.0, 810324.0, 810324.0, 810324.0, 810324.0, 810324.0, 810324.0, 810324.0, 810324.0, 810324.0, 810324.0, 810324.0, 810324.0, 810324.0, 810324.0, 810324.0, 810324.0, 810324.0, 810324.0, 810324.0, 810324.0, 810324.0, 810324.0, 810324.0, 810324.0, 810324.0, 810324.0, 810324.0, 810324.0, 810324.0, 810324.0, 810324.0, 810324.0, 810324.0, 810324.0, 810324.0, 810324.0, 810324.0, 810324.0, 810324.0, 810324.0, 810324.0, 810324.0, 810324.0, 810324.0, 810324.0, 810324.0, 810324.0, 810324.0, 810324.0, 810324.0, 810324.0, 810324.0, 810324.0, 810324.0, 810324.0, 810324.0, 810324.0, 810324.0, 810324.0, 810324.0, 810324.0, 810324.0, 810324.0, 810324.0, 810324.0, 810324.0, 810324.0, 810324.0, 810324.0, 810324.0, 810324.0, 810324.0, 810324.0, 810324.0, 810324.0, 810324.0, 810324.0, 810324.0, 810324.0, 810324.0, 810324.0, 810324.0, 810324.0, 810324.0, 810324.0, 810324.0, 810324.0, 810324.0, 810324.0, 810324.0, 810324.0, 810324.0, 810324.0, 810324.0, 810324.0, 810324.0, 810324.0, 810324.0, 810324.0, 810324.0, 810324.0, 810324.0, 810324.0, 810324.0, 810324.0, 810324.0, 810324.0, 810324.0, 810324.0, 810324.0, 810324.0, 810324.0, 810324.0, 810324.0, 810324.0, 810324.0, 810324.0, 810324.0, 810324.0, 810324.0, 810324.0, 810324.0, 810324.0, 810324.0, 810324.0, 810324.0, 810324.0, 810324.0, 810324.0, 810324.0, 810324.0, 810324.0, 810324.0, 810324.0, 810324.0, 810324.0, 810324.0, 810324.0, 810324.0, 810324.0, 810324.0, 810324.0, 810324.0, 810324.0, 810324.0, 810324.0, 810324.0, 810324.0, 810324.0, 810324.0, 810324.0, 810324.0, 810324.0, 810324.0, 810324.0, 810324.0, 810324.0, 810324.0, 810324.0, 810324.0, 810324.0, 810324.0, 810324.0, 810324.0, 810324.0, 810324.0, 810324.0, 810324.0, 810324.0, 810324.0, 810324.0, 810324.0, 810324.0, 810324.0, 810324.0, 810324.0, 810324.0, 810324.0, 810324.0, 810324.0, 810324.0, 810324.0, 810324.0, 810324.0, 810324.0, 810324.0, 810324.0, 810324.0, 810324.0, 810324.0, 810324.0, 810324.0, 810324.0, 810324.0, 810324.0, 810324.0, 810324.0, 810324.0, 810324.0, 810324.0, 810324.0, 810324.0, 810324.0, 810324.0, 810324.0, 810324.0, 810324.0, 810324.0, 810324.0, 810324.0, 810324.0, 810324.0, 810324.0, 810324.0, 810324.0, 810324.0, 810324.0, 810324.0, 810324.0, 810324.0, 810324.0, 810324.0, 810324.0, 810324.0, 810324.0, 810324.0, 810324.0, 810324.0, 810324.0, 810324.0, 810324.0, 810324.0, 810324.0, 810324.0, 810324.0, 810324.0, 810324.0, 810324.0, 810324.0, 810324.0, 810324.0, 810324.0, 810324.0, 810324.0, 810324.0, 810324.0, 810324.0, 810324.0, 810324.0, 810324.0, 810324.0, 810324.0, 810324.0, 810324.0, 810324.0, 810324.0, 810324.0, 810324.0, 810324.0, 810324.0, 810324.0, 810324.0, 810324.0, 810324.0, 810324.0, 810324.0, 810324.0, 810324.0, 810324.0, 810324.0, 810324.0, 810324.0, 810324.0, 810324.0, 810324.0, 810324.0, 810324.0, 810324.0, 810324.0, 810324.0, 810324.0, 810324.0, 810324.0, 810324.0, 810324.0, 810324.0, 810324.0, 810324.0, 810324.0, 810324.0, 810324.0, 810324.0, 810324.0, 810324.0, 810324.0, 810324.0, 810324.0, 810324.0, 810324.0, 810324.0, 810324.0, 810324.0, 810324.0, 810324.0, 810324.0, 810324.0, 810324.0, 810324.0, 810324.0, 810324.0, 810324.0, 810324.0, 810324.0, 810324.0, 810324.0, 810324.0, 810324.0, 810324.0, 810324.0, 810324.0, 810324.0, 810324.0, 810324.0, 810324.0, 810324.0, 810324.0, 810324.0, 810324.0, 810324.0, 810324.0, 810324.0, 810324.0, 810324.0, 810324.0, 810324.0, 810324.0, 810324.0, 810324.0, 810324.0, 810324.0, 810324.0, 810324.0, 810324.0, 810324.0, 810324.0, 810324.0, 810324.0, 810324.0, 810324.0, 810324.0, 810324.0, 810324.0, 810324.0, 810324.0, 810324.0, 810324.0, 810324.0, 810324.0, 810324.0, 810324.0, 810324.0, 810324.0, 810324.0, 810324.0, 810324.0, 810324.0, 810324.0, 810324.0, 810324.0, 810324.0, 810324.0, 810324.0, 810324.0, 810324.0, 810324.0, 810324.0, 810324.0, 810324.0, 810324.0, 810324.0, 810324.0, 810324.0, 810324.0, 810324.0, 810324.0, 810324.0, 810324.0, 810324.0, 810324.0, 810324.0, 810324.0, 810324.0, 810324.0, 810324.0, 810324.0, 810324.0, 810324.0, 810324.0, 810324.0, 810324.0, 810324.0, 810324.0, 810324.0, 810324.0, 810324.0, 810324.0, 810324.0, 810324.0, 810324.0, 810324.0, 810324.0, 810324.0, 810324.0, 810324.0, 810324.0, 810324.0, 810324.0, 810324.0, 810324.0, 810324.0, 810324.0, 810324.0, 810324.0, 810324.0, 810324.0, 810324.0, 810324.0, 810324.0, 810324.0, 810324.0, 810324.0, 810324.0, 810324.0, 810324.0, 810324.0, 810324.0, 810324.0, 810324.0, 810324.0, 810324.0, 810324.0, 810324.0, 810324.0, 810324.0, 810324.0, 810324.0, 810324.0, 810324.0, 810324.0, 810324.0, 810324.0, 810324.0, 810324.0, 810324.0, 810324.0, 810324.0, 810324.0, 810324.0, 810324.0, 810324.0, 810324.0, 810324.0, 810324.0, 810324.0, 810324.0, 810324.0, 810324.0, 810324.0, 810324.0, 810324.0, 810324.0, 810324.0, 810324.0, 810324.0, 810324.0, 810324.0, 810324.0, 810324.0, 810324.0, 810324.0, 810324.0, 810324.0, 810324.0, 810324.0, 810324.0, 810324.0, 810324.0, 810324.0, 810324.0, 810324.0, 810324.0, 810324.0, 810324.0, 810324.0, 810324.0, 810324.0, 810324.0, 810324.0, 810324.0, 810324.0, 810324.0, 810324.0, 810324.0, 810324.0, 810324.0, 810324.0, 810324.0, 810324.0, 810324.0, 810324.0, 810324.0, 810324.0, 810324.0, 810324.0, 810324.0, 810324.0, 810324.0, 810324.0, 810324.0, 810324.0, 810324.0, 810324.0, 810324.0, 810324.0, 810324.0, 810324.0, 810324.0, 810324.0, 810324.0, 810324.0, 810324.0, 810324.0, 810324.0, 810324.0, 810324.0, 810324.0, 810324.0, 810324.0, 810324.0, 810324.0, 810324.0, 810324.0, 810324.0, 810324.0, 810324.0, 810324.0, 810324.0, 810324.0, 810324.0, 810324.0, 810324.0, 810324.0, 810324.0, 810324.0, 810324.0, 810324.0, 810324.0, 810324.0, 810324.0, 810324.0, 810324.0, 810324.0, 810324.0, 810324.0, 810324.0, 810324.0, 810324.0, 810324.0, 810324.0, 810324.0, 810324.0, 810324.0, 810324.0, 810324.0, 810324.0, 810324.0, 810324.0, 810324.0, 810324.0, 810324.0, 810324.0, 810324.0, 810324.0, 810324.0, 810324.0, 810324.0, 810324.0, 810324.0, 810324.0, 810324.0, 810324.0, 810324.0, 810324.0, 810324.0, 810324.0, 810324.0, 810324.0, 810324.0, 810324.0, 810324.0, 810324.0, 810324.0, 810324.0, 810324.0, 810324.0, 810324.0, 810324.0, 810324.0, 810324.0, 810324.0, 810324.0, 810324.0, 810324.0, 810324.0, 810324.0, 810324.0, 810324.0, 810324.0, 810324.0, 810324.0, 810324.0, 810324.0, 810324.0, 810324.0, 810324.0, 810324.0, 810324.0, 810324.0, 810324.0, 810324.0, 810324.0, 810324.0, 810324.0, 810324.0, 810324.0, 810324.0, 810324.0, 810324.0, 810324.0, 810324.0, 810324.0, 810324.0, 810324.0, 810324.0, 810324.0, 810324.0, 810324.0, 810324.0, 810324.0, 810324.0, 810324.0, 810324.0, 810324.0, 810324.0, 810324.0, 810324.0, 810324.0, 810324.0, 810324.0, 810324.0, 810324.0, 810324.0, 810324.0, 810324.0, 810324.0, 810324.0, 810324.0, 810324.0, 810324.0, 810324.0, 810324.0, 810324.0, 810324.0, 810324.0, 810324.0, 810324.0, 810324.0, 810324.0, 810324.0, 810324.0, 810324.0, 810324.0, 810324.0, 810324.0, 810324.0, 810324.0, 810324.0, 810324.0, 810324.0, 810324.0, 810324.0, 810324.0, 810324.0, 810324.0, 810324.0, 810324.0, 810324.0, 810324.0, 810324.0, 810324.0, 810324.0, 810324.0, 810324.0, 810324.0, 810324.0, 810324.0, 810324.0, 810324.0, 810324.0, 810324.0, 810324.0, 810324.0, 810324.0, 810324.0, 810324.0, 810324.0, 810324.0, 810324.0, 810324.0, 810324.0, 810324.0, 810324.0, 810324.0, 810324.0, 810324.0, 810324.0, 810324.0, 810324.0, 810324.0, 810324.0, 810324.0, 810324.0, 810324.0, 810324.0, 810324.0, 810324.0, 810324.0, 810324.0, 810324.0, 810324.0, 810324.0, 810324.0, 810324.0, 810324.0, 810324.0, 810324.0, 810324.0, 810324.0, 810324.0, 810324.0, 810324.0, 810324.0, 810324.0, 810324.0, 810324.0, 810324.0, 810324.0, 810324.0, 810324.0, 810324.0, 810324.0, 810324.0, 810324.0, 810324.0, 810324.0, 810324.0, 810324.0, 810324.0, 810324.0, 810324.0, 810324.0, 810324.0, 810324.0, 810324.0, 810324.0, 810324.0, 810324.0, 810324.0, 810324.0, 810324.0, 810324.0, 810324.0, 810324.0, 810324.0, 810324.0, 810324.0, 810324.0, 810324.0, 810324.0, 810324.0, 810324.0, 810324.0, 810324.0, 810324.0, 810324.0, 810324.0, 810324.0, 810324.0, 810324.0, 810324.0, 810324.0, 810324.0, 810324.0, 810324.0, 810324.0, 810324.0, 810324.0, 810324.0, 810324.0, 810324.0, 810324.0, 810324.0, 810324.0, 810324.0, 810324.0, 810324.0, 810324.0, 810324.0, 810324.0, 810324.0, 810324.0, 810324.0, 810324.0, 810324.0, 810324.0, 810324.0, 810324.0, 810324.0, 810324.0, 810324.0, 810324.0, 810324.0, 810324.0, 810324.0, 810324.0, 810324.0, 810324.0, 810324.0, 810324.0, 810324.0, 810324.0, 810324.0, 810324.0, 810324.0, 810324.0, 810324.0, 810324.0, 810324.0, 810324.0, 810324.0, 810324.0, 810324.0, 810324.0, 810324.0, 810324.0, 810324.0, 810324.0, 810324.0, 810324.0, 810324.0, 810324.0, 810324.0, 810324.0, 810324.0, 810324.0, 810324.0, 810324.0, 810324.0, 810324.0, 810324.0, 810324.0, 810324.0, 810324.0, 810324.0, 810324.0, 810324.0, 810324.0, 810324.0, 810324.0, 810324.0, 810324.0, 810324.0, 810324.0, 810324.0, 810324.0, 810324.0, 810324.0, 810324.0, 810324.0, 810324.0, 810324.0, 810324.0, 810324.0, 810324.0, 810324.0, 810324.0, 810324.0, 810324.0, 810324.0, 810324.0, 810324.0, 810324.0, 810324.0, 810324.0, 810324.0, 810324.0, 810324.0, 810324.0, 810324.0, 810324.0, 810324.0, 810324.0, 810324.0, 810324.0, 810324.0, 810324.0, 810324.0, 810324.0, 810324.0, 810324.0, 810324.0, 810324.0, 810324.0, 810324.0, 810324.0, 810324.0, 810324.0, 810324.0, 810324.0, 810324.0, 810324.0, 810324.0, 810324.0, 810324.0, 810324.0, 810324.0, 810324.0, 810324.0, 810324.0, 810324.0, 810324.0, 810324.0, 810324.0, 810324.0, 810324.0, 810324.0, 810324.0, 810324.0, 810324.0, 810324.0, 810324.0, 810324.0, 810324.0, 810324.0, 810324.0, 810324.0, 810324.0, 810324.0, 810324.0, 810324.0, 810324.0, 810324.0, 810324.0, 810324.0, 810324.0, 810324.0, 810324.0, 810324.0, 810324.0, 810324.0, 810324.0, 810324.0, 810324.0, 810324.0, 810324.0, 810324.0, 810324.0, 810324.0, 810324.0, 810324.0, 810324.0, 810324.0, 810324.0, 810324.0, 810324.0, 810324.0, 810324.0, 810324.0, 810324.0, 810324.0, 810324.0, 810324.0, 810324.0, 810324.0, 810324.0, 810324.0, 810324.0, 810324.0, 810324.0, 810324.0, 810324.0, 810324.0, 810324.0, 810324.0, 810324.0, 810324.0, 810324.0, 810324.0, 810324.0, 810324.0, 810324.0, 810324.0, 810324.0, 810324.0, 810324.0, 810324.0, 810324.0, 810324.0, 810324.0, 810324.0, 810324.0, 810324.0, 810324.0, 810324.0, 810324.0, 810324.0, 810324.0, 810324.0, 810324.0, 810324.0, 810324.0, 810324.0, 810324.0, 810324.0, 810324.0, 810324.0, 810324.0, 810324.0, 810324.0, 810324.0, 810324.0, 810324.0, 810324.0, 810324.0, 810324.0, 810324.0, 810324.0, 810324.0, 810324.0, 810324.0, 810324.0, 810324.0, 810324.0, 810324.0, 810324.0, 810324.0, 810324.0, 810324.0, 810324.0, 810324.0, 810324.0, 810324.0, 810324.0, 810324.0, 810324.0, 810324.0, 810324.0, 810324.0, 810324.0, 810324.0, 810324.0, 810324.0, 810324.0, 810324.0, 810324.0, 810324.0, 810324.0, 810324.0, 810324.0, 810324.0, 810324.0, 810324.0, 810324.0, 810324.0, 810324.0, 810324.0, 810324.0, 810324.0, 810324.0, 810324.0, 810324.0, 810324.0, 810324.0, 810324.0, 810324.0, 810324.0, 810324.0, 810324.0, 810324.0, 810324.0, 810324.0, 810324.0, 810324.0, 810324.0, 810324.0, 810324.0, 810324.0, 810324.0, 810324.0, 810324.0, 810324.0, 810324.0, 810324.0, 810324.0, 810324.0, 810324.0, 810324.0, 810324.0, 810324.0, 810324.0, 810324.0, 810324.0, 810324.0, 810324.0, 810324.0, 810324.0, 810324.0, 810324.0, 810324.0, 810324.0, 810324.0, 810324.0, 810324.0, 810324.0, 810324.0, 810324.0, 810324.0, 810324.0, 810324.0, 810324.0, 810324.0, 810324.0, 810324.0, 810324.0, 810324.0, 810324.0, 810324.0, 810324.0, 810324.0, 810324.0, 810324.0, 810324.0, 810324.0, 810324.0, 810324.0, 810324.0, 810324.0, 810324.0, 810324.0, 810324.0, 810324.0, 810324.0, 810324.0, 810324.0, 810324.0, 810324.0, 810324.0, 810324.0, 810324.0, 810324.0, 810324.0, 810324.0, 810324.0, 810324.0, 810324.0, 810324.0, 810324.0, 810324.0, 810324.0, 810324.0, 810324.0, 810324.0, 810324.0, 810324.0, 810324.0, 810324.0, 810324.0, 810324.0, 810324.0, 810324.0, 810324.0, 810324.0, 810324.0, 810324.0, 810324.0, 810324.0, 810324.0, 810324.0, 810324.0, 810324.0, 810324.0, 810324.0, 810324.0, 810324.0, 810324.0, 810324.0, 810324.0, 810324.0, 810324.0, 810324.0, 810324.0, 810324.0, 810324.0, 810324.0, 810324.0, 810324.0, 810324.0, 810324.0, 810324.0, 810324.0, 810324.0, 810324.0, 810324.0, 810324.0, 810324.0, 810324.0, 810324.0, 810324.0, 810324.0, 810324.0, 810324.0, 810324.0, 810324.0, 810324.0, 810324.0, 810324.0, 810324.0, 810324.0, 810324.0, 810324.0, 810324.0, 810324.0, 810324.0, 810324.0, 810324.0, 810324.0, 810324.0, 810324.0, 810324.0, 810324.0, 810324.0, 810324.0, 810324.0, 810324.0, 810324.0, 810324.0, 810324.0, 810324.0, 810324.0, 810324.0, 810324.0, 810324.0, 810324.0, 810324.0, 810324.0, 810324.0, 810324.0, 810324.0, 810324.0, 810324.0, 810324.0, 810324.0, 810324.0, 810324.0, 810324.0, 810324.0, 810324.0, 810324.0, 810324.0, 810324.0, 810324.0, 810324.0, 810324.0, 810324.0, 810324.0, 810324.0, 810324.0, 810324.0, 810324.0, 810324.0, 810324.0, 810324.0, 810324.0, 810324.0, 810324.0, 810324.0, 810324.0, 810324.0, 810324.0, 810324.0, 810324.0, 810324.0, 810324.0, 810324.0, 810324.0, 810324.0, 810324.0, 810324.0, 810324.0, 810324.0, 810324.0, 810324.0, 810324.0, 810324.0, 810324.0, 810324.0, 810324.0, 810324.0, 810324.0, 810324.0, 810324.0, 810324.0, 810324.0, 810324.0, 810324.0, 810324.0, 810324.0, 810324.0, 810324.0, 810324.0, 810324.0, 810324.0, 810324.0, 810324.0, 810324.0, 810324.0, 810324.0, 810324.0, 810324.0, 810324.0, 810324.0, 810324.0, 810324.0, 810324.0, 810324.0, 810324.0, 810324.0, 810324.0, 810324.0, 810324.0, 810324.0, 810324.0, 810324.0, 810324.0, 810324.0, 810324.0, 810324.0, 810324.0, 810324.0, 810324.0, 810324.0, 810324.0, 810324.0, 810324.0, 810324.0, 810324.0, 810324.0, 810324.0, 810324.0, 810324.0, 810324.0, 810324.0, 810324.0, 810324.0, 810324.0, 810324.0, 810324.0, 810324.0, 810324.0, 810324.0, 810324.0, 810324.0, 810324.0, 810324.0, 810324.0, 810324.0, 810324.0, 810324.0, 810324.0, 810324.0, 810324.0, 810324.0, 810324.0, 810324.0, 810324.0, 810324.0, 810324.0, 810324.0, 810324.0, 810324.0, 810324.0, 810324.0, 810324.0, 810324.0, 810324.0, 810324.0, 810324.0, 810324.0, 810324.0, 810324.0, 810324.0, 810324.0, 810324.0, 810324.0, 810324.0, 810324.0, 810324.0, 810324.0, 810324.0, 810324.0, 810324.0, 810324.0, 810324.0, 810324.0, 810324.0, 810324.0, 810324.0, 810324.0, 810324.0, 810324.0, 810324.0, 810324.0, 810324.0, 810324.0, 810324.0, 810324.0, 810324.0, 810324.0, 810324.0, 810324.0, 810324.0, 810324.0, 810324.0, 810324.0, 810324.0, 810324.0, 810324.0, 810324.0, 810324.0, 810324.0, 810324.0, 810324.0, 810324.0, 810324.0, 810324.0, 810324.0, 810324.0, 810324.0, 810324.0, 810324.0, 810324.0, 810324.0, 810324.0, 810324.0, 810324.0, 810324.0, 810324.0, 810324.0, 810324.0, 810324.0, 810324.0, 810324.0, 810324.0, 810324.0, 810324.0, 810324.0, 810324.0, 810324.0, 810324.0, 810324.0, 810324.0, 810324.0, 810324.0, 810324.0, 810324.0, 810324.0, 810324.0, 810324.0, 810324.0, 810324.0, 810324.0, 810324.0, 810324.0, 810324.0, 810324.0, 810324.0, 810324.0, 810324.0, 810324.0, 810324.0, 810324.0, 810324.0, 810324.0, 810324.0, 810324.0, 810324.0, 810324.0, 810324.0, 810324.0, 810324.0, 810324.0, 810324.0, 810324.0, 810324.0, 810324.0, 810324.0, 810324.0, 808084.1577660431, 808084.1577660431, 808084.1577660431, 808084.1577660431, 808084.1577660431, 808084.1577660431, 808084.1577660431, 808084.1577660431, 808084.1577660431, 808084.1577660431, 808084.1577660431, 808084.1577660431, 808084.1577660431, 808084.1577660431, 808084.1577660431, 808084.1577660431, 808084.1577660431, 808084.1577660431, 808084.1577660431, 808084.1577660431, 808084.1577660431, 808084.1577660431, 808084.1577660431, 808084.1577660431, 808084.1577660431, 808084.1577660431, 808084.1577660431, 810324.0, 810324.0, 810324.0, 810324.0, 810324.0, 810324.0, 810324.0, 810324.0, 810324.0, 810324.0, 810324.0, 810324.0, 810324.0, 810324.0, 810324.0, 810324.0, 810324.0, 810324.0, 810324.0, 810324.0, 810324.0, 810324.0, 810324.0, 810324.0, 810324.0, 810324.0, 810324.0, 810324.0, 810324.0, 810324.0, 810324.0, 810324.0, 810324.0, 810324.0, 810324.0, 810324.0, 810324.0, 810324.0, 810324.0, 810324.0, 810324.0, 810324.0, 810324.0, 810324.0, 810324.0, 810324.0, 810324.0, 810324.0, 810324.0, 810324.0, 810324.0, 810324.0, 810324.0, 810324.0, 810324.0, 810324.0, 810324.0, 810324.0, 810324.0, 810324.0, 810324.0, 810324.0, 810324.0, 810324.0, 810324.0, 810324.0, 810324.0, 810324.0, 810324.0, 810324.0, 810324.0, 810324.0, 810324.0, 810324.0, 810324.0, 810324.0, 810324.0, 810324.0, 810324.0, 810324.0, 810324.0, 810324.0, 810324.0, 810324.0, 810324.0, 810324.0, 810324.0, 810324.0, 810324.0, 810324.0, 810324.0, 810324.0, 810324.0, 810324.0, 810324.0, 810324.0, 810324.0, 810324.0, 810324.0, 810324.0, 810324.0, 810324.0, 810324.0, 810324.0, 810324.0, 810324.0, 810324.0, 810324.0, 810324.0, 810324.0, 810324.0, 810324.0, 810324.0, 810324.0, 810324.0, 810324.0, 810324.0, 810324.0, 810324.0, 810324.0, 810324.0, 810324.0, 810324.0, 810324.0, 810324.0, 810324.0, 810324.0, 810324.0, 810324.0, 810324.0, 810324.0, 810324.0, 810324.0, 810324.0, 810324.0, 810324.0, 810324.0, 810324.0, 810324.0, 810324.0, 810324.0, 810324.0, 810324.0, 810324.0, 810324.0, 810324.0, 810324.0, 810324.0, 810324.0, 810324.0, 810324.0, 810324.0, 810324.0, 810324.0, 810324.0, 810027.1981033897, 810027.1981033897, 810027.1981033897, 810027.1981033897, 810027.1981033897, 810027.1981033897, 810027.1981033897, 810027.1981033897, 810027.1981033897, 810027.1981033897, 810027.1981033897, 810027.1981033897, 810027.1981033897, 810027.1981033897, 810027.1981033897, 810027.1981033897, 810027.1981033897, 810027.1981033897, 810027.1981033897, 810027.1981033897, 810027.1981033897, 810027.1981033897, 810027.1981033897, 810027.1981033897, 810027.1981033897, 810027.1981033897, 810027.1981033897, 810027.1981033897, 810027.1981033897, 810027.1981033897, 810027.1981033897, 810027.1981033897, 810027.1981033897, 810027.1981033897, 810027.1981033897, 810027.1981033897, 810027.1981033897, 810027.1981033897, 810027.1981033897, 810027.1981033897, 810027.1981033897, 810027.1981033897, 810027.1981033897, 810027.1981033897, 810027.1981033897, 791073.0276641225, 791073.0276641225, 791073.0276641225, 791073.0276641225, 791073.0276641225, 791073.0276641225, 791073.0276641225, 791073.0276641225, 791073.0276641225, 791073.0276641225, 791073.0276641225, 791073.0276641225, 791073.0276641225, 791073.0276641225, 791073.0276641225, 791073.0276641225, 791073.0276641225, 791073.0276641225, 791073.0276641225, 791073.0276641225, 791073.0276641225, 791073.0276641225, 791073.0276641225, 791073.0276641225, 791073.0276641225, 791073.0276641225, 791073.0276641225, 791073.0276641225, 800120.4471817464, 800120.4471817464, 800120.4471817464, 800120.4471817464, 800120.4471817464, 810324.0, 810324.0, 810324.0, 810324.0, 810324.0, 810324.0, 810324.0, 810324.0, 810324.0, 810324.0, 810324.0, 810324.0, 810324.0, 810324.0, 810324.0, 810324.0, 810324.0, 810324.0, 810324.0, 810324.0, 810324.0, 810324.0, 810324.0, 810324.0, 810324.0, 810324.0, 810324.0, 810324.0, 810324.0, 810324.0, 810324.0, 810324.0, 810324.0, 810324.0, 810324.0, 810324.0, 810324.0, 810324.0, 810324.0, 810324.0, 810324.0, 810324.0, 810324.0, 810324.0, 810324.0, 810324.0, 810324.0, 810324.0, 810324.0, 810324.0, 810324.0, 810324.0, 810324.0, 810324.0, 810324.0, 810324.0, 810324.0, 810324.0, 810324.0, 810324.0, 810324.0, 810324.0, 810324.0, 810324.0, 810324.0, 810324.0, 810324.0, 810324.0, 810324.0, 810324.0, 810324.0, 810324.0, 810324.0, 810324.0, 810324.0, 810324.0, 810324.0, 810324.0, 810324.0, 810324.0, 810324.0, 810324.0, 810324.0, 810324.0, 810324.0, 810324.0, 810324.0, 810324.0, 810324.0, 810324.0, 810324.0, 810324.0, 810324.0, 810324.0, 810324.0, 810324.0, 810324.0, 810324.0, 810324.0, 810324.0, 810324.0, 810324.0, 810324.0, 810324.0, 809849.3381031022, 809849.3381031022, 809849.3381031022, 809849.3381031022, 809849.3381031022, 809849.3381031022, 809849.3381031022, 809849.3381031022, 809849.3381031022, 809849.3381031022, 809849.3381031022, 809849.3381031022, 809849.3381031022, 809849.3381031022, 809849.3381031022, 809849.3381031022, 809849.3381031022, 809849.3381031022, 809849.3381031022, 809849.3381031022, 809849.3381031022, 809849.3381031022, 809849.3381031022, 809849.3381031022, 809849.3381031022, 809849.3381031022, 809849.3381031022, 809849.3381031022, 809849.3381031022, 809849.3381031022, 809849.3381031022, 809849.3381031022, 809849.3381031022, 809849.3381031022, 809849.3381031022, 809849.3381031022, 809849.3381031022, 809849.3381031022, 809849.3381031022, 809849.3381031022, 809849.3381031022, 809849.3381031022, 809849.3381031022, 809849.3381031022, 809849.3381031022, 809849.3381031022, 809849.3381031022, 809849.3381031022, 809849.3381031022, 809849.3381031022, 809849.3381031022, 809849.3381031022, 809849.3381031022, 809849.3381031022, 809849.3381031022, 809849.3381031022, 809849.3381031022, 809849.3381031022, 809849.3381031022, 809849.3381031022, 809849.3381031022, 809849.3381031022, 809849.3381031022, 809849.3381031022, 809849.3381031022, 809849.3381031022, 809849.3381031022, 809849.3381031022, 809849.3381031022, 809849.3381031022, 809849.3381031022, 809849.3381031022, 809849.3381031022, 809849.3381031022, 809849.3381031022, 809849.3381031022, 809849.3381031022, 809849.3381031022, 809849.3381031022, 809849.3381031022, 809849.3381031022, 809849.3381031022, 809849.3381031022, 809849.3381031022, 809849.3381031022, 809849.3381031022, 809849.3381031022, 809849.3381031022, 809849.3381031022, 809849.3381031022, 797301.5131024636, 797301.5131024636, 797301.5131024636, 797301.5131024636, 797301.5131024636, 797301.5131024636, 797301.5131024636, 797301.5131024636, 797301.5131024636, 797301.5131024636, 797301.5131024636, 797301.5131024636, 797301.5131024636, 797301.5131024636, 797301.5131024636, 797301.5131024636, 797301.5131024636, 797301.5131024636, 797301.5131024636, 797301.5131024636, 797301.5131024636, 797301.5131024636, 797301.5131024636, 797301.5131024636, 797301.5131024636, 797301.5131024636, 797301.5131024636, 797301.5131024636, 810324.0, 810324.0, 810324.0, 810324.0, 810324.0, 810324.0, 810324.0, 810324.0, 810324.0, 810324.0, 810324.0, 810324.0, 810324.0, 810324.0, 810324.0, 810324.0, 810324.0, 810324.0, 810324.0, 810324.0, 810324.0, 810324.0, 810324.0, 810324.0, 810324.0, 810324.0, 810324.0, 810324.0, 810324.0, 810324.0, 810324.0, 810324.0, 810324.0, 810324.0, 810324.0, 810324.0, 810324.0, 810324.0, 810324.0, 810324.0, 810324.0, 810324.0, 810324.0, 810324.0, 810324.0, 810324.0, 810324.0, 810324.0, 810324.0, 810324.0, 810324.0, 810324.0, 810324.0, 810324.0, 810324.0, 810324.0, 810324.0, 810324.0, 810324.0, 810324.0, 810324.0, 810324.0, 810324.0, 810324.0, 810324.0, 810324.0, 810324.0, 810324.0, 810324.0, 810324.0, 810324.0, 810324.0, 810324.0, 810324.0, 810324.0, 810324.0, 810324.0, 810324.0, 810324.0, 810324.0, 810324.0, 810324.0, 810324.0, 810324.0, 810324.0, 810324.0, 810324.0, 810324.0, 810324.0, 810324.0, 810324.0, 810324.0, 810324.0, 810324.0, 810324.0, 810324.0, 810324.0, 810324.0, 810324.0, 810324.0, 810324.0, 810324.0, 810324.0, 810324.0, 810324.0, 810324.0, 810324.0, 810324.0, 810324.0, 810324.0, 810324.0, 810324.0, 810324.0, 810324.0, 810324.0, 810324.0, 810324.0, 810324.0, 810324.0, 810324.0, 810324.0, 810324.0, 810324.0, 810324.0, 810324.0, 810324.0, 810324.0, 810324.0, 810324.0, 810324.0, 810324.0, 810324.0, 810324.0, 810324.0, 810324.0, 810324.0, 810324.0, 810324.0, 810324.0, 810324.0, 810324.0, 810324.0, 810324.0, 810324.0, 810324.0, 810324.0, 810324.0, 810324.0, 810324.0, 810324.0, 810324.0, 810324.0, 810324.0, 810324.0, 810324.0, 810324.0, 810324.0, 810324.0, 810324.0, 810324.0, 810324.0, 810324.0, 810324.0, 810324.0, 810324.0, 810324.0, 810324.0, 810324.0, 810324.0, 810324.0, 810324.0, 810324.0, 810324.0, 810324.0, 810324.0, 810324.0, 810324.0, 810324.0, 810324.0, 810324.0, 810324.0, 810324.0, 810324.0, 810324.0, 810324.0, 810324.0, 810324.0, 810324.0, 810324.0, 810324.0, 810324.0, 810324.0, 810324.0, 810324.0, 810324.0, 810324.0, 810324.0, 810324.0, 810324.0, 810324.0, 810324.0, 810324.0, 810324.0, 810324.0, 810324.0, 810324.0, 810324.0, 810324.0, 810324.0, 810324.0, 810324.0, 810324.0, 810324.0, 810324.0, 810324.0, 810324.0, 810324.0, 810324.0, 810324.0, 810324.0, 810324.0, 810324.0, 810324.0, 810324.0, 810324.0, 810324.0, 810324.0, 810324.0, 810324.0, 810324.0, 810324.0, 810324.0, 810324.0, 810324.0, 810324.0, 810324.0, 810324.0, 810324.0, 810324.0, 810324.0, 810324.0, 810324.0, 810324.0, 810324.0, 810324.0, 810324.0, 810324.0, 810324.0, 810324.0, 810324.0, 810324.0, 810324.0, 810324.0, 810324.0, 810324.0, 810324.0, 810324.0, 810324.0, 810324.0, 810324.0, 810324.0, 810324.0, 810324.0, 810324.0, 810324.0, 810324.0, 810324.0, 810324.0, 810324.0, 810324.0, 810324.0, 810324.0, 810324.0, 810324.0, 810324.0, 810324.0, 810324.0, 810324.0, 810324.0, 810324.0, 810324.0, 810324.0, 810324.0, 810324.0, 810324.0, 810324.0, 810324.0, 810324.0, 810324.0, 810324.0, 810324.0, 810324.0, 810324.0, 810324.0, 810324.0, 810324.0, 810324.0, 810324.0, 810324.0, 810324.0, 810324.0, 810324.0, 810324.0, 810324.0, 810324.0, 810324.0, 810324.0, 810324.0, 810324.0, 810324.0, 810324.0, 810324.0, 810324.0, 810324.0, 810324.0, 810324.0, 810324.0, 810324.0, 810324.0, 810324.0, 810324.0, 810324.0, 810324.0, 810324.0, 810324.0, 810324.0, 810324.0, 810324.0, 810324.0, 810324.0, 810324.0, 810324.0, 810324.0, 810324.0, 810324.0, 810324.0, 810324.0, 810324.0, 810324.0, 810324.0, 810324.0, 810324.0, 810324.0, 810324.0, 810324.0, 810324.0, 810324.0, 810324.0, 810324.0, 810324.0, 810324.0, 810324.0, 810324.0, 810324.0, 810324.0, 810324.0, 810324.0, 810324.0, 810324.0, 810324.0, 810324.0, 810324.0, 810324.0, 810324.0, 810324.0, 810324.0, 810324.0, 810324.0, 810324.0, 810324.0, 810324.0, 810324.0, 810324.0, 810324.0, 810324.0, 810324.0, 810324.0, 810324.0, 810324.0, 810324.0, 810324.0, 807503.1493916446, 807503.1493916446, 807503.1493916446, 807503.1493916446, 807503.1493916446, 807503.1493916446, 807503.1493916446, 807503.1493916446, 807503.1493916446, 807503.1493916446, 807503.1493916446, 807503.1493916446, 807503.1493916446, 807503.1493916446, 807503.1493916446, 807503.1493916446, 807503.1493916446, 807503.1493916446, 807503.1493916446, 807503.1493916446, 807503.1493916446, 807503.1493916446, 807503.1493916446, 807503.1493916446, 807503.1493916446, 807503.1493916446, 807503.1493916446, 807503.1493916446, 807503.1493916446, 807503.1493916446, 807503.1493916446, 807503.1493916446, 807503.1493916446, 807503.1493916446, 807503.1493916446, 807503.1493916446, 810324.0, 810324.0, 810324.0, 810324.0, 810324.0, 810324.0, 810324.0, 810324.0, 810324.0, 810324.0, 810324.0, 810324.0, 810324.0, 810324.0, 810324.0, 810324.0, 810324.0, 810324.0, 810324.0, 810324.0, 810324.0, 810324.0, 810324.0, 810324.0, 810324.0, 810324.0, 810324.0, 810324.0, 810324.0, 810324.0, 810324.0, 810324.0, 810324.0, 810324.0, 810324.0, 810324.0, 810324.0, 810324.0, 810324.0, 810324.0, 810324.0, 810324.0, 810324.0, 810324.0, 810324.0, 810324.0, 810324.0, 810324.0, 810324.0, 810324.0, 810324.0, 810324.0, 810324.0, 810324.0, 810324.0, 810324.0, 
30239.374698969918, 30239.374698969918, 30239.374698969918, 7090.843899672907, 7090.843899672907, 7090.843899672907, 7090.843899672907, 7090.843899672907, 7090.843899672907, 1630.186368602331, 1630.186368602331, 1630.186368602331, 1042.8695020071118, 1042.8695020071118, 1042.8695020071118, 922.3286752626655, 922.3286752626655, 922.3286752626655, 922.3286752626655, 922.3286752626655, 922.3286752626655, 922.3286752626655, 865.3997984007106, 865.3997984007106, 865.3997984007106, 865.3997984007106, 865.3997984007106, 689.2503492378592, 689.2503492378592, 689.2503492378592, 682.8051277284904, 594.4618428877989, 408.35703227589755, 259.2635532659225, 259.2635532659225, 258.27066414855705, 258.27066414855705, 258.27066414855705, 193.74396703049922, 193.74396703049922, 193.74396703049922, 193.74396703049922, 193.74396703049922, 193.74396703049922, 193.74396703049922, 193.74396703049922, 193.74396703049922, 193.74396703049922, 193.74396703049922, 193.74396703049922, 120.3036457531912, 106.33181939742047, 106.33181939742047, 106.33181939742047, 106.33181939742047, 106.33181939742047, 106.33181939742047, 106.33181939742047, 92.82298920449462, 92.82298920449462, 92.82298920449462, 92.82298920449462, 92.82298920449462, 92.82298920449462, 92.82298920449462, 92.82298920449462, 92.82298920449462, 92.82298920449462, 92.82298920449462, 91.25906027500086, 90.20727172175968, 90.20727172175968, 89.52440268162525, 89.52440268162525, 85.57819657115229, 85.57819657115229, 85.57819657115229, 85.57819657115229, 80.9380703937361, 80.9380703937361, 80.9380703937361, 80.9380703937361, 80.9380703937361, 80.9380703937361, 80.9380703937361, 80.9380703937361, 80.9380703937361, 80.9380703937361, 80.9380703937361, 80.9380703937361, 80.9380703937361, 213483.26322308564, 227543.66625269107, 304906.93571125646, 304906.93571125646, 335964.3587429997, 351255.85333402664, 492812.3852001557, 492812.3852001557, 455487.7204105582, 540311.7354441114, 568604.9114701528, 568604.9114701528, 568604.9114701528, 568604.9114701528, 607767.3965844254, 607767.3965844254, 607767.3965844254, 651354.2627813986, 651354.2627813986, 695949.1024255943, 695949.1024255943, 695949.1024255943, 779245.1156687272, 793926.6012079204, 793980.9153850663, 744124.6985115592, 758353.6495714295, 758353.6495714295, 758353.6495714295, 758353.6495714295, 758353.6495714295, 756906.5940256553, 756906.5940256553, 756906.5940256553, 802819.6567542249, 791645.2582145866, 791645.2582145866, 791645.2582145866, 808763.8345984174, 808763.8345984174, 808763.8345984174, 808763.8345984174, 808763.8345984174, 808763.8345984174, 808763.8345984174, 808763.8345984174, 808763.8345984174, 808763.8345984174, 808763.8345984174, 808763.8345984174, 808763.8345984174, 808763.8345984174, 808763.8345984174, 808763.8345984174, 808763.8345984174, 808763.8345984174, 808763.8345984174, 808763.8345984174, 808763.8345984174, 808763.8345984174, 808763.8345984174, 808763.8345984174, 808763.8345984174, 808763.8345984174, 808763.8345984174, 808763.8345984174, 808763.8345984174, 808763.8345984174, 808763.8345984174, 808763.8345984174, 808763.8345984174, 808763.8345984174, 808763.8345984174, 808763.8345984174, 808763.8345984174, 808763.8345984174, 808763.8345984174, 808763.8345984174, 808763.8345984174, 808763.8345984174, 808763.8345984174, 808763.8345984174, 808763.8345984174, 808763.8345984174, 810324.0, 810324.0, 810324.0, 810324.0, 810324.0, 810324.0, 810324.0, 810324.0, 810324.0, 810324.0, 810324.0, 810324.0, 810324.0, 810324.0, 810324.0, 810324.0, 810324.0, 810324.0, 810324.0, 810324.0, 810324.0, 810324.0, 810324.0, 810324.0, 810324.0, 810324.0, 810324.0, 810324.0, 810324.0, 810324.0, 810324.0, 810324.0, 810324.0, 810324.0, 810324.0, 810324.0, 810324.0, 810324.0, 810324.0, 810324.0, 810324.0, 810324.0, 810324.0, 810324.0, 810324.0, 810324.0, 810324.0, 810324.0, 810324.0, 810324.0, 810324.0, 810324.0, 810324.0, 810324.0, 810324.0, 810324.0, 810324.0, 810324.0, 810324.0, 810324.0, 810324.0, 810324.0, 810324.0, 810324.0, 810324.0, 810324.0, 810324.0, 810324.0, 810324.0, 810324.0, 810324.0, 810324.0, 810324.0, 810324.0, 810324.0, 810324.0, 810324.0, 810324.0, 810324.0, 810324.0, 810324.0, 810324.0, 810324.0, 810324.0, 810324.0, 810324.0, 810324.0, 810324.0, 810324.0, 810324.0, 810324.0, 810324.0, 810324.0, 810324.0, 810324.0, 810324.0, 810324.0, 810324.0, 810324.0, 810324.0, 810324.0, 810324.0, 810324.0, 810324.0, 810324.0, 810324.0, 810324.0, 810324.0, 810324.0, 810324.0, 810324.0, 810324.0, 810324.0, 810324.0, 810324.0, 810324.0, 810324.0, 810324.0, 810324.0, 810324.0, 810324.0, 810324.0, 810324.0, 810324.0, 810324.0, 810324.0, 810324.0, 810324.0, 810324.0, 810324.0, 810324.0, 810324.0, 810324.0, 810324.0, 810324.0, 810324.0, 810324.0, 810324.0, 810324.0, 810324.0, 810324.0, 810324.0, 810324.0, 810324.0, 810324.0, 810324.0, 810324.0, 810324.0, 810324.0, 810324.0, 810324.0, 810324.0, 810324.0, 810324.0, 810324.0, 810324.0, 810324.0, 810324.0, 810324.0, 810324.0, 810324.0, 810324.0, 810324.0, 810324.0, 810324.0, 810324.0, 810324.0, 810324.0, 810324.0, 810324.0, 810324.0, 810324.0, 810324.0, 810324.0, 810324.0, 810324.0, 810324.0, 810324.0, 810324.0, 810324.0, 810324.0, 810324.0, 810324.0, 810324.0, 810324.0, 810324.0, 810324.0, 810324.0, 810324.0, 810324.0, 810324.0, 810324.0, 810324.0, 810324.0, 810324.0, 810324.0, 810324.0, 810324.0, 810324.0, 810324.0, 810324.0, 810324.0, 810324.0, 810324.0, 810324.0, 810324.0, 810324.0, 810324.0, 810324.0, 810324.0, 810324.0, 810324.0, 810324.0, 810324.0, 810324.0, 810324.0, 810324.0, 810324.0, 810324.0, 810324.0, 810324.0, 810324.0, 810324.0, 810324.0, 810324.0, 810324.0, 810324.0, 810324.0, 810324.0, 810324.0, 810324.0, 810324.0, 810324.0, 810324.0, 810324.0, 810324.0, 810324.0, 810324.0, 810324.0, 810324.0, 810324.0, 810324.0, 810324.0, 810324.0, 810324.0, 810324.0, 810324.0, 810324.0, 810324.0, 810324.0, 810324.0, 810324.0, 810324.0, 810324.0, 810324.0, 810324.0, 810324.0, 810324.0, 810324.0, 810324.0, 810324.0, 810324.0, 810324.0, 810324.0, 810324.0, 810324.0, 810324.0, 810324.0, 810324.0, 810324.0, 810324.0, 810324.0, 810324.0, 810324.0, 810324.0, 810324.0, 810324.0, 810324.0, 810324.0, 810324.0, 810324.0, 810324.0, 810324.0, 810324.0, 810324.0, 810324.0, 810324.0, 810324.0, 810324.0, 810324.0, 810324.0, 810324.0, 810324.0, 810324.0, 810324.0, 810324.0, 810324.0, 810324.0, 810324.0, 810324.0, 810324.0, 810324.0, 810324.0, 810324.0, 810324.0, 810324.0, 810324.0, 810324.0, 810324.0, 810324.0, 810324.0, 810324.0, 810324.0, 810324.0, 810324.0, 810324.0, 810324.0, 810324.0, 810324.0, 810324.0, 810324.0, 810324.0, 810324.0, 810324.0, 810324.0, 810324.0, 810324.0, 810324.0, 810324.0, 810324.0, 810324.0, 810324.0, 810324.0, 810324.0, 810324.0, 810324.0, 810324.0, 810324.0, 810324.0, 810324.0, 810324.0, 810324.0, 810324.0, 810324.0, 810324.0, 810324.0, 810324.0, 810324.0, 810324.0, 810324.0, 810324.0, 810324.0, 810324.0, 810324.0, 810324.0, 810324.0, 810324.0, 810324.0, 810324.0, 810324.0, 810324.0, 810324.0, 810324.0, 810324.0, 810324.0, 810324.0, 810324.0, 810324.0, 810324.0, 810324.0, 810324.0, 810324.0, 810324.0, 810324.0, 810324.0, 810324.0, 810324.0, 810324.0, 810324.0, 810324.0, 810324.0, 810324.0, 810324.0, 810324.0, 810324.0, 810324.0, 810324.0, 810324.0, 810324.0, 810324.0, 810324.0, 810324.0, 810324.0, 810324.0, 810324.0, 810324.0, 810324.0, 810324.0, 810324.0, 810324.0, 810324.0, 810324.0, 810324.0, 810324.0, 810324.0, 810324.0, 810324.0, 810324.0, 810324.0, 810324.0, 810324.0, 810324.0, 810324.0, 810324.0, 810324.0, 791407.4966316707, 791407.4966316707, 791407.4966316707, 791407.4966316707, 791407.4966316707, 791407.4966316707, 791407.4966316707, 791407.4966316707, 791407.4966316707, 791407.4966316707, 791407.4966316707, 791407.4966316707, 791407.4966316707, 791407.4966316707, 791407.4966316707, 791407.4966316707, 791407.4966316707, 791407.4966316707, 791407.4966316707, 791407.4966316707, 791407.4966316707, 791407.4966316707, 791407.4966316707, 791407.4966316707, 791407.4966316707, 804821.989466995, 804821.989466995, 804821.989466995, 797301.713625145, 797301.713625145, 797301.713625145, 798870.6341534682, 807627.3577297966, 807627.3577297966, 810324.0, 810324.0, 810324.0, 810324.0, 810324.0, 810324.0, 810324.0, 810324.0, 810324.0, 810324.0, 810324.0, 810324.0, 810324.0, 810324.0, 810324.0, 810324.0, 810324.0, 810324.0, 810324.0, 810324.0, 810324.0, 810324.0, 810324.0, 810324.0, 810324.0, 810324.0, 810324.0, 810324.0, 810324.0, 810324.0, 810324.0, 810324.0, 810324.0, 810324.0, 810324.0, 810324.0, 810324.0, 810324.0, 810324.0, 810324.0, 810324.0, 810324.0, 810324.0, 810324.0, 810324.0, 810324.0, 810324.0, 810324.0, 810324.0, 810324.0, 810324.0, 810324.0, 810324.0, 810324.0, 810324.0, 810324.0, 810324.0, 810324.0, 810324.0, 810324.0, 810324.0, 810324.0, 810324.0, 810324.0, 810324.0, 810324.0, 810324.0, 810324.0, 810324.0, 810324.0, 810324.0, 810324.0, 810324.0, 810324.0, 810324.0, 810324.0, 810324.0, 810324.0, 810324.0, 810324.0, 810324.0, 810324.0, 810324.0, 810324.0, 810324.0, 810324.0, 810324.0, 810324.0, 810324.0, 810324.0, 810324.0, 810324.0, 810324.0, 810324.0, 810324.0, 810324.0, 810324.0, 810324.0, 810324.0, 810324.0, 810324.0, 810324.0, 810324.0, 810324.0, 810324.0, 810324.0, 810324.0, 810324.0, 810324.0, 810324.0, 810324.0, 810324.0, 810324.0, 810324.0, 810324.0, 810324.0, 810324.0, 810324.0, 810324.0, 810324.0, 810324.0, 810324.0, 810324.0, 810324.0, 810324.0, 810324.0, 810324.0, 810324.0, 810324.0, 810324.0, 810324.0, 810324.0, 810324.0, 810324.0, 810324.0, 810324.0, 810324.0, 810324.0, 810324.0, 810324.0, 810324.0, 810324.0, 810324.0, 810324.0, 810324.0, 810324.0, 810324.0, 810324.0, 810324.0, 810324.0, 810324.0, 810324.0, 810324.0, 810324.0, 810324.0, 810324.0, 810324.0, 810324.0, 810324.0, 810324.0, 810324.0, 810324.0, 810324.0, 810324.0, 810324.0, 810324.0, 810324.0, 810324.0, 810324.0, 810324.0, 810324.0, 810324.0, 810324.0, 810324.0, 810324.0, 810324.0, 810324.0, 810324.0, 810324.0, 810324.0, 810324.0, 810324.0, 810324.0, 810324.0, 810324.0, 810324.0, 810324.0, 810324.0, 810324.0, 810324.0, 810324.0, 810324.0, 810324.0, 810324.0, 810324.0, 810324.0, 810324.0, 810324.0, 810324.0, 810324.0, 810324.0, 810324.0, 810324.0, 810324.0, 810324.0, 810324.0, 810324.0, 810324.0, 810324.0, 810324.0, 810324.0, 810324.0, 810324.0, 810324.0, 810324.0, 810324.0, 810324.0, 810324.0, 810324.0, 810324.0, 810324.0, 810324.0, 810324.0, 810324.0, 810324.0, 810324.0, 810324.0, 810324.0, 810324.0, 810324.0, 810324.0, 810324.0, 810324.0, 810324.0, 810324.0, 810324.0, 810324.0, 810324.0, 810324.0, 810324.0, 810324.0, 810324.0, 810324.0, 810324.0, 810324.0, 810324.0, 810324.0, 810324.0, 810324.0, 810324.0, 810324.0, 810324.0, 810324.0, 810324.0, 810324.0, 810324.0, 810324.0, 810324.0, 810324.0, 810324.0, 810324.0, 810324.0, 810324.0, 810324.0, 810324.0, 810324.0, 810324.0, 810324.0, 810324.0, 810324.0, 810324.0, 810324.0, 810324.0, 810324.0, 810324.0, 810324.0, 810324.0, 810324.0, 810324.0, 810324.0, 810324.0, 810324.0, 810324.0, 810324.0, 810324.0, 810324.0, 810324.0, 810324.0, 810324.0, 810324.0, 810324.0, 810324.0, 810324.0, 810324.0, 810324.0, 810324.0, 810324.0, 810324.0, 810324.0, 810324.0, 810324.0, 810324.0, 810324.0, 810324.0, 810324.0, 810324.0, 810324.0, 810324.0, 810324.0, 810324.0, 810324.0, 810324.0, 810324.0, 810324.0, 810324.0, 810324.0, 810324.0, 810324.0, 810324.0, 810324.0, 810324.0, 810324.0, 810324.0, 810324.0, 810324.0, 810324.0, 810324.0, 810324.0, 810324.0, 807549.9819401025, 807549.9819401025, 807549.9819401025, 807549.9819401025, 807549.9819401025, 807549.9819401025, 807549.9819401025, 807549.9819401025, 807549.9819401025, 807549.9819401025, 807549.9819401025, 807549.9819401025, 807549.9819401025, 807549.9819401025, 807549.9819401025, 807549.9819401025, 807549.9819401025, 807549.9819401025, 807549.9819401025, 807549.9819401025, 807549.9819401025, 807549.9819401025, 807549.9819401025, 807549.9819401025, 807549.9819401025, 807549.9819401025, 807549.9819401025, 807549.9819401025, 807549.9819401025, 807549.9819401025, 807549.9819401025, 807549.9819401025, 807549.9819401025, 807549.9819401025, 807549.9819401025, 807549.9819401025, 807549.9819401025, 807549.9819401025, 807549.9819401025, 807549.9819401025, 807549.9819401025, 807549.9819401025, 809559.2068273352, 809559.2068273352, 809559.2068273352, 809559.2068273352, 808124.2561683222, 808124.2561683222, 808124.2561683222, 808124.2561683222, 808124.2561683222, 808124.2561683222, 808124.2561683222, 808124.2561683222, 808124.2561683222, 808124.2561683222, 808124.2561683222, 808124.2561683222, 808124.2561683222, 808124.2561683222, 808124.2561683222, 808124.2561683222, 808124.2561683222, 808124.2561683222, 808124.2561683222, 808124.2561683222, 808124.2561683222, 808124.2561683222, 808124.2561683222, 808124.2561683222, 808124.2561683222, 808124.2561683222, 808124.2561683222, 808124.2561683222, 808124.2561683222, 808124.2561683222, 808124.2561683222, 808124.2561683222, 808124.2561683222, 808124.2561683222, 808124.2561683222, 808124.2561683222, 808124.2561683222, 808124.2561683222, 808124.2561683222, 808953.988985789, 808953.988985789, 808953.988985789, 808953.988985789, 810229.2287114271, 810229.2287114271, 810229.2287114271, 810229.2287114271, 810229.2287114271, 810229.2287114271, 810229.2287114271, 810229.2287114271, 810229.2287114271, 810229.2287114271, 810229.2287114271, 810229.2287114271, 810229.2287114271, 810229.2287114271, 810229.2287114271, 810229.2287114271, 810229.2287114271, 810229.2287114271, 810229.2287114271, 810229.2287114271, 810229.2287114271, 810229.2287114271, 810229.2287114271, 810229.2287114271, 810229.2287114271, 810229.2287114271, 810229.2287114271, 810229.2287114271, 810229.2287114271, 810229.2287114271, 810229.2287114271, 810229.2287114271, 810229.2287114271, 810229.2287114271, 810229.2287114271, 810229.2287114271, 810229.2287114271, 810229.2287114271, 810229.2287114271, 810229.2287114271, 810229.2287114271, 810229.2287114271, 810267.644455523, 810267.644455523, 810267.644455523, 810267.644455523, 810324.0, 810324.0, 810324.0, 810324.0, 810324.0, 810324.0, 810324.0, 810324.0, 810324.0, 810324.0, 810324.0, 810324.0, 810324.0, 810324.0, 810324.0, 810324.0, 810324.0, 810324.0, 810324.0, 810324.0, 810324.0, 810324.0, 810324.0, 810324.0, 810324.0, 810324.0, 810324.0, 810324.0, 810324.0, 810324.0, 810324.0, 810324.0, 810324.0, 810324.0, 810324.0, 810324.0, 810324.0, 810324.0, 810324.0, 810324.0, 810324.0, 810324.0, 810324.0, 810324.0, 810324.0, 810324.0, 810324.0, 810324.0, 810324.0, 810324.0, 810324.0, 810324.0, 810324.0, 810324.0, 810324.0, 810324.0, 810324.0, 810324.0, 810324.0, 810324.0, 810324.0, 810324.0, 810324.0, 810324.0, 810324.0, 810324.0, 810324.0, 810324.0, 810324.0, 810324.0, 810324.0, 810324.0, 810324.0, 810324.0, 810324.0, 810324.0, 810324.0, 810324.0, 810324.0, 810324.0, 810324.0, 810324.0, 810324.0, 810324.0, 810324.0, 810324.0, 810324.0, 810324.0, 810324.0, 810324.0, 810324.0, 810324.0, 810324.0, 810324.0, 810324.0, 810324.0, 810324.0, 810324.0, 810324.0, 810324.0, 810324.0, 810324.0, 810324.0, 810324.0, 810324.0, 810324.0, 810324.0, 810324.0, 810324.0, 810324.0, 810324.0, 810324.0, 810324.0, 810324.0, 810324.0, 810324.0, 810324.0, 810324.0, 810324.0, 810324.0, 810324.0, 810324.0, 810324.0, 810324.0, 810324.0, 810324.0, 810324.0, 810324.0, 810324.0, 810324.0, 810324.0, 810324.0, 810324.0, 810324.0, 810324.0, 810324.0, 810324.0, 810324.0, 810324.0, 810324.0, 810324.0, 810324.0, 810324.0, 810324.0, 810324.0, 810324.0, 810324.0, 810324.0, 810324.0, 810324.0, 810324.0, 810324.0, 810324.0, 810324.0, 810324.0, 810324.0, 810324.0, 810324.0, 810324.0, 810324.0, 810324.0, 810324.0, 810324.0, 810324.0, 810324.0, 810324.0, 810324.0, 810324.0, 810324.0, 810324.0, 810324.0, 810324.0, 810324.0, 810324.0, 810324.0, 810324.0, 810324.0, 810324.0, 810324.0, 810324.0, 810324.0, 810324.0, 810324.0, 810324.0, 810324.0, 810324.0, 810324.0, 810324.0, 810324.0, 810324.0, 810324.0, 810324.0, 810324.0, 810324.0, 810324.0, 810324.0, 810324.0, 810324.0, 810324.0, 810324.0, 810324.0, 810324.0, 810324.0, 810324.0, 810324.0, 810324.0, 810324.0, 810324.0, 810324.0, 810324.0, 810324.0, 810324.0, 810324.0, 810324.0, 810324.0, 810324.0, 810324.0, 810324.0, 810324.0, 810324.0, 810324.0, 810324.0, 810324.0, 810324.0, 810324.0, 810324.0, 810324.0, 810324.0, 810324.0, 810324.0, 810324.0, 810324.0, 810324.0, 810324.0, 810324.0, 810324.0, 810324.0, 810324.0, 810324.0, 810324.0, 810324.0, 810324.0, 810324.0, 810324.0, 810324.0, 810324.0, 810324.0, 810324.0, 810324.0, 810324.0, 810324.0, 810324.0, 810324.0, 810324.0, 810324.0, 810324.0, 810324.0, 810324.0, 810324.0, 810324.0, 810324.0, 810324.0, 810324.0, 810324.0, 810324.0, 810324.0, 810324.0, 810324.0, 810324.0, 810324.0, 810324.0, 810324.0, 810324.0, 810324.0, 810324.0, 810324.0, 810324.0, 810324.0, 810324.0, 810324.0, 810324.0, 810324.0, 810324.0, 810324.0, 810324.0, 810324.0, 810324.0, 810324.0, 810324.0, 810324.0, 810324.0, 810324.0, 810324.0, 810324.0, 810324.0, 810324.0, 810324.0, 810324.0, 810324.0, 810324.0, 810324.0, 810324.0, 810324.0, 810324.0, 810324.0, 810324.0, 810324.0, 810324.0, 810324.0, 810324.0, 810324.0, 810324.0, 810324.0, 810324.0, 810324.0, 810324.0, 810324.0, 810324.0, 810324.0, 810324.0, 810324.0, 810324.0, 810324.0, 810324.0, 810324.0, 810324.0, 810324.0, 810324.0, 810324.0, 810324.0, 810324.0, 810324.0, 810324.0, 810324.0, 810324.0, 810324.0, 810324.0, 810324.0, 810324.0, 810324.0, 810324.0, 810324.0, 810324.0, 810324.0, 810324.0, 810324.0, 810324.0, 810324.0, 810324.0, 810324.0, 810324.0, 810324.0, 810324.0, 810324.0, 810324.0, 810324.0, 810324.0, 810324.0, 810324.0, 810324.0, 810324.0, 810324.0, 810324.0, 810324.0, 810324.0, 810324.0, 810324.0, 810324.0, 810324.0, 810324.0, 810324.0, 810324.0, 810324.0, 810324.0, 810324.0, 810324.0, 810324.0, 810324.0, 810324.0, 810324.0, 810324.0, 810324.0, 810324.0, 810324.0, 810324.0, 810324.0, 810324.0, 810324.0, 810324.0, 810324.0, 810324.0, 810324.0, 810324.0, 810324.0, 810324.0, 810324.0, 810324.0, 810324.0, 810324.0, 810324.0, 810324.0, 810324.0, 810324.0, 810324.0, 810324.0, 810324.0, 810324.0, 810324.0, 810324.0, 810324.0, 810303.9465556373, 810303.9465556373, 810303.9465556373, 810303.9465556373, 810303.9465556373, 810303.9465556373, 810303.9465556373, 810303.9465556373, 810303.9465556373, 810303.9465556373, 810303.9465556373, 810303.9465556373, 810303.9465556373, 810303.9465556373, 810303.9465556373, 810303.9465556373, 810303.9465556373, 810303.9465556373, 810303.9465556373, 810303.9465556373, 810303.9465556373, 810303.9465556373, 810303.9465556373, 810303.9465556373, 810303.9465556373, 810303.9465556373, 810303.9465556373, 810303.9465556373, 810303.9465556373, 810303.9465556373, 810303.9465556373, 810303.9465556373, 810303.9465556373, 810303.9465556373, 810303.9465556373, 810303.9465556373, 810303.9465556373, 810303.9465556373, 810303.9465556373, 810324.0, 810324.0, 810324.0, 810324.0, 810324.0, 810324.0, 810324.0, 810324.0, 810324.0, 810324.0, 810324.0, 810324.0, 810324.0, 810324.0, 810324.0, 810324.0, 810324.0, 810324.0, 810324.0, 810324.0, 810324.0, 810324.0, 810324.0, 810324.0, 810324.0, 810324.0, 810324.0, 810324.0, 810324.0, 810324.0, 810324.0, 810324.0, 810324.0, 810324.0, 810324.0, 810324.0, 810324.0, 810324.0, 810324.0, 810324.0, 810324.0, 810324.0, 810324.0, 810324.0, 810324.0, 810324.0, 810324.0, 810324.0, 810324.0, 810324.0, 810324.0, 810324.0, 810324.0, 810324.0, 810324.0, 810324.0, 810324.0, 810324.0, 810324.0, 810324.0, 810324.0, 810324.0, 810324.0, 810324.0, 810324.0, 810324.0, 810324.0, 810324.0, 810324.0, 810324.0, 810324.0, 810324.0, 810324.0, 810324.0, 810324.0, 810324.0, 810324.0, 810324.0, 810324.0, 810324.0, 810324.0, 810324.0, 810324.0, 810324.0, 810324.0, 810324.0, 810324.0, 810324.0, 810324.0, 810324.0, 810324.0, 810324.0, 810324.0, 810324.0, 810324.0, 810324.0, 810324.0, 810324.0, 810324.0, 810324.0, 810324.0, 810324.0, 810324.0, 810324.0, 810324.0, 810324.0, 810324.0, 810324.0, 810324.0, 810324.0, 810324.0, 810324.0, 810324.0, 810324.0, 810324.0, 810324.0, 810324.0, 810324.0, 810324.0, 810324.0, 810324.0, 810324.0, 810324.0, 810324.0, 810324.0, 810324.0, 810324.0, 810324.0, 810324.0, 810324.0, 810324.0, 810324.0, 810324.0, 810324.0, 810324.0, 810324.0, 810324.0, 810324.0, 810324.0, 810324.0, 810324.0, 810324.0, 810324.0, 810324.0, 810324.0, 810324.0, 810324.0, 810324.0, 810324.0, 810324.0, 810324.0, 810324.0, 810324.0, 810324.0, 810324.0, 810324.0, 810324.0, 810324.0, 810324.0, 810324.0, 810324.0, 810324.0, 810324.0, 810324.0, 810324.0, 810324.0, 810324.0, 810324.0, 810324.0, 810324.0, 810324.0, 810324.0, 810324.0, 810324.0, 810324.0, 810324.0, 810324.0, 810324.0, 810324.0, 810324.0, 810324.0, 810324.0, 810324.0, 810324.0, 810324.0, 810324.0, 810324.0, 810324.0, 810324.0, 810324.0, 810324.0, 810324.0, 810324.0, 810324.0, 810324.0, 810324.0, 810324.0, 810324.0, 810324.0, 810324.0, 810324.0, 810324.0, 810324.0, 810324.0, 810324.0, 810324.0, 810324.0, 810324.0, 810324.0, 810324.0, 810324.0, 810324.0, 810324.0, 810324.0, 810324.0, 810324.0, 810324.0, 810324.0, 810324.0, 810324.0, 810324.0, 810324.0, 810324.0, 810324.0, 810324.0, 810324.0, 810324.0, 810324.0, 810324.0, 810324.0, 810324.0, 810324.0, 810324.0, 810324.0, 810324.0, 810324.0, 810324.0, 810324.0, 810324.0, 810324.0, 810324.0, 810324.0, 810324.0, 810324.0, 810324.0, 810324.0, 810324.0, 810324.0, 810324.0, 810324.0, 810324.0, 810324.0, 810324.0, 810324.0, 810324.0, 810324.0, 810324.0, 810324.0, 810324.0, 810324.0, 810324.0, 810324.0, 810324.0, 810324.0, 810324.0, 810324.0, 810324.0, 810324.0, 810324.0, 810324.0, 810324.0, 810324.0, 810324.0, 810324.0, 810324.0, 810324.0, 810324.0, 810324.0, 810324.0, 810324.0, 810324.0, 810324.0, 810324.0, 810324.0, 810324.0, 810324.0, 810324.0, 810324.0, 810324.0, 810324.0, 810324.0, 810324.0, 810324.0, 810324.0, 810324.0, 810324.0, 810324.0, 810324.0, 810324.0, 810324.0, 810324.0, 810324.0, 810324.0, 810324.0, 810324.0, 810324.0, 810324.0, 810324.0, 810324.0, 810324.0, 810324.0, 810324.0, 810324.0, 810324.0, 810324.0, 810324.0, 810324.0, 810324.0, 810324.0, 810324.0, 810324.0, 810324.0, 810324.0, 810324.0, 810324.0, 810324.0, 810324.0, 810324.0, 810324.0, 810324.0, 810324.0, 810324.0, 810324.0, 810324.0, 810324.0, 810324.0, 810324.0, 810324.0, 810324.0, 810324.0, 810324.0, 810324.0, 810324.0, 810324.0, 810324.0, 810324.0, 810324.0, 810324.0, 810324.0, 810324.0, 810324.0, 810324.0, 810324.0, 810324.0, 810324.0, 810324.0, 810324.0, 810324.0, 810324.0, 810324.0, 810324.0, 810324.0, 810324.0, 810324.0, 810324.0, 810324.0, 810324.0, 810324.0, 810324.0, 810324.0, 810324.0, 810324.0, 810324.0, 810324.0, 810324.0, 810324.0, 810324.0, 810324.0, 810324.0, 810324.0, 810324.0, 810324.0, 810324.0, 810324.0, 810324.0, 810324.0, 810324.0, 810324.0, 810324.0, 810324.0, 810324.0, 810324.0, 810324.0, 810324.0, 810324.0, 810324.0, 810324.0, 810324.0, 810324.0, 810324.0, 810324.0, 810324.0, 810324.0, 810324.0, 810324.0, 810324.0, 810324.0, 810324.0, 810324.0, 810324.0, 810324.0, 810324.0, 810324.0, 810324.0, 810324.0, 810324.0, 810324.0, 810324.0, 810324.0, 810324.0, 810324.0, 810324.0, 810324.0, 810324.0, 810324.0, 810324.0, 810324.0, 810324.0, 810324.0, 810324.0, 810324.0, 810324.0, 810324.0, 810324.0, 810324.0, 810324.0, 810324.0, 810324.0, 810324.0, 810324.0, 810324.0, 810324.0, 810324.0, 810324.0, 810324.0, 810324.0, 810324.0, 810324.0, 810324.0, 810324.0, 810324.0, 810324.0, 810324.0, 810324.0, 810324.0, 810324.0, 810324.0, 810324.0, 810324.0, 810324.0, 810324.0, 810324.0, 810324.0, 810324.0, 810324.0, 810324.0, 810324.0, 810324.0, 810324.0, 810324.0, 810324.0, 810324.0, 810324.0, 810324.0, 810324.0, 810324.0, 810324.0, 810324.0, 810324.0, 810324.0, 810324.0, 810324.0, 810324.0, 810324.0, 810324.0, 810324.0, 810324.0, 810324.0, 810324.0, 810324.0, 810324.0, 810324.0, 810324.0, 810324.0, 810324.0, 810324.0, 810324.0, 810324.0, 810324.0, 810324.0, 810324.0, 810324.0, 810324.0, 810324.0, 810324.0, 810324.0, 810324.0, 810324.0, 810324.0, 810324.0, 810324.0, 810324.0, 810324.0, 810324.0, 810324.0, 810324.0, 810324.0, 810324.0, 810324.0, 810324.0, 810324.0, 810324.0, 810324.0, 810324.0, 810324.0, 810324.0, 810324.0, 810324.0, 810324.0, 810324.0, 810324.0, 810324.0, 810324.0, 810324.0, 810324.0, 810324.0, 810324.0, 810324.0, 810324.0, 810324.0, 810324.0, 810324.0, 810324.0, 810324.0, 810324.0, 810324.0, 810324.0, 810324.0, 810324.0, 810324.0, 810324.0, 810324.0, 810324.0, 810324.0, 810324.0, 810324.0, 810324.0, 810324.0, 810324.0, 810324.0, 810324.0, 810324.0, 810324.0, 810324.0, 810324.0, 810324.0, 810324.0, 810324.0, 810324.0, 810324.0, 810324.0, 810324.0, 810324.0, 810324.0, 810324.0, 810324.0, 810324.0, 810324.0, 810324.0, 810324.0, 810324.0, 810324.0, 810324.0, 810324.0, 810324.0, 810324.0, 810324.0, 810324.0, 810324.0, 810324.0, 810324.0, 810324.0, 810324.0, 810324.0, 810324.0, 810324.0, 810324.0, 810324.0, 810324.0, 810324.0, 810324.0, 810324.0, 810324.0, 810324.0, 810324.0, 810324.0, 810324.0, 810324.0, 810324.0, 810324.0, 810324.0, 810324.0, 810324.0, 810324.0, 810324.0, 810324.0, 810324.0, 810324.0, 810324.0, 810324.0, 810324.0, 810324.0, 810324.0, 810324.0, 810324.0, 810324.0, 810324.0, 810324.0, 810324.0, 810324.0, 810324.0, 810324.0, 810324.0, 810324.0, 810324.0, 810324.0, 810324.0, 810324.0, 810324.0, 810324.0, 810324.0, 810324.0, 810324.0, 810324.0, 810324.0, 810324.0, 810324.0, 810324.0, 810324.0, 810324.0, 810324.0, 810324.0, 810324.0, 810324.0, 810324.0, 810324.0, 810324.0, 810324.0, 810324.0, 810324.0, 810324.0, 810324.0, 810324.0, 810324.0, 810324.0, 810324.0, 810324.0, 810324.0, 810324.0, 810324.0, 810324.0, 810324.0, 810324.0, 810324.0, 810324.0, 810324.0, 810324.0, 810324.0, 810324.0, 810324.0, 810324.0, 810324.0, 810324.0, 810324.0, 810324.0, 810324.0, 810324.0, 810324.0, 810324.0, 810324.0, 810324.0, 810324.0, 810324.0, 810324.0, 810324.0, 810324.0, 810324.0, 810324.0, 810324.0, 810324.0, 810324.0, 810324.0, 810324.0, 810324.0, 810324.0, 810324.0, 810324.0, 810324.0, 810324.0, 810324.0, 810324.0, 810324.0, 810324.0, 810324.0, 810324.0, 810324.0, 810324.0, 810324.0, 810324.0, 810324.0, 810324.0, 810324.0, 810324.0, 810324.0, 810324.0, 810324.0, 810324.0, 810324.0, 810324.0, 810324.0, 810324.0, 810324.0, 810324.0, 810324.0, 810324.0, 810324.0, 810324.0, 810324.0, 810324.0, 810324.0, 810324.0, 810324.0, 810324.0, 810324.0, 810324.0, 810324.0, 810324.0, 810324.0, 810324.0, 810324.0, 810324.0, 810324.0, 810324.0, 810324.0, 810324.0, 810324.0, 810324.0, 810324.0, 810324.0, 810324.0, 810324.0, 810324.0, 810324.0, 810324.0, 810324.0, 810324.0, 810324.0, 810324.0, 810324.0, 810324.0, 810324.0, 810324.0, 810324.0, 810324.0, 810324.0, 810324.0, 810324.0, 810324.0, 810324.0, 810324.0, 810324.0, 810324.0, 810324.0, 810324.0, 810324.0, 810324.0, 810324.0, 810324.0, 810324.0, 810324.0, 810324.0, 810324.0, 810324.0, 810324.0, 810324.0, 810324.0, 810324.0, 810324.0, 810324.0, 810324.0, 810324.0, 810324.0, 810324.0, 810324.0, 810324.0, 810324.0, 810324.0, 810324.0, 810324.0, 810324.0, 810324.0, 810324.0, 810324.0, 810324.0, 810324.0, 810324.0, 810324.0, 810324.0, 810324.0, 810324.0, 810324.0, 810324.0, 810324.0, 810324.0, 810324.0, 810324.0, 810324.0, 810324.0, 810324.0, 810324.0, 810324.0, 810324.0, 810324.0, 810324.0, 810324.0, 810324.0, 810324.0, 810324.0, 810324.0, 810324.0, 810324.0, 810324.0, 810324.0, 810324.0, 810324.0, 810324.0, 810324.0, 810324.0, 810324.0, 810324.0, 810324.0, 810324.0, 810324.0, 810324.0, 810324.0, 810324.0, 810324.0, 810324.0, 810324.0, 810324.0, 810324.0, 810324.0, 810324.0, 810324.0, 810324.0, 810324.0, 810324.0, 810324.0, 810324.0, 810324.0, 810324.0, 810324.0, 810324.0, 810324.0, 810324.0, 810324.0, 810324.0, 810324.0, 810324.0, 810324.0, 810324.0, 810324.0, 810324.0, 810324.0, 810324.0, 810324.0, 810324.0, 810324.0, 810324.0, 810324.0, 810324.0, 810324.0, 810324.0, 810324.0, 810324.0, 810324.0, 810324.0, 810324.0, 810324.0, 810324.0, 810324.0, 810324.0, 810324.0, 810324.0, 810324.0, 810324.0, 810324.0, 810324.0, 810324.0, 810324.0, 810324.0, 810324.0, 810324.0, 810324.0, 810324.0, 810324.0, 810324.0, 810324.0, 810324.0, 810324.0, 810324.0, 810324.0, 810324.0, 810324.0, 810324.0, 810324.0, 810324.0, 810324.0, 810324.0, 810324.0, 810324.0, 810324.0, 810324.0, 810324.0, 810324.0, 810324.0, 810324.0, 810324.0, 810324.0, 810324.0, 810324.0, 810324.0, 810324.0, 810324.0, 810324.0, 810324.0, 810324.0, 810324.0, 810324.0, 810324.0, 810324.0, 810324.0, 810324.0, 810324.0, 810324.0, 810324.0, 810324.0, 810324.0, 810324.0, 810324.0, 810324.0, 810324.0, 810324.0, 810324.0, 810324.0, 810324.0, 810324.0, 810324.0, 810324.0, 810324.0, 810324.0, 810324.0, 810324.0, 810324.0, 810324.0, 810324.0, 810324.0, 810324.0, 810324.0, 810324.0, 810324.0, 810324.0, 810324.0, 810324.0, 810324.0, 810324.0, 810324.0, 810324.0, 810324.0, 810324.0, 810324.0, 810324.0, 810324.0, 810324.0, 810324.0, 810324.0, 810324.0, 810324.0, 810324.0, 810324.0, 810324.0, 810324.0, 810324.0, 810324.0, 810324.0, 810324.0, 810324.0, 810324.0, 810324.0, 810324.0, 810324.0, 810324.0, 810324.0, 810324.0, 810324.0, 810324.0, 810324.0, 810324.0, 810324.0, 810324.0, 810324.0, 810324.0, 810324.0, 810324.0, 810324.0, 810324.0, 810324.0, 810324.0, 810324.0, 810324.0, 810324.0, 810324.0, 810324.0, 810324.0, 810324.0, 810324.0, 810324.0, 810324.0, 810324.0, 810324.0, 810324.0, 810324.0, 810324.0, 810324.0, 810324.0, 810324.0, 810324.0, 810324.0, 810324.0, 810324.0, 810324.0, 810324.0, 810324.0, 810324.0, 810324.0, 810324.0, 810324.0, 810324.0, 810324.0, 810324.0, 810324.0, 810324.0, 810324.0, 810324.0, 810324.0, 810324.0, 810324.0, 810324.0, 810324.0, 810324.0, 810324.0, 810324.0, 810324.0, 810324.0, 810324.0, 810324.0, 810324.0, 810324.0, 810324.0, 810324.0, 810324.0, 810324.0, 810324.0, 810324.0, 810324.0, 810324.0, 810324.0, 810324.0, 810324.0, 810324.0, 810324.0, 810324.0, 810324.0, 810324.0, 810324.0, 810324.0, 810324.0, 810324.0, 810324.0, 810324.0, 810324.0, 810324.0, 810324.0, 810324.0, 810324.0, 810324.0, 810324.0, 810324.0, 810324.0, 810324.0, 810324.0, 810324.0, 810324.0, 810324.0, 810324.0, 810324.0, 810324.0, 810324.0, 810324.0, 810324.0, 810324.0, 810324.0, 810324.0, 810324.0, 810324.0, 810324.0, 810324.0, 810324.0, 810324.0, 810324.0, 810324.0, 810324.0, 810324.0, 810324.0, 810324.0, 810324.0, 810324.0, 810324.0, 810324.0, 810324.0, 810324.0, 810324.0, 810324.0, 810324.0, 810324.0, 810324.0, 810324.0, 810324.0, 810324.0, 810324.0, 810324.0, 810324.0, 810324.0, 810324.0, 810324.0, 810324.0, 810324.0, 810324.0, 810324.0, 810324.0, 810324.0, 810324.0, 810324.0, 810324.0, 810324.0, 810324.0, 810324.0, 810324.0, 810324.0, 810324.0, 810324.0, 810324.0, 810324.0, 810324.0, 810324.0, 810324.0, 810324.0, 810324.0, 810324.0, 810324.0, 810324.0, 810324.0, 810324.0, 810324.0, 810324.0, 810324.0, 810324.0, 810324.0, 810324.0, 810324.0, 810324.0, 810324.0, 810324.0, 810324.0, 810324.0, 810324.0, 810324.0, 810324.0, 810324.0, 810324.0, 810324.0, 810324.0, 810324.0, 810324.0, 810324.0, 810324.0, 810324.0, 810324.0, 810324.0, 810324.0, 810324.0, 810324.0, 810324.0, 810324.0, 810324.0, 810324.0, 810324.0, 810324.0, 810324.0, 810324.0, 810324.0, 810324.0, 810324.0, 810324.0, 810324.0, 810324.0, 810324.0, 810324.0, 810324.0, 810324.0, 810324.0, 810324.0, 810324.0, 808817.4241734312, 808817.4241734312, 808817.4241734312, 808817.4241734312, 808817.4241734312, 808817.4241734312, 808817.4241734312, 808817.4241734312, 808817.4241734312, 808817.4241734312, 808817.4241734312, 808817.4241734312, 808817.4241734312, 808817.4241734312, 808817.4241734312, 808817.4241734312, 808817.4241734312, 808817.4241734312, 808817.4241734312, 808817.4241734312, 808817.4241734312, 808817.4241734312, 808817.4241734312, 808817.4241734312, 808817.4241734312, 808817.4241734312, 808817.4241734312, 808817.4241734312, 808817.4241734312, 808817.4241734312, 808817.4241734312, 808817.4241734312, 808817.4241734312, 808817.4241734312, 808817.4241734312, 808817.4241734312, 808817.4241734312, 808817.4241734312, 808817.4241734312, 808817.4241734312, 808817.4241734312, 808817.4241734312, 810270.5658101535, 810270.5658101535, 810270.5658101535, 810270.5658101535, 810270.5658101535, 810270.5658101535, 810270.5658101535, 810270.5658101535, 810270.5658101535, 810270.5658101535, 810270.5658101535, 810270.5658101535, 810270.5658101535, 810270.5658101535, 810270.5658101535, 810270.5658101535, 810270.5658101535, 810270.5658101535, 810270.5658101535, 810270.5658101535, 810270.5658101535, 810270.5658101535, 810270.5658101535, 810270.5658101535, 810270.5658101535, 810270.5658101535, 810270.5658101535, 810270.5658101535, 810270.5658101535, 810270.5658101535, 810270.5658101535, 810270.5658101535, 810270.5658101535, 810270.5658101535, 810270.5658101535, 810270.5658101535, 810270.5658101535, 810270.5658101535, 810270.5658101535, 810244.4012289499, 810244.4012289499, 810244.4012289499, 810324.0, 810324.0, 810324.0, 810324.0, 810324.0, 810324.0, 810324.0, 810324.0, 810324.0, 810324.0, 810324.0, 810324.0, 810324.0, 810324.0, 810324.0, 810324.0, 810324.0, 810324.0, 810324.0, 810324.0, 810324.0, 810324.0, 810324.0, 810324.0, 810324.0, 810324.0, 810324.0, 810324.0, 810324.0, 810324.0, 810324.0, 810324.0, 810324.0, 810324.0, 810324.0, 810324.0, 810324.0, 810324.0, 810324.0, 810324.0, 810324.0, 810324.0, 810324.0, 810324.0, 810324.0, 810324.0, 810324.0, 810324.0, 810324.0, 810324.0, 810324.0, 810324.0, 810324.0, 810324.0, 810324.0, 810324.0, 810324.0, 810324.0, 810324.0, 810324.0, 810324.0, 810324.0, 810324.0, 810324.0, 810324.0, 810324.0, 810324.0, 810324.0, 810324.0, 810324.0, 810324.0, 810324.0, 810324.0, 810324.0, 810324.0, 810324.0, 810324.0, 810324.0, 810324.0, 810324.0, 810324.0, 810324.0, 810324.0, 810324.0, 810324.0, 810324.0, 810324.0, 810324.0, 810324.0, 810324.0, 810324.0, 810324.0, 810324.0, 810324.0, 810324.0, 810324.0, 810324.0, 810324.0, 810324.0, 810324.0, 810324.0, 810324.0, 810324.0, 810324.0, 810324.0, 810324.0, 810324.0, 810324.0, 810324.0, 810324.0, 810324.0, 810324.0, 810324.0, 810324.0, 810324.0, 810324.0, 810324.0, 810324.0, 810324.0, 810324.0, 810324.0, 810324.0, 810324.0, 810324.0, 810324.0, 810324.0, 810324.0, 810324.0, 810324.0, 810324.0, 810324.0, 810324.0, 810324.0, 810324.0, 810324.0, 810324.0, 810324.0, 810324.0, 810324.0, 810324.0, 810324.0, 810324.0, 810324.0, 807101.2823565216, 807101.2823565216, 807101.2823565216, 807101.2823565216, 807101.2823565216, 807101.2823565216, 807101.2823565216, 807101.2823565216, 807101.2823565216, 807101.2823565216, 807101.2823565216, 807101.2823565216, 807101.2823565216, 807101.2823565216, 807101.2823565216, 807101.2823565216, 807101.2823565216, 807101.2823565216, 807101.2823565216, 807101.2823565216, 807101.2823565216, 807101.2823565216, 807101.2823565216, 807101.2823565216, 807101.2823565216, 807101.2823565216, 807101.2823565216, 807101.2823565216, 807101.2823565216, 807101.2823565216, 807101.2823565216, 807101.2823565216, 810324.0, 810324.0, 810324.0, 810324.0, 810324.0, 810324.0, 810324.0, 810324.0, 810324.0, 810324.0, 810324.0, 810324.0, 810324.0, 810324.0, 810324.0, 810324.0, 810324.0, 810324.0, 810324.0, 810324.0, 810324.0, 810324.0, 810324.0, 810324.0, 810324.0, 810324.0, 810324.0, 810324.0, 810324.0, 810324.0, 810324.0, 810324.0, 810324.0, 810324.0, 810324.0, 810324.0, 810324.0, 810324.0, 810324.0, 810324.0, 810324.0, 810324.0, 810324.0, 810324.0, 810324.0, 810324.0, 810324.0, 810324.0, 810324.0, 810324.0, 810324.0, 810324.0, 810324.0, 810324.0, 810324.0, 810324.0, 810324.0, 810324.0, 810324.0, 810324.0, 810324.0, 810324.0, 810324.0, 810324.0, 810324.0, 810324.0, 810324.0, 810324.0, 810324.0, 810324.0, 810324.0, 810324.0, 810324.0, 810324.0, 810324.0, 810324.0, 810324.0, 810324.0, 810324.0, 810324.0, 810324.0, 810324.0, 810324.0, 810324.0, 810324.0, 810324.0, 810324.0, 810324.0, 810324.0, 810324.0, 810324.0, 810324.0, 810324.0, 810324.0, 810324.0, 810324.0, 810324.0, 810324.0, 810324.0, 810324.0, 810324.0, 810324.0, 810324.0, 810324.0, 810324.0, 810324.0, 810324.0, 810324.0, 810324.0, 810324.0, 810324.0, 810324.0, 810324.0, 810324.0, 810324.0, 810324.0, 810324.0, 810324.0, 810324.0, 810324.0, 810324.0, 810324.0, 810324.0, 810324.0, 810324.0, 810324.0, 810324.0, 810324.0, 810324.0, 810324.0, 810324.0, 810324.0, 810324.0, 810324.0, 810324.0, 810324.0, 810324.0, 810324.0, 810324.0, 810324.0, 810324.0, 810324.0, 810324.0, 810324.0, 810324.0, 810324.0, 810324.0, 810324.0, 810324.0, 810324.0, 810324.0, 810324.0, 810324.0, 810324.0, 810324.0, 810324.0, 810324.0, 810324.0, 810324.0, 810324.0, 810324.0, 810324.0, 810324.0, 810324.0, 810324.0, 810324.0, 810324.0, 810324.0, 810324.0, 810324.0, 810324.0, 810324.0, 810324.0, 810324.0, 810324.0, 810324.0, 810324.0, 810324.0, 810324.0, 810324.0, 810324.0, 810324.0, 810324.0, 810324.0, 810324.0, 810324.0, 810324.0, 810324.0, 810324.0, 810324.0, 810324.0, 810324.0, 810324.0, 810324.0, 810324.0, 810324.0, 810324.0, 810324.0, 810324.0, 810324.0, 810324.0, 810324.0, 810324.0, 810324.0, 810324.0, 810324.0, 810324.0, 810324.0, 810324.0, 810324.0, 810324.0, 810324.0, 810324.0, 810324.0, 810324.0, 810324.0, 810324.0, 810324.0, 810324.0, 810324.0, 810324.0, 810324.0, 810324.0, 810324.0, 810324.0, 810324.0, 810324.0, 810324.0, 810324.0, 810324.0, 810324.0, 810324.0, 810324.0, 810324.0, 810324.0, 810324.0, 810324.0, 810324.0, 810324.0, 810324.0, 810324.0, 810324.0, 810324.0, 810324.0, 810324.0, 810324.0, 810324.0, 810324.0, 810324.0, 810324.0, 810324.0, 810324.0, 810324.0, 810324.0, 810324.0, 810324.0, 810324.0, 810324.0, 810324.0, 810324.0, 810324.0, 810324.0, 810324.0, 810324.0, 810324.0, 810324.0, 810324.0, 810324.0, 810324.0, 810324.0, 810324.0, 810324.0, 810324.0, 810324.0, 810324.0, 810324.0, 810324.0, 810324.0, 810324.0, 810324.0, 810324.0, 810324.0, 810324.0, 810324.0, 810324.0, 810324.0, 810324.0, 810324.0, 810324.0, 810324.0, 810324.0, 810324.0, 810324.0, 810324.0, 810324.0, 810324.0, 810324.0, 810324.0, 810324.0, 810324.0, 810324.0, 810324.0, 810324.0, 810324.0, 810324.0, 810324.0, 810324.0, 810324.0, 810324.0, 810324.0, 810324.0, 810324.0, 810324.0, 810324.0, 810324.0, 810324.0, 810324.0, 810324.0, 810324.0, 810324.0, 810324.0, 810324.0, 810324.0, 810324.0, 810324.0, 810324.0, 810324.0, 810324.0, 810324.0, 810324.0, 810324.0, 810324.0, 810324.0, 810324.0, 810324.0, 810324.0, 810324.0, 810324.0, 810324.0, 810324.0, 810324.0, 810324.0, 810324.0, 810324.0, 810324.0, 810324.0, 810324.0, 810324.0, 810324.0, 810324.0, 810324.0, 810324.0, 810324.0, 810324.0, 810324.0, 810324.0, 810324.0, 810324.0, 810324.0, 810324.0, 810324.0, 810324.0, 810324.0, 810324.0, 810324.0, 810324.0, 810324.0, 810324.0, 810324.0, 810324.0, 810324.0, 810324.0, 810324.0, 810324.0, 810324.0, 810324.0, 804186.8697961937, 804186.8697961937, 804186.8697961937, 804186.8697961937, 804186.8697961937, 804186.8697961937, 804186.8697961937, 804186.8697961937, 804186.8697961937, 804186.8697961937, 804186.8697961937, 804186.8697961937, 804186.8697961937, 804186.8697961937, 804186.8697961937, 804186.8697961937, 804186.8697961937, 804186.8697961937, 804186.8697961937, 804186.8697961937, 804186.8697961937, 804186.8697961937, 804186.8697961937, 804186.8697961937, 804186.8697961937, 804186.8697961937, 804186.8697961937, 804186.8697961937, 804186.8697961937, 804186.8697961937, 804186.8697961937, 804186.8697961937, 804186.8697961937, 804186.8697961937, 804186.8697961937, 804186.8697961937, 804186.8697961937, 804186.8697961937, 804186.8697961937, 804186.8697961937, 804186.8697961937, 802394.9636869908, 810324.0, 810324.0, 810324.0, 810324.0, 810324.0, 810324.0, 810324.0, 810324.0, 810324.0, 810324.0, 810324.0, 810324.0, 810324.0, 810324.0, 810324.0, 810324.0, 810324.0, 810324.0, 810324.0, 810324.0, 810324.0, 810324.0, 810324.0, 810324.0, 810324.0, 810324.0, 810324.0, 810324.0, 810324.0, 810324.0, 810324.0, 810324.0, 810324.0, 810324.0, 810324.0, 810324.0, 810324.0, 810324.0, 810324.0, 810324.0, 810324.0, 810324.0, 810324.0, 810324.0, 810324.0, 810324.0, 810324.0, 810324.0, 810324.0, 810324.0, 810324.0, 810324.0, 810324.0, 810324.0, 810324.0, 810324.0, 810324.0, 810324.0, 810324.0, 810324.0, 810324.0, 810324.0, 810324.0, 810324.0, 810324.0, 810324.0, 810324.0, 810324.0, 810324.0, 810324.0, 810324.0, 810324.0, 810324.0, 810324.0, 810324.0, 810324.0, 810324.0, 810324.0, 810324.0, 810324.0, 810324.0, 810324.0, 810324.0, 810324.0, 810324.0, 810324.0, 810324.0, 810324.0, 810324.0, 810324.0, 810324.0, 810324.0, 810324.0, 810324.0, 810324.0, 810324.0, 810324.0, 810324.0, 810324.0, 810324.0, 810324.0, 810324.0, 810324.0, 810324.0, 810324.0, 810324.0, 810324.0, 810324.0, 810324.0, 810324.0, 810324.0, 810324.0, 810324.0, 810324.0, 810324.0, 810324.0, 810324.0, 810324.0, 810324.0, 810324.0, 810324.0, 810324.0, 810324.0, 810324.0, 810324.0, 810324.0, 810324.0, 810324.0, 810324.0, 810324.0, 810324.0, 810324.0, 810324.0, 810324.0, 810324.0, 810324.0, 810324.0, 810324.0, 810324.0, 810324.0, 810324.0, 810324.0, 810324.0, 810324.0, 810324.0, 810324.0, 810324.0, 810324.0, 810324.0, 810324.0, 810324.0, 810324.0, 810324.0, 810324.0, 810324.0, 810324.0, 810324.0, 810324.0, 810324.0, 810324.0, 810324.0, 810324.0, 810324.0, 810324.0, 810324.0, 810324.0, 810324.0, 810324.0, 810324.0, 810324.0, 810324.0, 810324.0, 810324.0, 810324.0, 810324.0, 810324.0, 810324.0, 810324.0, 810324.0, 810324.0, 810324.0, 810324.0, 810324.0, 810324.0, 810324.0, 808403.2246712435, 808403.2246712435, 808403.2246712435, 808403.2246712435, 808403.2246712435, 808403.2246712435, 808403.2246712435, 808403.2246712435, 808403.2246712435, 808403.2246712435, 808403.2246712435, 808403.2246712435, 808403.2246712435, 808403.2246712435, 808403.2246712435, 808403.2246712435, 808403.2246712435, 808403.2246712435, 808403.2246712435, 808403.2246712435, 808403.2246712435, 808403.2246712435, 808403.2246712435, 808403.2246712435, 808403.2246712435, 808403.2246712435, 808403.2246712435, 808403.2246712435, 808403.2246712435, 808403.2246712435, 808403.2246712435, 808403.2246712435, 808403.2246712435, 808403.2246712435, 808403.2246712435, 808403.2246712435, 809208.6980100193, 809208.6980100193, 809208.6980100193, 809208.6980100193, 809208.6980100193, 809208.6980100193, 809208.6980100193, 810324.0, 810324.0, 810324.0, 808539.7033032333, 808539.7033032333, 808539.7033032333, 808539.7033032333, 808539.7033032333, 808539.7033032333, 808539.7033032333, 808539.7033032333, 808539.7033032333, 808539.7033032333, 808539.7033032333, 808539.7033032333, 808539.7033032333, 808539.7033032333, 808539.7033032333, 808539.7033032333, 808539.7033032333, 808539.7033032333, 808539.7033032333, 808539.7033032333, 808539.7033032333, 808539.7033032333, 808539.7033032333, 808539.7033032333, 808539.7033032333, 808539.7033032333, 808539.7033032333, 808539.7033032333, 808539.7033032333, 808539.7033032333, 808539.7033032333, 808539.7033032333, 808539.7033032333, 810324.0, 810324.0, 810324.0, 810324.0, 810324.0, 810324.0, 810324.0, 810324.0, 810324.0, 810324.0, 810324.0, 810324.0, 810324.0, 810324.0, 810324.0, 810324.0, 810324.0, 810324.0, 810324.0, 810324.0, 810324.0, 810324.0, 810324.0, 810324.0, 810324.0, 810324.0, 810324.0, 810324.0, 810324.0, 810324.0, 810324.0, 810324.0, 810324.0, 810324.0, 810324.0, 810324.0, 810324.0, 810324.0, 810324.0, 810324.0, 810324.0, 810324.0, 810324.0, 810324.0, 810324.0, 810324.0, 810324.0, 810324.0, 810324.0, 810324.0, 810324.0, 810324.0, 810324.0, 810324.0, 810324.0, 810324.0, 810324.0, 810324.0, 810324.0, 810324.0, 810324.0, 810324.0, 810324.0, 810324.0, 810324.0, 810324.0, 810324.0, 810324.0, 810324.0, 810324.0, 810324.0, 810324.0, 810324.0, 810324.0, 810324.0, 810324.0, 810324.0, 810324.0, 810324.0, 810324.0, 810324.0, 810324.0, 810324.0, 810324.0, 810324.0, 810324.0, 810324.0, 810324.0, 810324.0, 810324.0, 810324.0, 810324.0, 810324.0, 810324.0, 810324.0, 810324.0, 810324.0, 810324.0, 810324.0, 810324.0, 810324.0, 810324.0, 810324.0, 795363.770148094, 795363.770148094, 795363.770148094, 795363.770148094, 795363.770148094, 795363.770148094, 795363.770148094, 795363.770148094, 795363.770148094, 795363.770148094, 795363.770148094, 795363.770148094, 795363.770148094, 795363.770148094, 795363.770148094, 795363.770148094, 795363.770148094, 795363.770148094, 795363.770148094, 795363.770148094, 795363.770148094, 795363.770148094, 795363.770148094, 795363.770148094, 795363.770148094, 795363.770148094, 795363.770148094, 795363.770148094, 795363.770148094, 795363.770148094, 795363.770148094, 795363.770148094, 795363.770148094, 795363.770148094, 795363.770148094, 795363.770148094, 795363.770148094, 795363.770148094, 806235.2751563657, 806235.2751563657, 807705.4715188469, 807958.8519355103, 807958.8519355103, 807958.8519355103, 808315.761689244, 802893.1244584074, 802893.1244584074, 802893.1244584074, 802893.1244584074, 802893.1244584074, 802893.1244584074, 802893.1244584074, 802893.1244584074, 802893.1244584074, 802893.1244584074, 802893.1244584074, 802893.1244584074, 802893.1244584074, 802893.1244584074, 802893.1244584074, 802893.1244584074, 802893.1244584074, 802893.1244584074, 802893.1244584074, 802893.1244584074, 802893.1244584074, 802893.1244584074, 802893.1244584074, 802893.1244584074, 802893.1244584074, 802893.1244584074, 802893.1244584074, 802893.1244584074, 802893.1244584074, 802893.1244584074, 802893.1244584074, 810324.0, 810324.0, 810324.0, 810324.0, 810324.0, 810324.0, 810324.0, 810324.0, 810324.0, 810324.0, 810324.0, 810324.0, 810324.0, 810324.0, 810324.0, 810324.0, 810324.0, 810324.0, 810324.0, 810324.0, 810324.0, 810324.0, 810324.0, 810324.0, 810324.0, 810324.0, 810324.0, 810324.0, 810324.0, 810324.0, 810324.0, 810324.0, 810324.0, 810324.0, 810324.0, 810324.0, 810324.0, 810324.0, 810324.0, 810324.0, 810324.0, 810324.0, 810324.0, 810324.0, 810324.0, 810324.0, 810324.0, 810324.0, 810324.0, 810324.0, 810324.0, 810324.0, 810324.0, 810324.0, 810324.0, 810324.0, 810324.0, 810324.0, 810324.0, 810324.0, 810324.0, 810324.0, 810324.0, 810324.0, 810324.0, 810324.0, 810324.0, 810324.0, 810324.0, 810324.0, 810324.0, 810324.0, 810324.0, 810324.0, 810324.0, 810324.0, 810324.0, 810324.0, 810324.0, 810324.0, 810324.0, 810324.0, 810324.0, 810324.0, 810324.0, 810324.0, 810324.0, 810324.0, 810324.0, 810324.0, 810324.0, 810324.0, 810324.0, 810324.0, 810324.0, 810324.0, 810324.0, 810324.0, 810324.0, 810324.0, 810324.0, 810324.0, 810324.0, 810324.0, 810324.0, 810324.0, 809075.294131009, 809075.294131009, 809075.294131009, 809075.294131009, 809075.294131009, 809075.294131009, 809075.294131009, 809075.294131009, 809075.294131009, 809075.294131009, 809075.294131009, 809075.294131009, 809075.294131009, 809075.294131009, 809075.294131009, 809075.294131009, 809075.294131009, 809075.294131009, 809075.294131009, 809075.294131009, 809075.294131009, 809075.294131009, 809075.294131009, 809075.294131009, 809075.294131009, 809075.294131009, 809075.294131009, 809075.294131009, 809075.294131009, 809075.294131009, 809075.294131009, 809075.294131009, 809075.294131009, 810324.0, 810324.0, 810324.0, 810324.0, 810324.0, 810324.0, 810324.0, 810324.0, 810324.0, 810324.0, 810324.0, 810324.0, 810324.0, 810324.0, 810324.0, 810324.0, 810324.0, 810324.0, 810324.0, 810324.0, 810324.0, 810324.0, 810324.0, 810324.0, 810324.0, 810324.0, 810324.0, 810324.0, 810324.0, 810324.0, 810324.0, 810324.0, 810324.0, 810324.0, 810324.0, 810324.0, 810324.0, 810324.0, 810324.0, 810324.0, 810324.0, 810324.0, 810324.0, 810324.0, 810324.0, 810324.0, 810324.0, 810324.0, 810324.0, 810324.0, 810324.0, 810324.0, 810324.0, 810324.0, 810324.0, 810324.0, 810324.0, 796013.6492783886, 796013.6492783886, 796013.6492783886, 796013.6492783886, 796013.6492783886, 796013.6492783886, 796013.6492783886, 796013.6492783886, 796013.6492783886, 796013.6492783886, 796013.6492783886, 796013.6492783886, 796013.6492783886, 796013.6492783886, 796013.6492783886, 796013.6492783886, 796013.6492783886, 796013.6492783886, 796013.6492783886, 796013.6492783886, 796013.6492783886, 796013.6492783886, 796013.6492783886, 796013.6492783886, 796013.6492783886, 796013.6492783886, 796013.6492783886, 796013.6492783886, 796013.6492783886, 796013.6492783886, 796013.6492783886, 796013.6492783886, 796013.6492783886, 796013.6492783886, 796013.6492783886, 796013.6492783886, 796013.6492783886, 796013.6492783886, 810324.0, 810324.0, 810324.0, 810324.0, 810324.0, 810324.0, 810324.0, 810324.0, 810324.0, 810324.0, 810324.0, 810324.0, 810324.0, 810324.0, 810324.0, 810324.0, 810324.0, 810324.0, 810324.0, 810324.0, 810324.0, 810324.0, 810324.0, 810324.0, 810324.0, 810324.0, 810324.0, 810324.0, 810324.0, 810324.0, 810324.0, 810324.0, 810324.0, 810324.0, 810324.0, 810324.0, 810324.0, 810324.0, 810324.0, 810324.0, 810324.0, 810324.0, 810324.0, 810324.0, 810324.0, 810324.0, 810324.0, 810324.0, 810324.0, 810324.0, 810324.0, 810324.0, 810324.0, 810324.0, 810324.0, 810324.0, 810324.0, 810324.0, 810324.0, 810324.0, 810324.0, 810324.0, 810324.0, 810324.0, 810324.0, 810324.0, 810324.0, 810324.0, 810324.0, 810324.0, 810324.0, 810324.0, 810324.0, 810324.0, 810324.0, 810324.0, 810324.0, 810324.0, 810324.0, 810324.0, 810324.0, 810324.0, 810324.0, 810324.0, 810324.0, 810324.0, 810324.0, 810324.0, 810324.0, 810324.0, 810324.0, 810324.0, 810324.0, 810324.0, 810324.0, 810324.0, 810324.0, 810324.0, 810324.0, 810324.0, 810324.0, 810324.0, 810324.0, 810324.0, 810324.0, 810324.0, 810324.0, 810324.0, 810324.0, 810324.0, 810324.0, 810324.0, 810324.0, 810324.0, 810324.0, 810324.0, 810324.0, 810324.0, 810324.0, 810324.0, 810324.0, 810324.0, 810324.0, 810324.0, 810324.0, 810324.0, 810324.0, 810324.0, 810324.0, 810324.0, 810324.0, 810324.0, 810324.0, 810324.0, 810324.0, 810324.0, 810324.0, 810324.0, 810324.0, 810324.0, 810324.0, 810324.0, 810324.0, 810324.0, 810324.0, 810324.0, 810324.0, 810324.0, 810324.0, 810324.0, 810324.0, 810324.0, 810324.0, 810324.0, 810324.0, 810324.0, 810324.0, 810324.0, 810324.0, 810324.0, 810324.0, 810324.0, 810324.0, 810324.0, 810324.0, 810324.0, 810324.0, 810324.0, 810324.0, 810324.0, 810324.0, 810324.0, 810324.0, 810324.0, 810324.0, 810324.0, 810324.0, 810324.0, 810324.0, 810324.0, 810324.0, 810324.0, 810324.0, 810324.0, 810324.0, 810324.0, 810324.0, 810324.0, 810324.0, 810324.0, 810324.0, 810324.0, 810324.0, 810324.0, 810324.0, 810324.0, 810324.0, 810324.0, 810324.0, 810324.0, 810324.0, 810324.0, 810324.0, 810324.0, 810324.0, 810324.0, 810324.0, 810324.0, 810324.0, 810324.0, 810324.0, 810324.0, 810324.0, 810324.0, 810324.0, 810324.0, 810324.0, 810324.0, 810324.0, 810324.0, 810324.0, 810324.0, 810324.0, 810324.0, 810324.0, 810324.0, 810324.0, 810324.0, 810324.0, 810324.0, 810324.0, 810324.0, 810324.0, 810324.0, 810324.0, 791348.8223695275, 791348.8223695275, 791348.8223695275, 791348.8223695275, 791348.8223695275, 791348.8223695275, 791348.8223695275, 791348.8223695275, 791348.8223695275, 791348.8223695275, 791348.8223695275, 791348.8223695275, 791348.8223695275, 791348.8223695275, 791348.8223695275, 791348.8223695275, 791348.8223695275, 791348.8223695275, 791348.8223695275, 791348.8223695275, 791348.8223695275, 791348.8223695275, 791348.8223695275, 791348.8223695275, 791348.8223695275, 791348.8223695275, 791348.8223695275, 788919.6746599686, 788919.6746599686, 788919.6746599686, 788919.6746599686, 794701.583107527, 795284.4986461791, 808221.2615556517, 808221.2615556517, 808221.2615556517, 808221.2615556517, 808221.2615556517, 808224.3440462749, 808224.3440462749, 810324.0, 810324.0, 810324.0, 810324.0, 810324.0, 810324.0, 810324.0, 810324.0, 810324.0, 810324.0, 810324.0, 810324.0, 810324.0, 810324.0, 810324.0, 810324.0, 810324.0, 810324.0, 810324.0, 810324.0, 810324.0, 810324.0, 810324.0, 810324.0, 810324.0, 810324.0, 810324.0, 810324.0, 810324.0, 810324.0, 810324.0, 810324.0, 810324.0, 810324.0, 810324.0, 810324.0, 810324.0, 810324.0, 810324.0, 810324.0, 810324.0, 810324.0, 810324.0, 810324.0, 810324.0, 810324.0, 810324.0, 810324.0, 810324.0, 810324.0, 810324.0, 810324.0, 810324.0, 810324.0, 810324.0, 810324.0, 810324.0, 810324.0, 810324.0, 810324.0, 810324.0, 810324.0, 810324.0, 810324.0, 810324.0, 810324.0, 810324.0, 810324.0, 810324.0, 810324.0, 810324.0, 810324.0, 810324.0, 810324.0, 810324.0, 810324.0, 810324.0, 810324.0, 810324.0, 810324.0, 810324.0, 810324.0, 810324.0, 810324.0, 810324.0, 810324.0, 810324.0, 810324.0, 810324.0, 810324.0, 810324.0, 810324.0, 810324.0, 810324.0, 810324.0, 810324.0, 807276.8499631074, 807276.8499631074, 807276.8499631074, 807276.8499631074, 807276.8499631074, 807276.8499631074, 807276.8499631074, 807276.8499631074, 807276.8499631074, 807276.8499631074, 807276.8499631074, 807276.8499631074, 807276.8499631074, 807276.8499631074, 807276.8499631074, 807276.8499631074, 807276.8499631074, 807276.8499631074, 807276.8499631074, 807276.8499631074, 807276.8499631074, 807276.8499631074, 807276.8499631074, 807276.8499631074, 807276.8499631074, 807276.8499631074, 807276.8499631074, 807276.8499631074, 807276.8499631074, 807276.8499631074, 807276.8499631074, 807276.8499631074, 807276.8499631074, 807276.8499631074, 807276.8499631074, 807276.8499631074, 807276.8499631074, 807276.8499631074, 807276.8499631074, 809592.2037828546, 809592.2037828546, 810308.0531845611, 810324.0, 810324.0, 810324.0, 810324.0, 810324.0, 810324.0, 810324.0, 810324.0, 810324.0, 810324.0, 810324.0, 810324.0, 810324.0, 810324.0, 810324.0, 810324.0, 810324.0, 810324.0, 810324.0, 810324.0, 810324.0, 810324.0, 810324.0, 810324.0, 810324.0, 810324.0, 810324.0, 810324.0, 810324.0, 810324.0, 810324.0, 810324.0, 810324.0, 810324.0, 810324.0, 810324.0, 810324.0, 810324.0, 810324.0, 810324.0, 810324.0, 810324.0, 810324.0, 810324.0, 810324.0, 810324.0, 810324.0, 810324.0, 810324.0, 810324.0, 
